2.220000000000000195e+00,2.250000000000000000e+00,4.799999999999999822e-01,1.290000000000000036e+00,1.379999999999999893e+00,2.149999999999999911e+00,2.649999999999999911e+00,2.379999999999999893e+00,0.000000000000000000e+00,0.000000000000000000e+00,1.699999999999999956e+00,0.000000000000000000e+00,5.349999999999999645e+00,8.199999999999999512e-01,1.689999999999999947e+00,0.000000000000000000e+00,0.000000000000000000e+00,2.859999999999999876e+00,3.649999999999999911e+00,0.000000000000000000e+00,0.000000000000000000e+00,5.500000000000000444e-01,1.530000000000000027e+00,1.100000000000000089e+00,9.599999999999999645e-01,2.240000000000000213e+00,2.099999999999999922e-01,0.000000000000000000e+00,2.500000000000000000e-01,2.740000000000000213e+00,8.060000000000000497e+00,1.770000000000000018e+00,3.900000000000000133e-01,0.000000000000000000e+00,5.750000000000000000e+00,2.740000000000000213e+00,3.569999999999999840e+00,3.069999999999999840e+00,1.770000000000000018e+00,0.000000000000000000e+00,1.459999999999999964e+00,2.029999999999999805e+00,6.299999999999999822e+00,6.839999999999999858e+00,1.989999999999999991e+00,0.000000000000000000e+00,0.000000000000000000e+00,2.899999999999999911e+00,1.002999999999999936e+01,6.809999999999999609e+00,6.959999999999999964e+00,1.209999999999999964e+00,1.750000000000000000e+00,8.019999999999999574e+00,8.199999999999999512e-01,2.200000000000000178e+00,1.290000000000000036e+00,1.000000000000000000e+00,3.609999999999999876e+00,0.000000000000000000e+00,2.200000000000000178e+00,1.649999999999999911e+00,7.600000000000000089e-01,1.000000000000000021e-02,1.600000000000000033e-01,2.470000000000000195e+00,4.919999999999999929e+00,2.459999999999999964e+00,1.439999999999999947e+00,8.429999999999999716e+00,0.000000000000000000e+00,3.620000000000000107e+00,5.790000000000000036e+00,9.869999999999999218e+00,4.009999999999999787e+00,2.149999999999999911e+00,2.040000000000000036e+00,1.020000000000000018e+00,2.799999999999999822e+00,2.270000000000000018e+00,0.000000000000000000e+00,5.580000000000000071e+00,5.589999999999999858e+00,1.550000000000000044e+00,1.689999999999999947e+00,2.870000000000000107e+00,5.490000000000000213e+00,4.910000000000000142e+00,0.000000000000000000e+00,4.700000000000000178e+00,2.950000000000000178e+00,2.390000000000000124e+00,0.000000000000000000e+00,0.000000000000000000e+00,1.909999999999999920e+00,2.479999999999999982e+00,3.339999999999999858e+00,1.810000000000000053e+00,4.589999999999999858e+00,1.090000000000000080e+00,1.780000000000000027e+00,0.000000000000000000e+00,2.580000000000000071e+00,1.050000000000000044e+00,4.349999999999999645e+00,3.189999999999999947e+00,0.000000000000000000e+00,4.950000000000000178e+00,4.099999999999999645e+00,1.639999999999999902e+00,7.490000000000000213e+00,0.000000000000000000e+00,2.040000000000000036e+00,1.909999999999999920e+00,4.150000000000000355e+00,4.500000000000000111e-01,5.959999999999999964e+00,1.481000000000000050e+01,2.689999999999999947e+00,3.169999999999999929e+00,3.479999999999999982e+00,0.000000000000000000e+00,6.370000000000000107e+00,1.389999999999999902e+00,3.109999999999999876e+00,0.000000000000000000e+00,2.649999999999999911e+00,0.000000000000000000e+00,5.500000000000000000e+00,5.200000000000000178e-01,1.409999999999999920e+00,4.509999999999999787e+00,4.400000000000000355e+00,1.610000000000000098e+00,6.110000000000000320e+00,7.139999999999999680e+00,0.000000000000000000e+00,0.000000000000000000e+00,0.000000000000000000e+00,4.179999999999999716e+00,3.240000000000000213e+00,2.680000000000000160e+00,8.699999999999999956e-01,2.729999999999999982e+00,3.520000000000000018e+00,2.810000000000000053e+00,3.620000000000000107e+00,3.939999999999999947e+00,3.069999999999999840e+00,3.439999999999999947e+00,1.060000000000000053e+00,9.939999999999999503e+00,2.339999999999999858e+00,2.810000000000000053e+00,4.780000000000000249e+00,2.009999999999999787e+00,4.490000000000000213e+00,5.240000000000000213e+00,1.739999999999999991e+00,1.929999999999999938e+00,9.799999999999999822e-01,5.879999999999999893e+00,6.610000000000000320e+00,0.000000000000000000e+00,2.049999999999999822e+00,1.800000000000000044e+00,3.400000000000000244e-01,5.660000000000000142e+00,3.470000000000000195e+00,3.350000000000000089e+00,2.259999999999999787e+00,1.400000000000000133e-01,0.000000000000000000e+00,0.000000000000000000e+00,4.839999999999999858e+00,3.759999999999999787e+00,2.040000000000000036e+00,0.000000000000000000e+00,8.199999999999999512e-01,2.640000000000000124e+00,2.790000000000000036e+00,2.300000000000000100e-01,3.580000000000000071e+00,2.299999999999999822e+00,9.470000000000000639e+00,1.709999999999999964e+00,0.000000000000000000e+00,3.229999999999999982e+00,2.680000000000000160e+00,2.129999999999999893e+00
6.600000000000000311e-01,2.080000000000000071e+00,8.369999999999999218e+00,1.000999999999999979e+01,1.878999999999999915e+01,0.000000000000000000e+00,5.400000000000000355e-01,7.000000000000000666e-02,1.499999999999999944e-01,1.879999999999999893e+00,0.000000000000000000e+00,2.819999999999999840e+00,0.000000000000000000e+00,4.699999999999999734e-01,1.379999999999999893e+00,0.000000000000000000e+00,1.229999999999999982e+00,0.000000000000000000e+00,0.000000000000000000e+00,0.000000000000000000e+00,2.529999999999999805e+00,1.979999999999999982e+00,1.449999999999999956e+00,2.040000000000000036e+00,2.359999999999999876e+00,1.600000000000000089e+00,1.060000000000000053e+00,0.000000000000000000e+00,0.000000000000000000e+00,0.000000000000000000e+00,0.000000000000000000e+00,0.000000000000000000e+00,0.000000000000000000e+00,0.000000000000000000e+00,0.000000000000000000e+00,0.000000000000000000e+00,0.000000000000000000e+00,0.000000000000000000e+00,0.000000000000000000e+00,5.000000000000000278e-02,6.660000000000000142e+00,1.300000000000000044e+00,1.080000000000000071e+00,7.399999999999999911e-01,0.000000000000000000e+00,1.340000000000000080e+00,0.000000000000000000e+00,0.000000000000000000e+00,0.000000000000000000e+00,0.000000000000000000e+00,2.419999999999999929e+00,1.149999999999999911e+00,0.000000000000000000e+00,3.950000000000000178e+00,0.000000000000000000e+00,0.000000000000000000e+00,0.000000000000000000e+00,0.000000000000000000e+00,0.000000000000000000e+00,0.000000000000000000e+00,0.000000000000000000e+00,0.000000000000000000e+00,0.000000000000000000e+00,6.099999999999999867e-01,9.100000000000000311e-01,2.939999999999999947e+00,0.000000000000000000e+00,5.099999999999999645e+00,4.969999999999999751e+00,0.000000000000000000e+00,0.000000000000000000e+00,0.000000000000000000e+00,0.000000000000000000e+00,5.750000000000000000e+00,1.300000000000000044e-01,0.000000000000000000e+00,3.310000000000000053e+00,2.200000000000000011e-01,1.820000000000000062e+00,3.699999999999999956e-01,4.600000000000000200e-01,5.259999999999999787e+00,0.000000000000000000e+00,0.000000000000000000e+00,0.000000000000000000e+00,5.600000000000000533e-01,0.000000000000000000e+00,7.299999999999999822e-01,1.939999999999999947e+00,1.679999999999999938e+00,0.000000000000000000e+00,0.000000000000000000e+00,1.310000000000000053e+00,3.099999999999999978e-01,6.800000000000000488e-01,5.100000000000000089e-01,6.700000000000000400e-01,0.000000000000000000e+00,0.000000000000000000e+00,0.000000000000000000e+00,4.990000000000000213e+00,3.939999999999999947e+00,4.419999999999999929e+00,3.500000000000000000e+00,1.679999999999999938e+00,0.000000000000000000e+00,5.849999999999999645e+00,2.399999999999999911e+00,0.000000000000000000e+00,0.000000000000000000e+00,2.758999999999999986e+01,0.000000000000000000e+00,5.799999999999999600e-01,5.000000000000000000e-01,0.000000000000000000e+00,1.010000000000000009e+00,2.370000000000000107e+00,0.000000000000000000e+00,0.000000000000000000e+00,0.000000000000000000e+00,0.000000000000000000e+00,0.000000000000000000e+00,1.400000000000000133e-01,0.000000000000000000e+00,0.000000000000000000e+00,1.083000000000000007e+01,0.000000000000000000e+00,4.899999999999999911e-01,7.830000000000000071e+00,3.330000000000000071e+00,4.600000000000000200e-01,2.899999999999999911e+00,0.000000000000000000e+00,0.000000000000000000e+00,0.000000000000000000e+00,8.699999999999999956e-01,2.800000000000000266e-01,2.600000000000000089e-01,0.000000000000000000e+00,0.000000000000000000e+00,2.040000000000000036e+00,8.619999999999999218e+00,2.290000000000000036e+00,3.020000000000000018e+00,3.189999999999999947e+00,1.550000000000000044e+00,1.709999999999999964e+00,1.310000000000000053e+00,4.400000000000000355e+00,5.599999999999999645e+00,1.050000000000000000e+01,0.000000000000000000e+00,0.000000000000000000e+00,0.000000000000000000e+00,0.000000000000000000e+00,1.499999999999999944e-01,1.400000000000000133e-01,2.540000000000000036e+00,2.049999999999999822e+00,0.000000000000000000e+00,1.080000000000000071e+00,2.000000000000000000e+00,2.899999999999999800e-01,2.800000000000000266e-01,3.300000000000000155e-01,0.000000000000000000e+00,8.699999999999999956e-01,7.800000000000000266e-01,0.000000000000000000e+00,0.000000000000000000e+00,7.800000000000000266e-01,0.000000000000000000e+00,0.000000000000000000e+00,0.000000000000000000e+00,0.000000000000000000e+00,0.000000000000000000e+00,0.000000000000000000e+00,6.450000000000000178e+00,1.770000000000000018e+00,0.000000000000000000e+00,2.790000000000000036e+00,0.000000000000000000e+00,3.499999999999999778e-01,0.000000000000000000e+00,1.709999999999999964e+00,1.550000000000000044e+00,3.470000000000000195e+00,5.999999999999999778e-02,0.000000000000000000e+00,2.819999999999999840e+00
8.199999999999999512e-01,4.080000000000000071e+00,5.200000000000000178e-01,0.000000000000000000e+00,9.799999999999999822e-01,0.000000000000000000e+00,1.040000000000000036e+00,0.000000000000000000e+00,2.999999999999999889e-02,0.000000000000000000e+00,0.000000000000000000e+00,1.840000000000000080e+00,0.000000000000000000e+00,1.739999999999999991e+00,1.379999999999999893e+00,0.000000000000000000e+00,5.400000000000000355e-01,5.600000000000000533e-01,5.300000000000000266e-01,1.370000000000000107e+00,8.699999999999999956e-01,0.000000000000000000e+00,2.660000000000000142e+00,3.699999999999999956e-01,0.000000000000000000e+00,1.830000000000000071e+00,6.500000000000000222e-01,0.000000000000000000e+00,0.000000000000000000e+00,0.000000000000000000e+00,0.000000000000000000e+00,0.000000000000000000e+00,0.000000000000000000e+00,4.370000000000000107e+00,0.000000000000000000e+00,0.000000000000000000e+00,2.399999999999999911e-01,0.000000000000000000e+00,0.000000000000000000e+00,4.299999999999999933e-01,5.450000000000000178e+00,1.316999999999999993e+01,0.000000000000000000e+00,0.000000000000000000e+00,0.000000000000000000e+00,8.699999999999999956e-01,0.000000000000000000e+00,4.799999999999999822e-01,1.629999999999999893e+00,0.000000000000000000e+00,2.879999999999999893e+00,6.500000000000000222e-01,0.000000000000000000e+00,3.990000000000000213e+00,7.500000000000000000e-01,0.000000000000000000e+00,0.000000000000000000e+00,0.000000000000000000e+00,5.699999999999999512e-01,0.000000000000000000e+00,1.169999999999999929e+00,2.970000000000000195e+00,0.000000000000000000e+00,1.330000000000000071e+00,0.000000000000000000e+00,1.120000000000000107e+00,2.279999999999999805e+00,1.750000000000000000e+00,7.299999999999999822e-01,1.110000000000000098e+00,0.000000000000000000e+00,0.000000000000000000e+00,5.200000000000000178e-01,1.540000000000000036e+00,2.669999999999999929e+00,0.000000000000000000e+00,3.509999999999999787e+00,3.400000000000000244e-01,7.800000000000000266e-01,0.000000000000000000e+00,1.100000000000000089e+00,1.912999999999999901e+01,4.160000000000000142e+00,1.149999999999999911e+00,6.199999999999999956e-01,5.999999999999999778e-02,7.900000000000000355e+00,5.899999999999999689e-01,1.340000000000000080e+00,3.209999999999999964e+00,0.000000000000000000e+00,1.030000000000000027e+00,3.300000000000000155e-01,0.000000000000000000e+00,2.370000000000000107e+00,0.000000000000000000e+00,2.790000000000000036e+00,0.000000000000000000e+00,0.000000000000000000e+00,0.000000000000000000e+00,1.209999999999999964e+00,8.900000000000000133e-01,8.000000000000000444e-01,1.070000000000000062e+00,0.000000000000000000e+00,0.000000000000000000e+00,1.000000000000000000e+00,1.149999999999999911e+00,1.020000000000000018e+00,3.020000000000000018e+00,6.280000000000000249e+00,7.299999999999999822e-01,4.580000000000000071e+00,0.000000000000000000e+00,7.900000000000000355e-01,1.500000000000000000e+00,2.689999999999999947e+00,0.000000000000000000e+00,0.000000000000000000e+00,0.000000000000000000e+00,0.000000000000000000e+00,1.400000000000000133e-01,3.970000000000000195e+00,0.000000000000000000e+00,0.000000000000000000e+00,6.440000000000000391e+00,9.100000000000000311e-01,1.199999999999999956e-01,4.864000000000000057e+01,1.135999999999999943e+01,1.080000000000000071e+00,2.729999999999999982e+00,0.000000000000000000e+00,1.179999999999999938e+00,0.000000000000000000e+00,1.900000000000000022e-01,0.000000000000000000e+00,0.000000000000000000e+00,1.400000000000000133e-01,1.570000000000000062e+00,4.400000000000000022e-01,2.290000000000000036e+00,4.199999999999999845e-01,4.000000000000000083e-02,1.080000000000000071e+00,2.200000000000000011e-01,6.600000000000000311e-01,2.000000000000000111e-01,2.330000000000000071e+00,1.199999999999999956e+00,8.100000000000000533e-01,2.200000000000000011e-01,0.000000000000000000e+00,0.000000000000000000e+00,1.701000000000000156e+01,0.000000000000000000e+00,0.000000000000000000e+00,1.830000000000000071e+00,5.300000000000000266e-01,0.000000000000000000e+00,3.599999999999999867e-01,0.000000000000000000e+00,8.999999999999999667e-02,0.000000000000000000e+00,0.000000000000000000e+00,3.200000000000000067e-01,0.000000000000000000e+00,0.000000000000000000e+00,3.699999999999999956e-01,0.000000000000000000e+00,9.230000000000000426e+00,3.499999999999999778e-01,0.000000000000000000e+00,0.000000000000000000e+00,4.040000000000000036e+00,0.000000000000000000e+00,0.000000000000000000e+00,1.700000000000000122e-01,0.000000000000000000e+00,1.479999999999999982e+00,1.090000000000000080e+00,0.000000000000000000e+00,0.000000000000000000e+00,0.000000000000000000e+00,3.699999999999999956e-01,2.140000000000000124e+00,1.530000000000000027e+00,0.000000000000000000e+00,2.000000000000000111e-01,9.300000000000000488e-01
2.850000000000000089e+00,3.069999999999999840e+00,5.200000000000000178e-01,7.399999999999999911e-01,1.229999999999999982e+00,2.779999999999999805e+00,7.339999999999999858e+00,4.019999999999999574e+00,3.089999999999999858e+00,0.000000000000000000e+00,1.341000000000000014e+01,0.000000000000000000e+00,8.210000000000000853e+00,1.909999999999999920e+00,3.959999999999999964e+00,2.300000000000000100e-01,0.000000000000000000e+00,0.000000000000000000e+00,3.300000000000000155e-01,1.120000000000000107e+00,3.100000000000000089e+00,5.849999999999999645e+00,7.600000000000000089e-01,2.979999999999999982e+00,4.199999999999999845e-01,2.410000000000000142e+00,1.120000000000000107e+00,3.450000000000000178e+00,9.499999999999999556e-01,1.290000000000000036e+00,0.000000000000000000e+00,1.340000000000000080e+00,2.410000000000000142e+00,7.169999999999999929e+00,4.440000000000000391e+00,1.570000000000000062e+00,1.689999999999999947e+00,1.159999999999999920e+00,9.300000000000000488e-01,5.500000000000000444e-01,7.600000000000000089e-01,1.300000000000000044e+00,3.399999999999999911e+00,2.600000000000000089e+00,9.599999999999999645e-01,1.290000000000000036e+00,0.000000000000000000e+00,3.770000000000000018e+00,6.860000000000000320e+00,7.740000000000000213e+00,4.200000000000000178e+00,3.209999999999999964e+00,8.900000000000000133e-01,1.272000000000000064e+01,2.100000000000000089e+00,1.760000000000000009e+00,1.459999999999999964e+00,5.599999999999999645e+00,9.539999999999999147e+00,6.199999999999999956e-01,3.209999999999999964e+00,2.439999999999999947e+00,5.000000000000000278e-02,1.270000000000000018e+00,2.729999999999999982e+00,2.000000000000000000e+00,2.910000000000000142e+00,2.640000000000000124e+00,2.720000000000000195e+00,4.759999999999999787e+00,1.489999999999999991e+00,4.000000000000000000e+00,1.449999999999999956e+00,3.140000000000000124e+00,4.669999999999999929e+00,9.399999999999999467e-01,3.060000000000000053e+00,2.600000000000000089e+00,4.049999999999999822e+00,2.049999999999999822e+00,8.800000000000000044e-01,5.299999999999999822e+00,2.509999999999999787e+00,2.107999999999999829e+01,4.730000000000000426e+00,2.819999999999999840e+00,6.740000000000000213e+00,8.089999999999999858e+00,1.469999999999999973e+00,2.509999999999999787e+00,5.519999999999999574e+00,0.000000000000000000e+00,0.000000000000000000e+00,3.080000000000000071e+00,3.640000000000000124e+00,3.919999999999999929e+00,7.299999999999999822e-01,6.600000000000000311e-01,7.399999999999999911e-01,6.500000000000000222e-01,1.860000000000000098e+00,0.000000000000000000e+00,5.799999999999999600e-01,1.900000000000000022e-01,3.700000000000000178e+00,8.699999999999999956e-01,8.810000000000000497e+00,4.559999999999999609e+00,3.029999999999999805e+00,1.209999999999999964e+00,3.397999999999999687e+01,0.000000000000000000e+00,2.080000000000000071e+00,1.659999999999999920e+00,2.879999999999999893e+00,0.000000000000000000e+00,4.199999999999999845e-01,3.140000000000000124e+00,3.430000000000000160e+00,1.179999999999999938e+00,5.870000000000000107e+00,7.780000000000000249e+00,7.600000000000000089e-01,0.000000000000000000e+00,2.140000000000000124e+00,0.000000000000000000e+00,0.000000000000000000e+00,0.000000000000000000e+00,8.080000000000000071e+00,2.149999999999999911e+00,2.200000000000000178e+00,2.209999999999999964e+00,2.370000000000000107e+00,0.000000000000000000e+00,5.280000000000000249e+00,4.379999999999999893e+00,2.399999999999999911e-01,5.100000000000000089e-01,0.000000000000000000e+00,2.979999999999999982e+00,2.459999999999999964e+00,7.179999999999999716e+00,1.260000000000000009e+00,1.810000000000000053e+00,6.700000000000000400e-01,2.779999999999999805e+00,2.020000000000000018e+00,3.479999999999999982e+00,1.275999999999999979e+01,1.257000000000000028e+01,3.367999999999999972e+01,3.970000000000000195e+00,3.759999999999999787e+00,1.050000000000000044e+00,2.039000000000000057e+01,7.392000000000000171e+01,7.703000000000000114e+01,7.099999999999999645e+00,3.939999999999999947e+00,2.259999999999999787e+00,2.399999999999999911e+00,6.160000000000000142e+00,1.071000000000000085e+01,1.040000000000000036e+00,2.410000000000000142e+00,2.120000000000000107e+00,3.000000000000000000e+00,1.330000000000000071e+00,4.019999999999999574e+00,5.769999999999999574e+00,1.296000000000000085e+01,1.120000000000000107e+00,0.000000000000000000e+00,2.000000000000000042e-02,2.649999999999999911e+00,3.290000000000000036e+00,3.560000000000000053e+00,2.430000000000000160e+00,0.000000000000000000e+00,2.810000000000000053e+00,3.020000000000000018e+00,2.910000000000000142e+00,1.350000000000000089e+00,1.350000000000000089e+00,5.259999999999999787e+00,2.759999999999999787e+00,8.999999999999999667e-02,3.609999999999999876e+00,1.657000000000000028e+01,3.080000000000000071e+00
0.000000000000000000e+00,0.000000000000000000e+00,0.000000000000000000e+00,0.000000000000000000e+00,5.999999999999999778e-02,0.000000000000000000e+00,0.000000000000000000e+00,3.040000000000000036e+00,0.000000000000000000e+00,0.000000000000000000e+00,5.100000000000000089e-01,0.000000000000000000e+00,1.969999999999999973e+00,1.500000000000000000e+00,1.409999999999999920e+00,0.000000000000000000e+00,0.000000000000000000e+00,0.000000000000000000e+00,6.899999999999999467e-01,5.200000000000000178e-01,3.900000000000000133e-01,8.900000000000000133e-01,0.000000000000000000e+00,1.219999999999999973e+00,2.060000000000000053e+00,1.989999999999999991e+00,2.500000000000000000e-01,0.000000000000000000e+00,0.000000000000000000e+00,0.000000000000000000e+00,1.149999999999999911e+00,8.499999999999999778e-01,8.199999999999999512e-01,1.310000000000000053e+00,0.000000000000000000e+00,1.247000000000000064e+01,3.099999999999999978e-01,3.499999999999999778e-01,0.000000000000000000e+00,0.000000000000000000e+00,2.009999999999999787e+00,1.300000000000000044e+00,1.540000000000000036e+00,7.800000000000000266e-01,2.300000000000000100e-01,3.800000000000000044e-01,0.000000000000000000e+00,0.000000000000000000e+00,3.499999999999999778e-01,7.800000000000000266e-01,3.089999999999999858e+00,2.700000000000000178e-01,0.000000000000000000e+00,1.900000000000000022e-01,3.410000000000000142e+00,0.000000000000000000e+00,6.459999999999999964e+00,0.000000000000000000e+00,1.590000000000000080e+00,0.000000000000000000e+00,2.600000000000000089e-01,1.159999999999999920e+00,9.000000000000000222e-01,3.060000000000000053e+00,9.200000000000000400e-01,1.489999999999999991e+00,9.499999999999999556e-01,1.969999999999999973e+00,1.600000000000000089e+00,2.180000000000000160e+00,0.000000000000000000e+00,1.300000000000000044e+00,0.000000000000000000e+00,1.000000000000000056e-01,4.969999999999999751e+00,0.000000000000000000e+00,4.730000000000000426e+00,2.899999999999999800e-01,0.000000000000000000e+00,5.699999999999999512e-01,0.000000000000000000e+00,0.000000000000000000e+00,0.000000000000000000e+00,0.000000000000000000e+00,3.099999999999999978e-01,1.090000000000000080e+00,3.300000000000000155e-01,1.399999999999999911e+00,1.360000000000000098e+00,2.069999999999999840e+00,0.000000000000000000e+00,1.364000000000000057e+01,3.800000000000000044e-01,1.830000000000000071e+00,6.448000000000000398e+01,4.400000000000000022e-01,0.000000000000000000e+00,0.000000000000000000e+00,2.141000000000000014e+01,2.800000000000000266e-01,1.879999999999999893e+00,1.600000000000000033e-01,1.340000000000000080e+00,1.100000000000000089e+00,2.120000000000000107e+00,8.599999999999999867e-01,0.000000000000000000e+00,1.199999999999999956e+00,1.110000000000000098e+00,3.499999999999999778e-01,2.970000000000000195e+00,0.000000000000000000e+00,6.899999999999999467e-01,9.000000000000000222e-01,1.020000000000000018e+00,1.949999999999999956e+00,3.740000000000000213e+00,5.349999999999999645e+00,6.459999999999999964e+00,1.159999999999999920e+00,2.099999999999999922e-01,8.699999999999999956e-01,1.000000000000000056e-01,0.000000000000000000e+00,3.300000000000000155e-01,1.590000000000000080e+00,4.669999999999999929e+00,0.000000000000000000e+00,3.290000000000000036e+00,5.639999999999999680e+00,8.199999999999999512e-01,3.509999999999999787e+00,0.000000000000000000e+00,6.400000000000000133e-01,4.339999999999999858e+00,5.709999999999999964e+00,9.300000000000000488e-01,4.000000000000000222e-01,0.000000000000000000e+00,2.089999999999999858e+00,3.689999999999999947e+00,2.899999999999999800e-01,9.599999999999999645e-01,1.889999999999999902e+00,0.000000000000000000e+00,7.399999999999999911e-01,1.469999999999999973e+00,1.399999999999999911e+00,6.199999999999999956e-01,1.239999999999999991e+00,9.799999999999999822e-01,4.259999999999999787e+00,0.000000000000000000e+00,6.469999999999999751e+00,0.000000000000000000e+00,1.340000000000000080e+00,1.540000000000000036e+00,5.009999999999999787e+00,1.070000000000000062e+00,1.159999999999999920e+00,1.449999999999999956e+00,2.080000000000000071e+00,0.000000000000000000e+00,6.600000000000000311e-01,1.010000000000000009e+00,1.679999999999999938e+00,0.000000000000000000e+00,1.340000000000000080e+00,7.199999999999999734e-01,1.719999999999999973e+00,0.000000000000000000e+00,5.200000000000000178e-01,7.199999999999999734e-01,0.000000000000000000e+00,1.320000000000000062e+00,0.000000000000000000e+00,0.000000000000000000e+00,0.000000000000000000e+00,4.199999999999999845e-01,1.409999999999999920e+00,1.610000000000000098e+00,0.000000000000000000e+00,1.429999999999999938e+00,6.199999999999999956e-01,0.000000000000000000e+00,8.999999999999999667e-02,1.000000000000000000e+00,5.899999999999999689e-01,2.000000000000000111e-01,5.200000000000000178e-01
9.660000000000000142e+00,4.769999999999999574e+00,1.439999999999999947e+00,2.069999999999999840e+00,2.700000000000000178e+00,4.250000000000000000e+00,1.241999999999999993e+01,2.819999999999999929e+01,1.773000000000000043e+01,0.000000000000000000e+00,1.655999999999999872e+01,1.449999999999999956e+00,5.379999999999999893e+00,3.710999999999999943e+01,5.365999999999999659e+01,1.870000000000000107e+00,1.229999999999999982e+00,6.030000000000000249e+00,1.828999999999999915e+01,1.209999999999999964e+00,1.120000000000000107e+00,1.989999999999999991e+00,1.590000000000000080e+00,2.459999999999999964e+00,4.099999999999999756e-01,3.640000000000000124e+00,1.860000000000000098e+00,6.660000000000000142e+00,5.490000000000000213e+00,1.001999999999999957e+01,6.910000000000000142e+00,2.200000000000000011e-01,2.390000000000000124e+00,6.259999999999999787e+00,7.280000000000000249e+00,3.319999999999999840e+00,3.259999999999999787e+00,2.020000000000000018e+00,2.680000000000000160e+00,3.500000000000000000e+00,1.770000000000000018e+00,2.020000000000000018e+00,6.139999999999999680e+00,2.500000000000000000e+00,2.399999999999999911e+00,3.740000000000000213e+00,9.060000000000000497e+00,8.089999999999999858e+00,1.517999999999999972e+01,1.398000000000000043e+01,5.990000000000000213e+00,4.740000000000000213e+00,8.299999999999999600e-01,8.789999999999999147e+00,6.669999999999999929e+00,2.709999999999999964e+00,1.211999999999999922e+01,8.859999999999997655e+00,9.710000000000000853e+00,2.000000000000000000e+00,1.516999999999999993e+01,3.310000000000000053e+00,3.029999999999999805e+00,2.676000000000000156e+01,3.379999999999999893e+00,3.094999999999999929e+01,1.384999999999999964e+01,4.959999999999999964e+00,4.259999999999999787e+00,1.619999999999999929e+01,2.200000000000000178e+00,4.299999999999999822e+00,3.439999999999999947e+00,4.252000000000000313e+01,5.139999999999999680e+00,3.689999999999999947e+00,0.000000000000000000e+00,2.839999999999999858e+00,3.779999999999999805e+00,2.720000000000000195e+00,5.190000000000000391e+00,2.564000000000000057e+01,5.419999999999999929e+00,2.326999999999999957e+01,2.551000000000000156e+01,4.000000000000000000e+00,2.044999999999999929e+01,3.779999999999999805e+00,8.650000000000000355e+00,5.754999999999999716e+01,1.979999999999999982e+00,2.790000000000000036e+00,3.599999999999999867e-01,1.050000000000000044e+00,4.480000000000000426e+00,3.109999999999999876e+00,2.500000000000000000e+00,1.600000000000000089e+00,3.379999999999999893e+00,6.999999999999999556e-01,3.685999999999999943e+01,2.592999999999999972e+01,4.957999999999999829e+01,3.485000000000000142e+01,1.639999999999999902e+00,3.539999999999999858e+01,5.940000000000000391e+00,4.367999999999999972e+01,1.166999999999999993e+01,4.175000000000000000e+01,0.000000000000000000e+00,0.000000000000000000e+00,1.318999999999999950e+01,2.580000000000000071e+00,6.679999999999999716e+00,3.330000000000000071e+00,4.849999999999999645e+00,3.169999999999999929e+00,5.480000000000000426e+00,1.500999999999999979e+01,1.289000000000000057e+01,1.452999999999999936e+01,6.879999999999999893e+00,9.899999999999999911e-01,4.629999999999999893e+00,4.219999999999999751e+00,3.870000000000000107e+00,9.100000000000000311e-01,5.986999999999999744e+01,4.527000000000000313e+01,5.589999999999999858e+00,4.521000000000000085e+01,4.940000000000000391e+00,0.000000000000000000e+00,3.160000000000000142e+00,2.669999999999999929e+00,7.099999999999999645e-01,9.000000000000000222e-01,0.000000000000000000e+00,1.000999999999999979e+01,5.839999999999999858e+00,2.290000000000000036e+00,1.330000000000000071e+00,2.709999999999999964e+00,1.770000000000000018e+00,2.919999999999999929e+00,3.970000000000000195e+00,4.750000000000000000e+00,4.299999999999999822e+00,3.459999999999999964e+00,1.340000000000000080e+00,1.196000000000000085e+01,4.419999999999999929e+00,5.230000000000000426e+00,1.817999999999999972e+01,3.620000000000000107e+00,5.730000000000000426e+00,2.741000000000000014e+01,5.570000000000000284e+00,3.370000000000000107e+00,5.019999999999999574e+00,3.930000000000000160e+00,8.160000000000000142e+00,3.140000000000000124e+00,3.140000000000000124e+00,2.339999999999999858e+00,2.959999999999999964e+00,4.429999999999999716e+00,1.610000000000000142e+01,2.194999999999999929e+01,3.540000000000000036e+00,2.069999999999999840e+00,0.000000000000000000e+00,7.199999999999999734e-01,3.553999999999999915e+01,1.726000000000000156e+01,2.232999999999999829e+01,0.000000000000000000e+00,6.493999999999999773e+01,7.940000000000000391e+00,5.629999999999999893e+00,6.019999999999999574e+00,2.208999999999999986e+01,5.999999999999999778e-01,5.839999999999999858e+00,1.078999999999999915e+01,0.000000000000000000e+00,4.940000000000000391e+00,8.669999999999999929e+00,0.000000000000000000e+00
0.000000000000000000e+00,0.000000000000000000e+00,0.000000000000000000e+00,0.000000000000000000e+00,0.000000000000000000e+00,0.000000000000000000e+00,1.409999999999999920e+00,7.600000000000000089e-01,2.109999999999999876e+00,4.099999999999999756e-01,0.000000000000000000e+00,0.000000000000000000e+00,0.000000000000000000e+00,7.399999999999999911e-01,1.300000000000000044e+00,2.140000000000000124e+00,2.600000000000000089e-01,0.000000000000000000e+00,7.299999999999999822e-01,6.700000000000000400e-01,5.300000000000000266e-01,0.000000000000000000e+00,2.439999999999999947e+00,9.200000000000000400e-01,0.000000000000000000e+00,3.599999999999999867e-01,2.529999999999999805e+00,0.000000000000000000e+00,3.599999999999999867e-01,0.000000000000000000e+00,1.120000000000000107e+00,0.000000000000000000e+00,0.000000000000000000e+00,0.000000000000000000e+00,0.000000000000000000e+00,0.000000000000000000e+00,0.000000000000000000e+00,0.000000000000000000e+00,0.000000000000000000e+00,0.000000000000000000e+00,0.000000000000000000e+00,5.600000000000000533e-01,0.000000000000000000e+00,0.000000000000000000e+00,0.000000000000000000e+00,7.229000000000002046e+01,0.000000000000000000e+00,0.000000000000000000e+00,0.000000000000000000e+00,0.000000000000000000e+00,0.000000000000000000e+00,0.000000000000000000e+00,6.209999999999999964e+00,1.000000000000000000e+02,0.000000000000000000e+00,0.000000000000000000e+00,0.000000000000000000e+00,0.000000000000000000e+00,4.000000000000000222e-01,5.400000000000000355e-01,2.540000000000000036e+00,0.000000000000000000e+00,0.000000000000000000e+00,1.100000000000000089e+00,7.000000000000000666e-02,1.790000000000000036e+00,0.000000000000000000e+00,1.949999999999999956e+00,1.439999999999999947e+00,0.000000000000000000e+00,0.000000000000000000e+00,0.000000000000000000e+00,0.000000000000000000e+00,0.000000000000000000e+00,2.890000000000000124e+00,0.000000000000000000e+00,0.000000000000000000e+00,0.000000000000000000e+00,1.000000000000000056e-01,0.000000000000000000e+00,0.000000000000000000e+00,0.000000000000000000e+00,0.000000000000000000e+00,3.400000000000000244e-01,1.159999999999999920e+00,4.000000000000000083e-02,1.100000000000000089e+00,0.000000000000000000e+00,5.200000000000000178e-01,0.000000000000000000e+00,8.399999999999999689e-01,1.510000000000000009e+00,0.000000000000000000e+00,0.000000000000000000e+00,2.099999999999999922e-01,0.000000000000000000e+00,1.000000000000000021e-02,0.000000000000000000e+00,0.000000000000000000e+00,0.000000000000000000e+00,3.300000000000000155e-01,0.000000000000000000e+00,0.000000000000000000e+00,4.299999999999999933e-01,0.000000000000000000e+00,1.330000000000000071e+00,5.139999999999999680e+00,0.000000000000000000e+00,1.010000000000000009e+00,4.000000000000000083e-02,2.899999999999999800e-01,7.500000000000000000e-01,9.200000000000000400e-01,1.139999999999999902e+00,1.700000000000000122e-01,0.000000000000000000e+00,0.000000000000000000e+00,0.000000000000000000e+00,0.000000000000000000e+00,0.000000000000000000e+00,0.000000000000000000e+00,3.370000000000000107e+00,2.279999999999999805e+00,0.000000000000000000e+00,0.000000000000000000e+00,3.430000000000000160e+00,0.000000000000000000e+00,1.659999999999999920e+00,2.169999999999999929e+00,2.180000000000000160e+00,0.000000000000000000e+00,2.109999999999999876e+00,0.000000000000000000e+00,1.409999999999999920e+00,0.000000000000000000e+00,2.899999999999999800e-01,0.000000000000000000e+00,0.000000000000000000e+00,0.000000000000000000e+00,0.000000000000000000e+00,2.290000000000000036e+00,3.099999999999999978e-01,5.400000000000000355e-01,0.000000000000000000e+00,1.560000000000000053e+00,2.569999999999999840e+00,1.010000000000000009e+00,1.000000000000000021e-02,0.000000000000000000e+00,0.000000000000000000e+00,0.000000000000000000e+00,1.179999999999999938e+00,1.709999999999999964e+00,0.000000000000000000e+00,2.439999999999999947e+00,0.000000000000000000e+00,0.000000000000000000e+00,1.379999999999999893e+00,0.000000000000000000e+00,0.000000000000000000e+00,7.399999999999999911e-01,1.400000000000000133e-01,0.000000000000000000e+00,0.000000000000000000e+00,0.000000000000000000e+00,0.000000000000000000e+00,0.000000000000000000e+00,0.000000000000000000e+00,0.000000000000000000e+00,0.000000000000000000e+00,1.000000000000000021e-02,0.000000000000000000e+00,0.000000000000000000e+00,0.000000000000000000e+00,9.300000000000000488e-01,1.560000000000000053e+00,2.399999999999999911e+00,2.700000000000000178e-01,0.000000000000000000e+00,2.330000000000000071e+00,4.099999999999999756e-01,0.000000000000000000e+00,7.500000000000000000e-01,0.000000000000000000e+00,5.509999999999999787e+00,8.000000000000000444e-01,1.260000000000000009e+00,0.000000000000000000e+00,1.729999999999999982e+00,0.000000000000000000e+00
4.709999999999999964e+00,5.900000000000000355e+00,5.699999999999999512e-01,1.489999999999999991e+00,1.750000000000000000e+00,3.919999999999999929e+00,7.349999999999999645e+00,3.220000000000000195e+00,3.450000000000000178e+00,0.000000000000000000e+00,3.040000000000000036e+00,0.000000000000000000e+00,1.178999999999999915e+01,1.939999999999999947e+00,3.020000000000000018e+00,1.399999999999999911e+00,0.000000000000000000e+00,3.399999999999999911e+00,3.459999999999999964e+00,3.499999999999999778e-01,0.000000000000000000e+00,0.000000000000000000e+00,2.240000000000000213e+00,2.589999999999999858e+00,8.299999999999999600e-01,3.319999999999999840e+00,1.969999999999999973e+00,3.350000000000000089e+00,1.540000000000000036e+00,2.669999999999999929e+00,2.589999999999999858e+00,6.460999999999999943e+01,2.232000000000000028e+01,2.633999999999999986e+01,6.309999999999999609e+00,0.000000000000000000e+00,2.490000000000000213e+00,1.659999999999999920e+00,1.179999999999999938e+00,0.000000000000000000e+00,1.000000000000000000e+00,2.100000000000000089e+00,4.050000000000000000e+01,4.736999999999999744e+01,3.339999999999999858e+00,1.889999999999999902e+00,0.000000000000000000e+00,2.919999999999999929e+00,8.250000000000000000e+00,1.065000000000000036e+01,4.559999999999999609e+00,3.109999999999999876e+00,7.700000000000000178e-01,1.218999999999999950e+01,2.310000000000000053e+00,1.949999999999999956e+00,3.350000000000000089e+00,6.089999999999999858e+00,9.259999999999999787e+00,2.689999999999999947e+00,2.459999999999999964e+00,1.070000000000000062e+00,1.689999999999999947e+00,6.179999999999999716e+00,1.699999999999999956e+00,3.620000000000000107e+00,2.971000000000000085e+01,2.446999999999999886e+01,3.112000000000000099e+01,5.820000000000000284e+00,1.400000000000000000e+01,4.150000000000000355e+00,5.209999999999999964e+00,2.492000000000000171e+01,5.709999999999999964e+00,1.080000000000000071e+00,3.839999999999999858e+00,1.310000000000000053e+00,5.200000000000000178e+00,2.069999999999999840e+00,1.268999999999999950e+01,6.410000000000000142e+00,1.662000000000000099e+01,2.529999999999999805e+00,2.282999999999999829e+01,9.029999999999999361e+00,5.669999999999999929e+00,2.930000000000000160e+00,1.219999999999999973e+00,2.746000000000000085e+01,2.439999999999999947e+00,1.709999999999999964e+00,3.099999999999999978e-01,8.800000000000000044e-01,2.279999999999999805e+00,1.439999999999999947e+00,2.310000000000000053e+00,1.239999999999999991e+00,3.310000000000000053e+00,1.969999999999999973e+00,3.540000000000000036e+00,2.140000000000000124e+00,4.740000000000000213e+00,1.709999999999999964e+00,4.889999999999999680e+00,1.350000000000000089e+00,2.060000000000000053e+00,1.810000000000000142e+01,4.129999999999999893e+00,6.519999999999999574e+00,1.453999999999999915e+01,3.899999999999999911e+00,4.030000000000000249e+00,1.659999999999999920e+00,5.559999999999999609e+00,0.000000000000000000e+00,3.270000000000000018e+00,6.509999999999999787e+00,4.969999999999999751e+00,5.679999999999999716e+00,9.189999999999999503e+00,2.939999999999999947e+00,1.100000000000000089e+00,1.290000000000000036e+00,2.569999999999999840e+00,1.030000000000000027e+00,9.300000000000000488e-01,0.000000000000000000e+00,8.060000000000000497e+00,7.320000000000000284e+00,3.220000000000000195e+00,2.979999999999999982e+00,3.609999999999999876e+00,3.735000000000000142e+01,2.157000000000000028e+01,8.039999999999999147e+00,3.390000000000000124e+00,2.100000000000000089e+00,1.196000000000000085e+01,9.810000000000000497e+00,3.009999999999999787e+00,1.969999999999999973e+00,1.379999999999999893e+00,0.000000000000000000e+00,1.310000000000000053e+00,2.759999999999999787e+00,2.720000000000000195e+00,3.680000000000000160e+00,1.669999999999999929e+00,1.290000000000000036e+00,1.340000000000000080e+00,1.501999999999999957e+01,4.830000000000000071e+00,2.350000000000000089e+00,1.962999999999999901e+01,1.439999999999999947e+00,2.189999999999999947e+00,6.009999999999999787e+00,3.169999999999999929e+00,1.449999999999999956e+00,8.499999999999999778e-01,4.099999999999999756e-01,2.410000000000000142e+00,1.469999999999999973e+00,4.699999999999999734e-01,1.080000000000000071e+00,1.590000000000000080e+00,1.550000000000000044e+00,4.009999999999999787e+00,1.053999999999999915e+01,3.799999999999999822e+00,2.132999999999999829e+01,0.000000000000000000e+00,0.000000000000000000e+00,4.589999999999999858e+00,2.042999999999999972e+01,2.173000000000000043e+01,0.000000000000000000e+00,4.589999999999999858e+00,3.560000000000000053e+00,2.100000000000000089e+00,1.919999999999999929e+00,1.179999999999999938e+00,1.820000000000000062e+00,1.092999999999999972e+01,3.450000000000000178e+00,0.000000000000000000e+00,1.959999999999999964e+00,2.580000000000000071e+00,2.140000000000000124e+00
4.980000000000000426e+00,2.060000000000000053e+00,1.110000000000000098e+00,2.810000000000000053e+00,2.740000000000000213e+00,9.443000000000000682e+01,2.640000000000000124e+00,3.790000000000000036e+00,2.359999999999999876e+00,1.081000000000000050e+01,2.799999999999999822e+00,3.620000000000000107e+00,4.309999999999999609e+00,3.140000000000000124e+00,3.370000000000000107e+00,4.600000000000000200e-01,1.939999999999999947e+00,4.089999999999999858e+00,4.459999999999999964e+00,8.699999999999999956e-01,0.000000000000000000e+00,1.199999999999999956e+00,1.790000000000000036e+00,2.379999999999999893e+00,3.919999999999999929e+00,5.179999999999999716e+00,3.839999999999999858e+00,3.870000000000000107e+00,3.129999999999999893e+00,3.890000000000000124e+00,1.291999999999999993e+01,5.428999999999999915e+01,1.979999999999999982e+00,7.049999999999999822e+00,2.990000000000000213e+00,1.149999999999999911e+00,4.959999999999999964e+00,2.279999999999999805e+00,2.520000000000000018e+00,4.299999999999999822e+00,1.659999999999999920e+00,2.330000000000000071e+00,3.209999999999999964e+00,3.599999999999999867e-01,3.419999999999999929e+00,1.649999999999999911e+00,6.199999999999999956e-01,5.440000000000000391e+00,7.879999999999999893e+00,8.660000000000000142e+00,4.769999999999999574e+00,1.639999999999999902e+00,3.399999999999999911e+00,1.066000000000000014e+01,7.131000000000000227e+01,4.428999999999999915e+01,9.890000000000000568e+00,6.690000000000000391e+00,7.549999999999999822e+00,2.180000000000000160e+00,1.729999999999999982e+00,2.000000000000000042e-02,3.600000000000000089e+00,2.839999999999999858e+00,2.490000000000000213e+00,1.750000000000000000e+00,1.448000000000000043e+01,7.200000000000000178e+00,6.120000000000000107e+00,5.559999999999999609e+00,3.080000000000000071e+00,9.698999999999999488e+01,2.850000000000000089e+00,5.040000000000000036e+00,1.000000000000000000e+02,7.823999999999998067e+01,0.000000000000000000e+00,1.949999999999999956e+00,4.620000000000000107e+00,1.239999999999999991e+00,2.810000000000000053e+00,4.969999999999999751e+00,5.240000000000000213e+00,2.479999999999999982e+00,2.971999999999999886e+01,8.692000000000000171e+01,3.520000000000000018e+00,3.029999999999999805e+00,1.560000000000000053e+00,4.219999999999999751e+00,3.009999999999999787e+00,4.410000000000000142e+00,1.939999999999999947e+00,8.550000000000000711e+00,4.750000000000000000e+00,2.439999999999999947e+00,3.069999999999999840e+00,2.229999999999999982e+00,3.600000000000000089e+00,9.499999999999999556e-01,4.870000000000000107e+00,2.140000000000000124e+00,5.900000000000000355e+00,2.040000000000000036e+00,3.770000000000000018e+00,9.399999999999999467e-01,6.599999999999999645e+00,5.919999999999999929e+00,2.120000000000000107e+00,1.219999999999999973e+00,0.000000000000000000e+00,0.000000000000000000e+00,5.509999999999999787e+00,8.699999999999999956e-01,4.370000000000000107e+00,2.870000000000000107e+00,3.529999999999999805e+00,5.860000000000000320e+00,5.070000000000000284e+00,3.169999999999999929e+00,2.200000000000000178e+00,5.360000000000000320e+00,7.849999999999999645e+00,9.200000000000000400e-01,4.290000000000000036e+00,1.138000000000000078e+01,5.250000000000000000e+00,4.199999999999999845e-01,1.066999999999999993e+01,7.259999999999999787e+00,3.180000000000000160e+00,5.769999999999999574e+00,5.370000000000000107e+00,0.000000000000000000e+00,3.549999999999999822e+00,1.459999999999999964e+00,1.885999999999999943e+01,1.040000000000000036e+00,2.419999999999999929e+00,7.984999999999998010e+01,3.310000000000000053e+00,1.719999999999999973e+00,1.679999999999999938e+00,1.409999999999999920e+00,5.679999999999999716e+00,5.480000000000000426e+00,7.160000000000000142e+00,9.650000000000000355e+00,1.899999999999999911e+00,3.339999999999999858e+00,1.639999999999999902e+00,3.778000000000000114e+01,4.000000000000000000e+00,0.000000000000000000e+00,7.389999999999999680e+00,1.580000000000000071e+00,3.750000000000000000e+00,8.340999999999999659e+01,5.580000000000000071e+00,3.129999999999999893e+00,2.990000000000000213e+00,2.930000000000000160e+00,3.810000000000000053e+00,3.919999999999999929e+00,2.790000000000000036e+00,2.040000000000000036e+00,5.699999999999999512e-01,4.049999999999999822e+00,4.629999999999999893e+00,3.049999999999999822e+00,6.800000000000000488e-01,8.999999999999999667e-02,0.000000000000000000e+00,3.699999999999999956e-01,7.250000000000000000e+00,8.589999999999999858e+00,8.580000000000000071e+00,0.000000000000000000e+00,5.660000000000000142e+00,5.549999999999999822e+00,1.810000000000000053e+00,2.399999999999999911e+00,8.548000000000000398e+01,3.098999999999999844e+01,1.280000000000000071e+01,3.729999999999999982e+00,0.000000000000000000e+00,4.429999999999999716e+00,7.299999999999999822e-01,0.000000000000000000e+00
1.341999999999999993e+01,1.300000000000000000e+01,6.800000000000000488e-01,9.599999999999999645e-01,1.010000000000000009e+00,2.319999999999999840e+00,2.450000000000000178e+00,3.080000000000000071e+00,4.599999999999999645e+00,0.000000000000000000e+00,4.599999999999999645e+00,0.000000000000000000e+00,3.620000000000000107e+00,0.000000000000000000e+00,1.580000000000000071e+00,2.709999999999999964e+00,2.999999999999999889e-01,2.750000000000000000e+00,1.729999999999999982e+00,0.000000000000000000e+00,0.000000000000000000e+00,0.000000000000000000e+00,6.400000000000000133e-01,1.870000000000000107e+00,3.499999999999999778e-01,2.529999999999999805e+00,1.030000000000000027e+00,4.780000000000000249e+00,0.000000000000000000e+00,1.620000000000000107e+00,0.000000000000000000e+00,2.855000000000000071e+01,1.610000000000000098e+00,1.025000000000000000e+01,2.680000000000000160e+00,4.699999999999999734e-01,2.259999999999999787e+00,2.750000000000000000e+00,1.929999999999999938e+00,2.470000000000000195e+00,0.000000000000000000e+00,3.310000000000000053e+00,6.120000000000000107e+00,4.089999999999999858e+00,2.200000000000000178e+00,4.919999999999999929e+00,3.839999999999999858e+00,3.509999999999999787e+00,9.550000000000000711e+00,9.449999999999999289e+00,3.259999999999999787e+00,1.800000000000000044e+00,2.140000000000000124e+00,7.580000000000000071e+00,1.020000000000000018e+00,1.689999999999999947e+00,4.889999999999999680e+00,1.717999999999999972e+01,1.996999999999999886e+01,1.409999999999999920e+00,1.319999999999999929e+01,3.879999999999999893e+00,1.910000000000000142e+01,1.068999999999999950e+01,3.250000000000000000e+00,2.637999999999999901e+01,3.779999999999999805e+00,3.750000000000000000e+00,4.379999999999999893e+00,1.101999999999999957e+01,5.490000000000000213e+00,1.639999999999999902e+00,5.349999999999999645e+00,6.889999999999999680e+00,2.359999999999999876e+00,2.220000000000000195e+00,0.000000000000000000e+00,9.799999999999999822e-01,6.099999999999999867e-01,1.600000000000000033e-01,0.000000000000000000e+00,1.635000000000000142e+01,1.967999999999999972e+01,2.700000000000000178e+00,4.699999999999999734e-01,2.870000000000000107e+00,1.128999999999999915e+01,3.549999999999999822e+00,0.000000000000000000e+00,3.370000000000000107e+00,4.900000000000000355e+00,3.950000000000000178e+00,0.000000000000000000e+00,0.000000000000000000e+00,2.160000000000000142e+00,2.299999999999999822e+00,0.000000000000000000e+00,2.189999999999999947e+00,3.000000000000000000e+00,1.840000000000000080e+00,1.610000000000000098e+00,0.000000000000000000e+00,5.699999999999999512e-01,6.700000000000000400e-01,2.169999999999999929e+00,1.149999999999999911e+00,1.949999999999999956e+00,3.089999999999999858e+00,3.040000000000000036e+00,2.959999999999999964e+00,0.000000000000000000e+00,0.000000000000000000e+00,2.819999999999999840e+00,1.590000000000000080e+00,3.339999999999999858e+00,3.060000000000000053e+00,2.790000000000000036e+00,5.450000000000000178e+00,4.290000000000000036e+00,4.280000000000000249e+00,4.379999999999999893e+00,2.250000000000000000e+00,8.449999999999999289e+00,2.470000000000000195e+00,0.000000000000000000e+00,7.530000000000000249e+00,7.259999999999999787e+00,3.699999999999999956e-01,2.319000000000000128e+01,5.370000000000000284e+01,1.700000000000000122e-01,1.699999999999999956e+00,3.370000000000000107e+00,2.439999999999999947e+00,2.700000000000000178e+00,2.200000000000000011e-01,8.199999999999999512e-01,0.000000000000000000e+00,3.800000000000000044e-01,2.419999999999999929e+00,0.000000000000000000e+00,1.469999999999999973e+00,7.399999999999999911e-01,0.000000000000000000e+00,2.680000000000000160e+00,2.319999999999999840e+00,2.040000000000000036e+00,2.850000000000000089e+00,1.669999999999999929e+00,0.000000000000000000e+00,1.590000000000000080e+00,5.429999999999999716e+00,4.589999999999999858e+00,5.570000000000000284e+00,7.259999999999999787e+00,1.000000000000000021e-02,1.979999999999999982e+00,3.339999999999999858e+00,2.430000000000000160e+00,5.999999999999999778e-01,1.270000000000000018e+00,5.999999999999999778e-01,2.799999999999999822e+00,1.000000000000000000e+00,1.320000000000000062e+00,3.200000000000000067e-01,2.270000000000000018e+00,1.590000000000000080e+00,6.019999999999999574e+00,3.140000000000000124e+00,1.633999999999999986e+01,9.399999999999999467e-01,0.000000000000000000e+00,9.599999999999999645e-01,6.160000000000000142e+00,7.179999999999999716e+00,7.139999999999999680e+00,0.000000000000000000e+00,5.400000000000000355e-01,6.219999999999999751e+00,2.089999999999999858e+00,1.649999999999999911e+00,2.020000000000000018e+00,3.720000000000000195e+00,5.809999999999999609e+00,1.301999999999999957e+01,0.000000000000000000e+00,5.669999999999999929e+00,1.857999999999999829e+01,2.040000000000000036e+00
3.680000000000000160e+00,2.629999999999999893e+00,1.290000000000000036e+00,1.860000000000000098e+00,3.350000000000000089e+00,5.540000000000000036e+00,8.419999999999999929e+00,4.482999999999999829e+01,5.371000000000000085e+01,0.000000000000000000e+00,4.370000000000000107e+00,6.099999999999999867e-01,6.959999999999999964e+00,3.950000000000000178e+00,5.820000000000000284e+00,0.000000000000000000e+00,1.020000000000000018e+00,3.850000000000000089e+00,6.219999999999999751e+00,4.600000000000000200e-01,1.400000000000000133e-01,1.679999999999999938e+00,1.030000000000000027e+00,3.009999999999999787e+00,4.580000000000000071e+00,3.569999999999999840e+00,1.500000000000000000e+00,3.569999999999999840e+00,0.000000000000000000e+00,1.370000000000000107e+00,1.302999999999999936e+01,2.810000000000000053e+00,1.610000000000000098e+00,1.728999999999999915e+01,5.490000000000000213e+00,4.950000000000000178e+00,5.000000000000000000e+00,3.270000000000000018e+00,4.009999999999999787e+00,0.000000000000000000e+00,2.549999999999999822e+00,2.060000000000000053e+00,7.280000000000000249e+00,2.100000000000000089e+00,5.900000000000000355e+00,2.399999999999999911e-01,2.660000000000000142e+00,6.059999999999999609e+00,7.969999999999999751e+00,3.529999999999999805e+00,7.650000000000000355e+00,1.659999999999999920e+00,8.800000000000000044e-01,8.949999999999997513e+00,7.000000000000000000e+00,4.190000000000000391e+00,8.160000000000000142e+00,9.869999999999999218e+00,1.033999999999999986e+01,0.000000000000000000e+00,2.439999999999999947e+00,1.273000000000000043e+01,4.070000000000000284e+01,7.219999999999999751e+00,2.600000000000000089e+00,5.549999999999999822e+00,2.319999999999999840e+00,3.109999999999999876e+00,1.770000000000000018e+00,6.339999999999999858e+00,0.000000000000000000e+00,4.610000000000000320e+00,5.410000000000000142e+00,6.269999999999999574e+00,7.959999999999999964e+00,3.810000000000000053e+00,6.700000000000000400e-01,3.680000000000000160e+00,3.419999999999999929e+00,1.739999999999999991e+00,0.000000000000000000e+00,1.050999999999999979e+01,6.632999999999999829e+01,3.680000000000000160e+00,1.758999999999999986e+01,7.839999999999999858e+00,6.080000000000000071e+00,7.679999999999999716e+00,1.205000000000000071e+01,2.328999999999999915e+01,5.769999999999999574e+00,4.900000000000000355e+00,4.330000000000000071e+00,3.430000000000000160e+00,4.379999999999999893e+00,5.820000000000000284e+00,5.709999999999999964e+00,0.000000000000000000e+00,0.000000000000000000e+00,1.699999999999999956e+00,8.640000000000000568e+00,5.040000000000000036e+00,7.190000000000000391e+00,7.290000000000000036e+00,1.108000000000000007e+01,2.689999999999999947e+00,6.450000000000000178e+00,1.760999999999999943e+01,3.120000000000000107e+00,2.729999999999999982e+00,5.940000000000000391e+00,0.000000000000000000e+00,5.490000000000000213e+00,3.109999999999999876e+00,7.089999999999999858e+00,1.899999999999999911e+00,5.620000000000000107e+00,8.419999999999999929e+00,1.858999999999999986e+01,2.864000000000000057e+01,2.803000000000000114e+01,1.623999999999999844e+01,7.549999999999999822e+00,2.859999999999999876e+00,5.700000000000000178e+00,0.000000000000000000e+00,2.300000000000000100e-01,2.000000000000000111e-01,2.296000000000000085e+01,1.132000000000000028e+01,1.508999999999999986e+01,9.050000000000000711e+00,6.639999999999999680e+00,0.000000000000000000e+00,3.669999999999999929e+00,2.680000000000000160e+00,2.370000000000000107e+00,0.000000000000000000e+00,0.000000000000000000e+00,4.120000000000000107e+00,5.219999999999999751e+00,2.160000000000000142e+00,1.239999999999999991e+00,6.899999999999999467e-01,2.959999999999999964e+00,5.089999999999999858e+00,6.339999999999999858e+00,6.299999999999999822e+00,3.609999999999999876e+00,4.250000000000000000e+00,2.859999999999999876e+00,1.832999999999999829e+01,5.000000000000000000e+00,3.900000000000000133e-01,2.298000000000000043e+01,1.199999999999999956e+00,2.950000000000000178e+00,1.077999999999999936e+01,5.759999999999999787e+00,9.800000000000000711e+00,4.820000000000000284e+00,1.633999999999999986e+01,1.959999999999999964e+00,7.240000000000000213e+00,2.810000000000000053e+00,6.469999999999999751e+00,2.240000000000000213e+00,2.609999999999999876e+00,2.740000000000000213e+00,5.120000000000000107e+00,0.000000000000000000e+00,0.000000000000000000e+00,0.000000000000000000e+00,1.000000000000000021e-02,6.669999999999999929e+00,1.509999999999999964e+01,2.076999999999999957e+01,0.000000000000000000e+00,1.679999999999999938e+00,5.959999999999999964e+00,4.530000000000000249e+00,7.500000000000000000e-01,3.879999999999999893e+00,1.830000000000000071e+00,1.205000000000000071e+01,2.879999999999999893e+00,0.000000000000000000e+00,4.690000000000000391e+00,3.939999999999999947e+00,3.479999999999999982e+00
1.400000000000000133e-01,3.950000000000000178e+00,0.000000000000000000e+00,2.000000000000000042e-02,0.000000000000000000e+00,1.350000000000000089e+00,5.600000000000000533e-01,5.699999999999999512e-01,0.000000000000000000e+00,0.000000000000000000e+00,5.400000000000000355e-01,1.900000000000000022e-01,1.899999999999999911e+00,1.700000000000000122e-01,1.199999999999999956e+00,7.000000000000000666e-02,0.000000000000000000e+00,0.000000000000000000e+00,0.000000000000000000e+00,0.000000000000000000e+00,0.000000000000000000e+00,6.800000000000000488e-01,1.320000000000000062e+00,2.100000000000000089e+00,1.100000000000000006e-01,0.000000000000000000e+00,2.300000000000000100e-01,0.000000000000000000e+00,0.000000000000000000e+00,0.000000000000000000e+00,0.000000000000000000e+00,1.300000000000000044e-01,6.800000000000000488e-01,0.000000000000000000e+00,7.199999999999999734e-01,1.659999999999999920e+00,9.000000000000000222e-01,5.999999999999999778e-02,0.000000000000000000e+00,0.000000000000000000e+00,5.300000000000000266e-01,0.000000000000000000e+00,1.120000000000000107e+00,4.000000000000000083e-02,0.000000000000000000e+00,6.480000000000000426e+00,0.000000000000000000e+00,0.000000000000000000e+00,0.000000000000000000e+00,5.339999999999999858e+00,1.000000000000000000e+00,0.000000000000000000e+00,0.000000000000000000e+00,6.980000000000000426e+00,3.950000000000000178e+00,0.000000000000000000e+00,0.000000000000000000e+00,3.900000000000000133e-01,8.800000000000000044e-01,4.389999999999999680e+00,2.089999999999999858e+00,0.000000000000000000e+00,0.000000000000000000e+00,2.500000000000000000e-01,3.699999999999999956e-01,1.879999999999999893e+00,0.000000000000000000e+00,7.900000000000000355e-01,1.010000000000000009e+00,1.040000000000000036e+00,0.000000000000000000e+00,0.000000000000000000e+00,8.900000000000000133e-01,3.890000000000000124e+00,0.000000000000000000e+00,0.000000000000000000e+00,3.400000000000000244e-01,4.099999999999999756e-01,1.439999999999999947e+00,0.000000000000000000e+00,3.800000000000000044e-01,8.299999999999999600e-01,1.070000000000000062e+00,4.199999999999999845e-01,2.390000000000000124e+00,6.099999999999999867e-01,6.999999999999999556e-01,1.790000000000000036e+00,1.020000000000000018e+00,7.600000000000000089e-01,1.850000000000000089e+00,8.679999999999999716e+00,8.399999999999999689e-01,1.399999999999999911e+00,6.801999999999999602e+01,5.600000000000000533e-01,1.500000000000000000e+00,0.000000000000000000e+00,2.167999999999999972e+01,4.899999999999999911e-01,1.080000000000000071e+00,7.500000000000000000e-01,8.599999999999999867e-01,3.699999999999999956e-01,2.830000000000000071e+00,0.000000000000000000e+00,1.152999999999999936e+01,7.199999999999999734e-01,1.989999999999999991e+00,1.239999999999999991e+00,8.900000000000000133e-01,4.899999999999999911e-01,2.450000000000000178e+00,5.200000000000000178e-01,2.000000000000000111e-01,1.129999999999999893e+00,0.000000000000000000e+00,3.959999999999999964e+00,1.770000000000000018e+00,3.049999999999999822e+00,6.600000000000000311e-01,1.459999999999999964e+00,5.820000000000000284e+00,0.000000000000000000e+00,2.899999999999999800e-01,0.000000000000000000e+00,4.000000000000000222e-01,8.900000000000000133e-01,2.560000000000000053e+00,2.080000000000000071e+00,0.000000000000000000e+00,4.080000000000000071e+00,0.000000000000000000e+00,0.000000000000000000e+00,0.000000000000000000e+00,0.000000000000000000e+00,8.999999999999999667e-02,6.199999999999999956e-01,9.200000000000000400e-01,2.529999999999999805e+00,2.520000000000000018e+00,7.910000000000000142e+00,4.600000000000000200e-01,1.120000000000000107e+00,0.000000000000000000e+00,0.000000000000000000e+00,1.439999999999999947e+00,3.099999999999999978e-01,1.060000000000000053e+00,6.999999999999999556e-01,9.799999999999999822e-01,3.120000000000000107e+00,2.339999999999999858e+00,0.000000000000000000e+00,0.000000000000000000e+00,1.449999999999999956e+00,6.999999999999999556e-01,2.810000000000000053e+00,0.000000000000000000e+00,9.899999999999999911e-01,0.000000000000000000e+00,5.999999999999999778e-01,0.000000000000000000e+00,0.000000000000000000e+00,1.499999999999999944e-01,1.679999999999999938e+00,3.699999999999999956e-01,4.000000000000000083e-02,2.709999999999999964e+00,0.000000000000000000e+00,1.090000000000000080e+00,8.800000000000000044e-01,7.000000000000000666e-02,7.299999999999999822e-01,1.719999999999999973e+00,0.000000000000000000e+00,0.000000000000000000e+00,1.969999999999999973e+00,0.000000000000000000e+00,0.000000000000000000e+00,0.000000000000000000e+00,2.300000000000000100e-01,1.379999999999999893e+00,7.800000000000000266e-01,3.259999999999999787e+00,1.719999999999999973e+00,0.000000000000000000e+00,0.000000000000000000e+00,0.000000000000000000e+00,0.000000000000000000e+00
5.600000000000000533e-01,4.500000000000000111e-01,0.000000000000000000e+00,0.000000000000000000e+00,0.000000000000000000e+00,0.000000000000000000e+00,0.000000000000000000e+00,1.570000000000000062e+00,0.000000000000000000e+00,8.100000000000000533e-01,0.000000000000000000e+00,0.000000000000000000e+00,4.509999999999999787e+00,1.060000000000000053e+00,5.799999999999999600e-01,0.000000000000000000e+00,3.099999999999999978e-01,0.000000000000000000e+00,0.000000000000000000e+00,0.000000000000000000e+00,0.000000000000000000e+00,4.199999999999999845e-01,7.099999999999999645e-01,1.379999999999999893e+00,5.500000000000000444e-01,0.000000000000000000e+00,1.350000000000000089e+00,0.000000000000000000e+00,3.040000000000000036e+00,0.000000000000000000e+00,9.669999999999999929e+00,1.020000000000000018e+00,1.499999999999999944e-01,0.000000000000000000e+00,0.000000000000000000e+00,0.000000000000000000e+00,0.000000000000000000e+00,0.000000000000000000e+00,0.000000000000000000e+00,3.200000000000000067e-01,0.000000000000000000e+00,4.600000000000000200e-01,1.709999999999999964e+00,1.379999999999999893e+00,0.000000000000000000e+00,8.399999999999999689e-01,0.000000000000000000e+00,0.000000000000000000e+00,0.000000000000000000e+00,0.000000000000000000e+00,0.000000000000000000e+00,0.000000000000000000e+00,0.000000000000000000e+00,0.000000000000000000e+00,5.179999999999999716e+00,0.000000000000000000e+00,0.000000000000000000e+00,0.000000000000000000e+00,0.000000000000000000e+00,0.000000000000000000e+00,0.000000000000000000e+00,0.000000000000000000e+00,0.000000000000000000e+00,4.679999999999999716e+00,5.999999999999999778e-01,0.000000000000000000e+00,9.100000000000000311e-01,6.199999999999999956e-01,8.299999999999999600e-01,0.000000000000000000e+00,0.000000000000000000e+00,0.000000000000000000e+00,2.600000000000000089e-01,0.000000000000000000e+00,0.000000000000000000e+00,0.000000000000000000e+00,3.080000000000000071e+00,1.000000000000000021e-02,7.600000000000000089e-01,0.000000000000000000e+00,1.189999999999999947e+00,1.800000000000000044e+00,0.000000000000000000e+00,0.000000000000000000e+00,7.399999999999999911e-01,1.870000000000000107e+00,8.699999999999999956e-01,0.000000000000000000e+00,1.389999999999999902e+00,2.460000000000000142e+01,0.000000000000000000e+00,0.000000000000000000e+00,0.000000000000000000e+00,0.000000000000000000e+00,1.750000000000000000e+00,0.000000000000000000e+00,0.000000000000000000e+00,0.000000000000000000e+00,0.000000000000000000e+00,0.000000000000000000e+00,4.199999999999999845e-01,0.000000000000000000e+00,0.000000000000000000e+00,7.800000000000000266e-01,7.000000000000000666e-02,0.000000000000000000e+00,1.020000000000000018e+00,1.016000000000000014e+01,0.000000000000000000e+00,4.899999999999999911e-01,0.000000000000000000e+00,7.299999999999999822e-01,8.100000000000000533e-01,0.000000000000000000e+00,0.000000000000000000e+00,0.000000000000000000e+00,2.049999999999999822e+00,2.020000000000000018e+00,1.010000000000000009e+00,1.159999999999999920e+00,2.620000000000000107e+00,3.020000000000000018e+00,2.870000000000000107e+00,0.000000000000000000e+00,0.000000000000000000e+00,0.000000000000000000e+00,0.000000000000000000e+00,0.000000000000000000e+00,2.100000000000000089e+00,1.750000000000000000e+00,0.000000000000000000e+00,3.779999999999999805e+00,0.000000000000000000e+00,3.613000000000000256e+01,4.099999999999999756e-01,0.000000000000000000e+00,3.740000000000000213e+00,1.075000000000000000e+01,5.730000000000000426e+00,4.299999999999999933e-01,3.279999999999999805e+00,0.000000000000000000e+00,0.000000000000000000e+00,6.700000000000000400e-01,0.000000000000000000e+00,0.000000000000000000e+00,0.000000000000000000e+00,0.000000000000000000e+00,4.199999999999999845e-01,0.000000000000000000e+00,0.000000000000000000e+00,0.000000000000000000e+00,0.000000000000000000e+00,2.350000000000000089e+00,7.129999999999999893e+00,0.000000000000000000e+00,0.000000000000000000e+00,2.899999999999999911e+00,0.000000000000000000e+00,0.000000000000000000e+00,0.000000000000000000e+00,0.000000000000000000e+00,0.000000000000000000e+00,0.000000000000000000e+00,0.000000000000000000e+00,9.899999999999999911e-01,3.800000000000000044e-01,0.000000000000000000e+00,0.000000000000000000e+00,0.000000000000000000e+00,5.300000000000000266e-01,9.939999999999999503e+00,1.080000000000000071e+00,0.000000000000000000e+00,2.740000000000000213e+00,0.000000000000000000e+00,0.000000000000000000e+00,1.060000000000000053e+00,6.700000000000000400e-01,0.000000000000000000e+00,0.000000000000000000e+00,0.000000000000000000e+00,0.000000000000000000e+00,0.000000000000000000e+00,2.390000000000000124e+00,0.000000000000000000e+00,1.719999999999999973e+00,0.000000000000000000e+00,0.000000000000000000e+00,1.000000000000000021e-02
2.108999999999999986e+01,9.509999999999999787e+00,9.799999999999999822e-01,2.000000000000000000e+00,1.419999999999999929e+00,2.819999999999999840e+00,2.100000000000000089e+00,4.019999999999999574e+00,2.640000000000000124e+00,0.000000000000000000e+00,4.910000000000000142e+00,0.000000000000000000e+00,7.429999999999999716e+00,1.239999999999999991e+00,5.290000000000000036e+00,1.479999999999999982e+00,0.000000000000000000e+00,3.149999999999999911e+00,3.080000000000000071e+00,0.000000000000000000e+00,0.000000000000000000e+00,0.000000000000000000e+00,9.550000000000000711e+00,1.010999999999999943e+01,3.620000000000000107e+00,6.669999999999999929e+00,9.380000000000000782e+00,7.129999999999999893e+00,2.069999999999999840e+00,2.490000000000000213e+00,1.225999999999999979e+01,2.520000000000000018e+00,3.029999999999999805e+00,6.040000000000000036e+00,3.299999999999999822e+00,4.030000000000000249e+00,3.779999999999999805e+00,3.979999999999999982e+00,3.390000000000000124e+00,4.599999999999999645e+00,1.070000000000000062e+00,1.689999999999999947e+00,6.929999999999999716e+00,4.089999999999999858e+00,5.250000000000000000e+00,5.300000000000000266e-01,4.280000000000000249e+00,4.049999999999999822e+00,7.959999999999999964e+00,5.530000000000000249e+00,4.190000000000000391e+00,1.790000000000000036e+00,2.859999999999999876e+00,1.075999999999999979e+01,2.729999999999999982e+00,2.580000000000000071e+00,2.859999999999999876e+00,6.259999999999999787e+00,6.589999999999999858e+00,0.000000000000000000e+00,1.135999999999999943e+01,2.069999999999999840e+00,3.580000000000000071e+00,7.040000000000000036e+00,4.950000000000000178e+00,8.429999999999999716e+00,5.530000000000000249e+00,6.401000000000000512e+01,5.464999999999999858e+01,6.410000000000000142e+00,1.193999999999999950e+01,2.520000000000000018e+00,5.690000000000000391e+00,1.414000000000000057e+01,0.000000000000000000e+00,2.919999999999999929e+00,0.000000000000000000e+00,1.340000000000000080e+00,4.839999999999999858e+00,1.379999999999999893e+00,0.000000000000000000e+00,8.150000000000000355e+00,5.419999999999999929e+00,1.353999999999999915e+01,1.959999999999999964e+00,4.099999999999999645e+00,1.955999999999999872e+01,4.900000000000000355e+00,4.299999999999999933e-01,5.230000000000000426e+00,5.500000000000000000e+00,4.129999999999999893e+00,0.000000000000000000e+00,6.870000000000000107e+00,2.200000000000000178e+00,2.410000000000000142e+00,1.939999999999999947e+00,1.959999999999999964e+00,3.140000000000000124e+00,1.850000000000000089e+00,3.330000000000000071e+00,1.909999999999999920e+00,4.910000000000000142e+00,1.229999999999999982e+00,2.600000000000000089e+00,3.700000000000000178e+00,2.870000000000000107e+00,7.389999999999999680e+00,4.580000000000000071e+00,4.129999999999999893e+00,3.399999999999999911e+00,0.000000000000000000e+00,3.890000000000000124e+00,2.089999999999999858e+00,3.930000000000000160e+00,2.709999999999999964e+00,1.250000000000000000e+00,1.550000000000000044e+00,4.719999999999999751e+00,3.339999999999999858e+00,3.310000000000000053e+00,6.480000000000000426e+00,4.830000000000000071e+00,2.319999999999999840e+00,4.660000000000000142e+00,3.879999999999999893e+00,9.720000000000000639e+00,8.000000000000000167e-02,1.580000000000000071e+01,1.281000000000000050e+01,1.000000000000000021e-02,2.660000000000000142e+00,5.339999999999999858e+00,0.000000000000000000e+00,3.459999999999999964e+00,5.500000000000000444e-01,1.149999999999999911e+00,0.000000000000000000e+00,7.700000000000000178e-01,1.909999999999999920e+00,0.000000000000000000e+00,1.659999999999999920e+00,4.699999999999999734e-01,1.010000000000000009e+00,8.599999999999999867e-01,3.640000000000000124e+00,3.350000000000000089e+00,4.250000000000000000e+00,1.899999999999999911e+00,2.189999999999999947e+00,2.399999999999999911e+00,8.880000000000002558e+00,4.360000000000000320e+00,2.700000000000000178e-01,5.240000000000000213e+00,1.000000000000000000e+00,4.650000000000000355e+00,3.850000000000000089e+00,2.209999999999999964e+00,9.399999999999999467e-01,1.270000000000000018e+00,2.779999999999999805e+00,4.049999999999999822e+00,1.399999999999999911e+00,1.729999999999999982e+00,4.269999999999999574e+00,2.149999999999999911e+00,4.839999999999999858e+00,9.589999999999999858e+00,6.429999999999999716e+00,1.455000000000000071e+01,0.000000000000000000e+00,0.000000000000000000e+00,0.000000000000000000e+00,6.750000000000000000e+00,9.359999999999999432e+00,7.559999999999999609e+00,0.000000000000000000e+00,2.419999999999999929e+00,5.000000000000000000e+00,2.180000000000000160e+00,1.520000000000000018e+00,3.310000000000000053e+00,4.450000000000000178e+00,7.929999999999999716e+00,4.299999999999999822e+00,0.000000000000000000e+00,5.000000000000000000e+00,5.870000000000000107e+00,2.729999999999999982e+00
9.789999999999999147e+00,2.192999999999999972e+01,2.999999999999999889e-01,0.000000000000000000e+00,4.899999999999999911e-01,1.709999999999999964e+00,8.432999999999999829e+01,6.850000000000000000e+01,8.835999999999999943e+01,0.000000000000000000e+00,2.759999999999999787e+00,1.905999999999999872e+01,2.689999999999999947e+00,5.600000000000000533e-01,3.800000000000000044e-01,1.590000000000000080e+00,5.999999999999999778e-01,1.629999999999999893e+00,1.379999999999999893e+00,1.219999999999999973e+00,5.169999999999999929e+00,0.000000000000000000e+00,2.370000000000000107e+00,4.509999999999999787e+00,0.000000000000000000e+00,2.049999999999999822e+00,1.540000000000000036e+00,0.000000000000000000e+00,1.469999999999999973e+00,5.540000000000000036e+00,3.609999999999999876e+00,1.700000000000000122e-01,1.799999999999999933e-01,8.768999999999999773e+01,0.000000000000000000e+00,5.100000000000000089e-01,1.879999999999999893e+00,1.939999999999999947e+00,1.169999999999999929e+00,2.859999999999999876e+00,0.000000000000000000e+00,6.595999999999999375e+01,0.000000000000000000e+00,3.699999999999999956e-01,2.140000000000000124e+00,4.519999999999999574e+00,4.699999999999999734e-01,7.199999999999999734e-01,5.530000000000000249e+00,8.439999999999999503e+00,2.729999999999999982e+00,2.209999999999999964e+00,8.000000000000000167e-02,7.389999999999999680e+00,1.623999999999999844e+01,7.349999999999999645e+00,9.399999999999999467e-01,6.700000000000000178e+00,4.900000000000000355e+00,4.730000000000000426e+00,5.309999999999999609e+00,2.137999999999999901e+01,6.470000000000000284e+01,8.949999999999997513e+00,1.469999999999999973e+00,2.899999999999999800e-01,2.200000000000000178e+00,2.899999999999999911e+00,1.979999999999999982e+00,3.979999999999999982e+00,0.000000000000000000e+00,3.479999999999999982e+00,3.950000000000000178e+00,4.120000000000000107e+00,4.809999999999999609e+00,0.000000000000000000e+00,3.200000000000000067e-01,6.559999999999999609e+00,2.490000000000000213e+00,3.540000000000000036e+00,0.000000000000000000e+00,2.137999999999999901e+01,6.560999999999999943e+01,5.009999999999999787e+00,1.374000000000000021e+01,2.609999999999999876e+00,2.450000000000000178e+00,1.050000000000000044e+00,4.669999999999999929e+00,1.301999999999999957e+01,1.770000000000000018e+00,3.200000000000000178e+00,1.540000000000000036e+00,1.149999999999999911e+00,3.649999999999999911e+00,2.640000000000000124e+00,8.000000000000000444e-01,8.100000000000000533e-01,2.240000000000000213e+00,1.169999999999999929e+00,1.729999999999999982e+00,9.799999999999999822e-01,2.959999999999999964e+00,2.479999999999999982e+00,8.000000000000000444e-01,1.275000000000000000e+01,4.563000000000000256e+01,7.540000000000000036e+00,2.799999999999999822e+00,5.750000000000000000e+00,1.864999999999999858e+01,1.699999999999999956e+00,5.500000000000000000e+00,5.209999999999999964e+00,2.779999999999999805e+00,1.800000000000000044e+00,2.049999999999999822e+00,6.540000000000000036e+00,7.780000000000000249e+00,5.610000000000000320e+00,9.240000000000000213e+00,1.100000000000000006e-01,0.000000000000000000e+00,1.600000000000000033e-01,1.850000000000000089e+00,0.000000000000000000e+00,3.350000000000000089e+00,0.000000000000000000e+00,5.989999999999999858e+01,6.028000000000000114e+01,1.600000000000000089e+00,0.000000000000000000e+00,2.029999999999999805e+00,1.900000000000000022e-01,3.379999999999999893e+00,1.780000000000000027e+00,5.799999999999999600e-01,0.000000000000000000e+00,1.300000000000000044e-01,2.979999999999999982e+00,3.270000000000000018e+00,1.199999999999999956e+00,0.000000000000000000e+00,1.000000000000000021e-02,2.189999999999999947e+00,2.189999999999999947e+00,2.120000000000000107e+00,1.060000000000000053e+00,1.760000000000000009e+00,1.260000000000000009e+00,1.709999999999999964e+00,2.921999999999999886e+01,0.000000000000000000e+00,2.580000000000000071e+00,3.878999999999999915e+01,2.819999999999999840e+00,1.128999999999999915e+01,1.456000000000000050e+01,8.499999999999999778e-01,2.140000000000000124e+00,4.699999999999999734e-01,2.609999999999999876e+00,1.159999999999999920e+00,2.060000000000000053e+00,1.429999999999999938e+00,9.399999999999999467e-01,1.959999999999999964e+00,2.750000000000000000e+00,3.160000000000000142e+00,0.000000000000000000e+00,1.066000000000000014e+01,1.100000000000000006e-01,0.000000000000000000e+00,0.000000000000000000e+00,2.632999999999999829e+01,6.269999999999999574e+00,1.612999999999999901e+01,0.000000000000000000e+00,2.620000000000000107e+00,1.014000000000000057e+01,3.317000000000000171e+01,8.519999999999999574e+00,2.000000000000000042e-02,7.099999999999999645e-01,2.870000000000000107e+00,3.378000000000000114e+01,0.000000000000000000e+00,2.229999999999999982e+00,2.290000000000000036e+00,2.020000000000000018e+00
5.803999999999999915e+01,4.196000000000000085e+01,1.439999999999999947e+00,1.010000000000000009e+00,5.500000000000000444e-01,4.290000000000000036e+00,4.980000000000000426e+00,3.250000000000000000e+00,6.610000000000000320e+00,0.000000000000000000e+00,1.544999999999999929e+01,3.660000000000000142e+00,6.400000000000000355e+00,1.700000000000000122e-01,3.819999999999999840e+00,2.209999999999999964e+00,3.640000000000000124e+00,2.569999999999999840e+00,3.290000000000000036e+00,0.000000000000000000e+00,0.000000000000000000e+00,9.699999999999999734e-01,3.900000000000000133e-01,1.590000000000000080e+00,6.099999999999999867e-01,3.020000000000000018e+00,1.300000000000000044e-01,0.000000000000000000e+00,4.570000000000000284e+00,3.810000000000000053e+00,1.197000000000000064e+01,8.000000000000000444e-01,1.100000000000000089e+00,5.719999999999999751e+00,1.429999999999999938e+00,2.290000000000000036e+00,4.400000000000000355e+00,3.879999999999999893e+00,3.359999999999999876e+00,7.349999999999999645e+00,0.000000000000000000e+00,0.000000000000000000e+00,2.890000000000000124e+00,0.000000000000000000e+00,2.839999999999999858e+00,7.370000000000000107e+00,3.319999999999999840e+00,4.400000000000000355e+00,1.178999999999999915e+01,1.641000000000000014e+01,2.229999999999999982e+00,1.739000000000000057e+01,7.280000000000000249e+00,1.846000000000000085e+01,2.689999999999999947e+00,3.930000000000000160e+00,8.890000000000002345e+00,1.880000000000000071e+01,1.735000000000000142e+01,0.000000000000000000e+00,2.305000000000000071e+01,6.078999999999999915e+01,6.379999999999999893e+00,9.484999999999999432e+01,2.060999999999999943e+01,3.897999999999999687e+01,0.000000000000000000e+00,2.430000000000000160e+00,1.449999999999999956e+00,3.953999999999999915e+01,0.000000000000000000e+00,1.247000000000000064e+01,8.640000000000000568e+00,7.849999999999999645e+00,3.359999999999999876e+00,1.120000000000000107e+00,1.469999999999999973e+00,3.099999999999999978e-01,3.520000000000000018e+00,1.449999999999999956e+00,0.000000000000000000e+00,7.865999999999999659e+01,4.422999999999999687e+01,2.617999999999999972e+01,5.360000000000000320e+00,7.509999999999999787e+00,4.570000000000000284e+01,4.629999999999999893e+00,1.700000000000000122e-01,4.509999999999999787e+00,5.509999999999999787e+00,3.009999999999999787e+00,2.339999999999999858e+00,4.709999999999999964e+00,5.919999999999999929e+00,4.150000000000000355e+00,3.790000000000000036e+00,2.620000000000000107e+00,3.910000000000000142e+00,1.500000000000000000e+00,2.930000000000000160e+00,5.500000000000000444e-01,3.810000000000000053e+00,2.779999999999999805e+00,3.250000000000000000e+00,0.000000000000000000e+00,3.859999999999999876e+00,3.640000000000000124e+00,3.049999999999999822e+00,3.499999999999999778e-01,2.279999999999999805e+00,0.000000000000000000e+00,2.509999999999999787e+00,2.520000000000000018e+00,5.669999999999999929e+00,2.069999999999999840e+00,2.569999999999999840e+00,3.290000000000000036e+00,2.859999999999999876e+00,5.190000000000000391e+00,4.339999999999999858e+00,0.000000000000000000e+00,3.859999999999999876e+00,1.580000000000000071e+00,5.969999999999999751e+00,0.000000000000000000e+00,1.919999999999999929e+00,0.000000000000000000e+00,2.289999999999999858e+01,2.085999999999999943e+01,0.000000000000000000e+00,6.379999999999999893e+00,6.389999999999999680e+00,2.000000000000000111e-01,4.660000000000000142e+00,2.009999999999999787e+00,1.179999999999999938e+00,5.000000000000000278e-02,0.000000000000000000e+00,4.219999999999999751e+00,2.899999999999999911e+00,2.410000000000000142e+00,5.500000000000000444e-01,4.000000000000000222e-01,6.300000000000000044e-01,4.990000000000000213e+00,4.179999999999999716e+00,4.790000000000000036e+00,4.429999999999999716e+00,2.680000000000000160e+00,2.109999999999999876e+00,4.000000000000000000e+00,1.875000000000000000e+01,1.800000000000000044e+00,6.481999999999999318e+01,1.770000000000000018e+00,2.120000000000000107e+00,1.214000000000000057e+01,0.000000000000000000e+00,0.000000000000000000e+00,0.000000000000000000e+00,2.020000000000000018e+00,4.099999999999999645e+00,0.000000000000000000e+00,2.000000000000000042e-02,2.430000000000000160e+00,4.150000000000000355e+00,3.279999999999999805e+00,3.910000000000000142e+00,0.000000000000000000e+00,4.253000000000000114e+01,1.139000000000000057e+01,0.000000000000000000e+00,0.000000000000000000e+00,4.336999999999999744e+01,4.580000000000000071e+00,4.200000000000000178e+00,0.000000000000000000e+00,2.620000000000000107e+00,4.299999999999999822e+00,6.690000000000000391e+00,2.319999999999999840e+00,4.589999999999999858e+00,1.979999999999999982e+00,1.083999999999999986e+01,1.600000000000000089e+00,0.000000000000000000e+00,1.439999999999999947e+00,2.928000000000000114e+01,8.100000000000000533e-01
5.509999999999999787e+00,8.310000000000000497e+00,3.800000000000000044e-01,1.750000000000000000e+00,1.330000000000000071e+00,3.060000000000000053e+00,2.020000000000000018e+00,3.410000000000000142e+00,9.399999999999999467e-01,0.000000000000000000e+00,4.360000000000000320e+00,9.300000000000000711e+00,4.139999999999999680e+00,5.999999999999999778e-01,2.259999999999999787e+00,9.200000000000000400e-01,0.000000000000000000e+00,1.370000000000000107e+00,2.390000000000000124e+00,8.000000000000000167e-02,3.499999999999999778e-01,1.449999999999999956e+00,4.099999999999999756e-01,1.030000000000000027e+00,2.800000000000000266e-01,2.589999999999999858e+00,7.399999999999999911e-01,3.379999999999999893e+00,2.399999999999999911e+00,8.599999999999999867e-01,2.350000000000000089e+00,6.500000000000000222e-01,3.450000000000000178e+00,7.660000000000000142e+00,7.620000000000000107e+00,1.270000000000000018e+00,2.209999999999999964e+00,1.739999999999999991e+00,2.259999999999999787e+00,1.500000000000000000e+00,4.190000000000000391e+00,1.510000000000000009e+00,5.610000000000000320e+00,3.580000000000000071e+00,1.520000000000000018e+00,1.620000000000000107e+00,1.655000000000000071e+01,1.118999999999999950e+01,3.112999999999999901e+01,2.298999999999999844e+01,1.741000000000000014e+01,2.482000000000000028e+01,1.780000000000000027e+00,8.099999999999999645e+00,4.089999999999999858e+00,1.479999999999999982e+00,1.909999999999999920e+00,1.649999999999999911e+00,7.809999999999999609e+00,1.399999999999999911e+00,8.009999999999999787e+00,2.020000000000000018e+00,2.319999999999999840e+00,1.439999999999999947e+00,3.509999999999999787e+00,8.160000000000000142e+00,2.270000000000000018e+00,4.429999999999999716e+00,4.599999999999999645e+00,1.126999999999999957e+01,2.629999999999999893e+00,4.610000000000000320e+00,2.359999999999999876e+00,4.190000000000000391e+00,3.020000000000000018e+00,2.540000000000000036e+00,3.060000000000000053e+00,1.159999999999999920e+00,1.989999999999999991e+00,1.649999999999999911e+00,7.199999999999999734e-01,4.169999999999999929e+00,3.825999999999999801e+01,4.230000000000000426e+00,6.269999999999999574e+00,2.709999999999999964e+00,1.366999999999999993e+01,4.019999999999999574e+00,2.500000000000000000e+00,7.269999999999999574e+00,2.410000000000000142e+00,1.860000000000000098e+00,2.879999999999999893e+00,2.169999999999999929e+00,5.490000000000000213e+00,1.219999999999999973e+00,1.520000000000000018e+00,1.719999999999999973e+00,1.969999999999999973e+00,6.800000000000000488e-01,2.299999999999999822e+00,1.300000000000000044e-01,2.500000000000000000e+00,3.800000000000000044e-01,3.069999999999999840e+00,1.260000000000000009e+00,4.919999999999999929e+00,6.009999999999999787e+00,4.589999999999999858e+00,1.840000000000000080e+00,8.509999999999999787e+00,3.499999999999999778e-01,3.209999999999999964e+00,2.470000000000000195e+00,3.290000000000000036e+00,1.870000000000000107e+00,0.000000000000000000e+00,8.550000000000000711e+00,3.359999999999999876e+00,2.879999999999999893e+00,2.870000000000000107e+00,1.919999999999999929e+00,5.410000000000000142e+00,0.000000000000000000e+00,2.250000000000000000e+00,2.020000000000000018e+00,5.200000000000000178e-01,0.000000000000000000e+00,9.429999999999999716e+00,9.169999999999999929e+00,1.419999999999999929e+00,3.950000000000000178e+00,3.109999999999999876e+00,1.699999999999999956e+00,5.509999999999999787e+00,5.190000000000000391e+00,1.799999999999999933e-01,3.200000000000000067e-01,0.000000000000000000e+00,5.300000000000000266e-01,2.919999999999999929e+00,1.820000000000000062e+00,1.400000000000000133e-01,4.600000000000000200e-01,3.910000000000000142e+00,2.140000000000000124e+00,1.790000000000000036e+00,2.120000000000000107e+00,3.259999999999999787e+00,1.209999999999999964e+00,3.569999999999999840e+00,1.316999999999999993e+01,1.807999999999999829e+01,3.100000000000000089e+00,5.389999999999999680e+00,2.919999999999999929e+00,4.669999999999999929e+00,6.940000000000000391e+00,7.399999999999999911e-01,1.570000000000000062e+00,1.520000000000000018e+00,1.860000000000000098e+00,1.889999999999999902e+00,3.300000000000000155e-01,4.400000000000000022e-01,1.600000000000000089e+00,3.609999999999999876e+00,3.799999999999999822e+00,1.876999999999999957e+01,1.050999999999999979e+01,1.406000000000000050e+01,1.023000000000000043e+01,0.000000000000000000e+00,0.000000000000000000e+00,5.450000000000000178e+00,2.810000000000000053e+00,3.560000000000000053e+00,0.000000000000000000e+00,2.040000000000000036e+00,5.959999999999999964e+00,2.089999999999999858e+00,1.330000000000000071e+00,2.620000000000000107e+00,1.479999999999999982e+00,6.299999999999999822e+00,8.060000000000000497e+00,0.000000000000000000e+00,3.200000000000000178e+00,5.500000000000000000e+00,1.340000000000000080e+00
2.800000000000000266e-01,0.000000000000000000e+00,0.000000000000000000e+00,0.000000000000000000e+00,0.000000000000000000e+00,2.700000000000000178e+00,0.000000000000000000e+00,0.000000000000000000e+00,0.000000000000000000e+00,0.000000000000000000e+00,0.000000000000000000e+00,4.120000000000000107e+00,9.050000000000000711e+00,5.589999999999999858e+00,6.629999999999999893e+00,0.000000000000000000e+00,1.979999999999999982e+00,3.720000000000000195e+00,3.229999999999999982e+00,0.000000000000000000e+00,2.049999999999999822e+00,1.989999999999999991e+00,7.049999999999999822e+00,1.625000000000000000e+01,1.247000000000000064e+01,4.800999999999999801e+01,1.700000000000000122e-01,3.690999999999999659e+01,7.299999999999999822e-01,3.500000000000000000e+00,1.719999999999999973e+00,2.029999999999999805e+00,0.000000000000000000e+00,0.000000000000000000e+00,0.000000000000000000e+00,2.560000000000000053e+00,9.499999999999999556e-01,1.050000000000000044e+00,0.000000000000000000e+00,2.410000000000000142e+00,0.000000000000000000e+00,0.000000000000000000e+00,9.400000000000000355e+00,2.955000000000000071e+01,6.679999999999999716e+00,0.000000000000000000e+00,0.000000000000000000e+00,0.000000000000000000e+00,7.940000000000000391e+00,2.799999999999999822e+00,1.139999999999999902e+00,0.000000000000000000e+00,6.860000000000000320e+00,6.259999999999999787e+00,4.469999999999999751e+00,2.729999999999999982e+00,0.000000000000000000e+00,0.000000000000000000e+00,1.479999999999999982e+00,0.000000000000000000e+00,4.740000000000000213e+00,0.000000000000000000e+00,1.750000000000000000e+00,0.000000000000000000e+00,1.770000000000000018e+00,1.300000000000000044e-01,8.470000000000000639e+00,7.823000000000000398e+01,7.490999999999999659e+01,3.060000000000000053e+00,2.859999999999999876e+00,0.000000000000000000e+00,6.900000000000000355e+00,8.539999999999999147e+00,5.360000000000000320e+00,2.540000000000000036e+00,3.040000000000000036e+00,0.000000000000000000e+00,2.370000000000000107e+00,1.010000000000000009e+00,0.000000000000000000e+00,7.519999999999999574e+00,3.810000000000000053e+00,0.000000000000000000e+00,0.000000000000000000e+00,1.173000000000000043e+01,4.200000000000000178e+00,6.370000000000000107e+00,4.769999999999999574e+00,7.330000000000000071e+00,6.509999999999999787e+00,4.889999999999999680e+00,4.480000000000000426e+00,2.740000000000000213e+00,1.689999999999999947e+00,5.160000000000000142e+00,5.879999999999999893e+00,1.560000000000000053e+00,2.879999999999999893e+00,1.610000000000000098e+00,3.540000000000000036e+00,1.429999999999999938e+00,0.000000000000000000e+00,2.140000000000000124e+00,3.600000000000000089e+00,1.280000000000000027e+00,3.129999999999999893e+00,7.750000000000000000e+00,5.514000000000000057e+01,6.500000000000000000e+00,0.000000000000000000e+00,1.399999999999999911e+00,2.279999999999999805e+00,2.560000000000000053e+00,4.349999999999999645e+00,3.120000000000000107e+00,7.019999999999999574e+00,9.980000000000000426e+00,1.129999999999999893e+00,2.509999999999999787e+00,3.040000000000000036e+00,2.410000000000000142e+00,7.919999999999999929e+00,6.199999999999999956e-01,4.200000000000000178e+00,0.000000000000000000e+00,0.000000000000000000e+00,1.199999999999999956e-01,5.639999999999999680e+00,7.320000000000000284e+00,5.799999999999999600e-01,7.580000000000000071e+00,4.669999999999999929e+00,0.000000000000000000e+00,4.190000000000000391e+00,1.919999999999999929e+00,5.299999999999999822e+00,0.000000000000000000e+00,8.949999999999997513e+00,6.000000000000000000e+00,3.959999999999999964e+00,0.000000000000000000e+00,0.000000000000000000e+00,2.040000000000000036e+00,4.290000000000000036e+00,1.709999999999999964e+00,1.899999999999999911e+00,1.489999999999999991e+00,2.600000000000000089e+00,2.669999999999999929e+00,3.060000000000000053e+00,1.075999999999999979e+01,4.150000000000000355e+00,1.300000000000000000e+01,7.080000000000000071e+00,1.280000000000000027e+00,3.649999999999999911e+00,5.200000000000000178e+00,2.660000000000000142e+00,3.560000000000000053e+00,2.779999999999999805e+00,2.850000000000000089e+00,1.620000000000000107e+00,2.770000000000000018e+00,9.599999999999999645e-01,5.120000000000000107e+00,3.279999999999999805e+00,1.959999999999999964e+00,3.100000000000000089e+00,7.889999999999999680e+00,6.759999999999999787e+00,0.000000000000000000e+00,0.000000000000000000e+00,0.000000000000000000e+00,4.099999999999999645e+00,6.330000000000000071e+00,6.690000000000000391e+00,0.000000000000000000e+00,4.480000000000000426e+00,0.000000000000000000e+00,3.009999999999999787e+00,9.200000000000000400e-01,5.110000000000000320e+00,3.450000000000000178e+00,1.614000000000000057e+01,0.000000000000000000e+00,0.000000000000000000e+00,2.209999999999999964e+00,4.000000000000000000e+00,0.000000000000000000e+00
0.000000000000000000e+00,1.799999999999999933e-01,0.000000000000000000e+00,0.000000000000000000e+00,0.000000000000000000e+00,0.000000000000000000e+00,0.000000000000000000e+00,0.000000000000000000e+00,1.700000000000000122e-01,1.400000000000000133e-01,0.000000000000000000e+00,0.000000000000000000e+00,2.000000000000000111e-01,1.139999999999999902e+00,1.479999999999999982e+00,2.999999999999999889e-02,0.000000000000000000e+00,0.000000000000000000e+00,0.000000000000000000e+00,0.000000000000000000e+00,0.000000000000000000e+00,0.000000000000000000e+00,7.900000000000000355e-01,1.000000000000000000e+00,9.100000000000000311e-01,1.556000000000000050e+01,1.729999999999999982e+00,0.000000000000000000e+00,2.680000000000000160e+00,0.000000000000000000e+00,8.519999999999999574e+00,0.000000000000000000e+00,1.000000000000000000e+00,0.000000000000000000e+00,0.000000000000000000e+00,0.000000000000000000e+00,0.000000000000000000e+00,0.000000000000000000e+00,0.000000000000000000e+00,8.599999999999999867e-01,0.000000000000000000e+00,9.300000000000000488e-01,3.129999999999999893e+00,2.509999999999999787e+00,0.000000000000000000e+00,9.470000000000000639e+00,0.000000000000000000e+00,0.000000000000000000e+00,0.000000000000000000e+00,0.000000000000000000e+00,0.000000000000000000e+00,0.000000000000000000e+00,0.000000000000000000e+00,0.000000000000000000e+00,2.259999999999999787e+00,0.000000000000000000e+00,0.000000000000000000e+00,0.000000000000000000e+00,3.400000000000000244e-01,3.049999999999999822e+00,0.000000000000000000e+00,0.000000000000000000e+00,0.000000000000000000e+00,2.790000000000000036e+00,0.000000000000000000e+00,0.000000000000000000e+00,4.799999999999999822e-01,1.820000000000000062e+00,2.000000000000000000e+00,0.000000000000000000e+00,0.000000000000000000e+00,2.300000000000000100e-01,4.500000000000000111e-01,0.000000000000000000e+00,1.979999999999999982e+00,0.000000000000000000e+00,1.899999999999999911e+00,2.300000000000000100e-01,0.000000000000000000e+00,0.000000000000000000e+00,0.000000000000000000e+00,1.320000000000000062e+00,0.000000000000000000e+00,0.000000000000000000e+00,0.000000000000000000e+00,5.100000000000000089e-01,1.310000000000000053e+00,0.000000000000000000e+00,1.219999999999999973e+00,9.699999999999999734e-01,0.000000000000000000e+00,5.799999999999999600e-01,1.000000000000000021e-02,0.000000000000000000e+00,1.239999999999999991e+00,6.800000000000000488e-01,0.000000000000000000e+00,0.000000000000000000e+00,0.000000000000000000e+00,0.000000000000000000e+00,7.099999999999999645e-01,2.950000000000000178e+00,1.919999999999999929e+00,2.009999999999999787e+00,6.600000000000000311e-01,2.399999999999999911e-01,0.000000000000000000e+00,7.099999999999999645e-01,0.000000000000000000e+00,0.000000000000000000e+00,1.699999999999999956e+00,4.699999999999999734e-01,1.250000000000000000e+00,0.000000000000000000e+00,0.000000000000000000e+00,8.800000000000000044e-01,2.100000000000000089e+00,2.279999999999999805e+00,1.229999999999999982e+00,0.000000000000000000e+00,0.000000000000000000e+00,4.509999999999999787e+00,3.589999999999999858e+00,0.000000000000000000e+00,0.000000000000000000e+00,8.949999999999997513e+00,0.000000000000000000e+00,0.000000000000000000e+00,0.000000000000000000e+00,3.370000000000000107e+00,0.000000000000000000e+00,3.740000000000000213e+00,0.000000000000000000e+00,0.000000000000000000e+00,0.000000000000000000e+00,1.900000000000000022e-01,8.000000000000000444e-01,0.000000000000000000e+00,0.000000000000000000e+00,1.870000000000000107e+00,0.000000000000000000e+00,0.000000000000000000e+00,0.000000000000000000e+00,3.800000000000000044e-01,0.000000000000000000e+00,0.000000000000000000e+00,0.000000000000000000e+00,0.000000000000000000e+00,9.599999999999999645e-01,1.090000000000000080e+00,1.700000000000000122e-01,1.199999999999999956e+00,0.000000000000000000e+00,0.000000000000000000e+00,4.490000000000000213e+00,3.220000000000000195e+00,3.859999999999999876e+00,4.190000000000000391e+00,2.899999999999999800e-01,0.000000000000000000e+00,4.400000000000000022e-01,0.000000000000000000e+00,0.000000000000000000e+00,0.000000000000000000e+00,0.000000000000000000e+00,2.800000000000000266e-01,0.000000000000000000e+00,0.000000000000000000e+00,0.000000000000000000e+00,0.000000000000000000e+00,0.000000000000000000e+00,2.700000000000000178e-01,3.599999999999999867e-01,4.000000000000000083e-02,0.000000000000000000e+00,0.000000000000000000e+00,0.000000000000000000e+00,0.000000000000000000e+00,0.000000000000000000e+00,0.000000000000000000e+00,6.999999999999999556e-01,0.000000000000000000e+00,1.000000000000000021e-02,0.000000000000000000e+00,9.050000000000000711e+00,0.000000000000000000e+00,2.250000000000000000e+00,0.000000000000000000e+00,0.000000000000000000e+00,1.139999999999999902e+00
4.271000000000000085e+01,5.142000000000000171e+01,0.000000000000000000e+00,0.000000000000000000e+00,1.340000000000000080e+00,9.499999999999999556e-01,1.120000000000000107e+00,5.400000000000000355e+00,9.050000000000000711e+00,1.367999999999999972e+01,6.400000000000000133e-01,5.000000000000000278e-02,2.350000000000000089e+00,0.000000000000000000e+00,0.000000000000000000e+00,0.000000000000000000e+00,5.000000000000000000e-01,0.000000000000000000e+00,2.500000000000000000e-01,9.799999999999999822e-01,0.000000000000000000e+00,7.299999999999999822e-01,4.400000000000000022e-01,1.750000000000000000e+00,8.800000000000000044e-01,6.999999999999999556e-01,7.700000000000000178e-01,3.800000000000000044e-01,0.000000000000000000e+00,0.000000000000000000e+00,4.910000000000000142e+00,4.699999999999999734e-01,5.999999999999999778e-02,2.520000000000000018e+00,4.360000000000000320e+00,0.000000000000000000e+00,0.000000000000000000e+00,0.000000000000000000e+00,0.000000000000000000e+00,0.000000000000000000e+00,0.000000000000000000e+00,6.274000000000000199e+01,9.599999999999999645e-01,1.090000000000000080e+00,0.000000000000000000e+00,1.659999999999999920e+00,6.350000000000000000e+01,5.132000000000000028e+01,8.334999999999998010e+01,7.407999999999999829e+01,1.678999999999999915e+01,2.960000000000000142e+01,0.000000000000000000e+00,3.560000000000000053e+00,3.430000000000000160e+00,1.499999999999999944e-01,4.860000000000000320e+00,2.259999999999999787e+00,5.730000000000000426e+00,4.199999999999999845e-01,1.850000000000000089e+00,3.595000000000000284e+01,1.123000000000000043e+01,1.044999999999999929e+01,6.199999999999999956e-01,6.490000000000000213e+00,0.000000000000000000e+00,7.099999999999999645e-01,0.000000000000000000e+00,8.789999999999999147e+00,0.000000000000000000e+00,0.000000000000000000e+00,3.580000000000000071e+00,0.000000000000000000e+00,1.590000000000000080e+00,0.000000000000000000e+00,1.939999999999999947e+00,1.030000000000000027e+00,7.000000000000000666e-02,1.979999999999999982e+00,0.000000000000000000e+00,6.984000000000000341e+01,1.794000000000000128e+01,1.517999999999999972e+01,1.739000000000000057e+01,1.830000000000000071e+00,2.867000000000000171e+01,2.800000000000000266e-01,1.066999999999999993e+01,2.180000000000000160e+00,0.000000000000000000e+00,7.179999999999999716e+00,9.799999999999999822e-01,5.000000000000000278e-02,1.887000000000000099e+01,1.400000000000000133e-01,0.000000000000000000e+00,2.600000000000000089e-01,7.740000000000000213e+00,7.000000000000000666e-02,7.600000000000000089e-01,0.000000000000000000e+00,4.099999999999999756e-01,0.000000000000000000e+00,1.629999999999999893e+00,2.999999999999999889e-02,9.689999999999999503e+00,2.270000000000000018e+00,4.790000000000000036e+00,2.410000000000000142e+00,1.919999999999999929e+00,4.500000000000000111e-01,7.631000000000000227e+01,1.139999999999999902e+00,0.000000000000000000e+00,0.000000000000000000e+00,1.350000000000000089e+00,0.000000000000000000e+00,2.417999999999999972e+01,2.487999999999999901e+01,2.569999999999999929e+01,0.000000000000000000e+00,0.000000000000000000e+00,0.000000000000000000e+00,0.000000000000000000e+00,2.819999999999999840e+00,5.300000000000000266e-01,0.000000000000000000e+00,7.026999999999999602e+01,2.016000000000000014e+01,6.300000000000000044e-01,0.000000000000000000e+00,0.000000000000000000e+00,0.000000000000000000e+00,0.000000000000000000e+00,1.439999999999999947e+00,9.000000000000000222e-01,0.000000000000000000e+00,3.900000000000000133e-01,1.229999999999999982e+00,7.199999999999999734e-01,1.199999999999999956e+00,0.000000000000000000e+00,1.639999999999999902e+00,0.000000000000000000e+00,5.999999999999999778e-02,0.000000000000000000e+00,5.200000000000000178e-01,1.649999999999999911e+00,1.070000000000000062e+00,1.499999999999999944e-01,1.979999999999999982e+00,1.060000000000000053e+00,8.710000000000000853e+00,8.670999999999997954e+01,7.399999999999999911e-01,6.600000000000000311e-01,1.610000000000000098e+00,1.590000000000000080e+00,3.189999999999999947e+00,8.000000000000000444e-01,1.669999999999999929e+00,5.200000000000000178e-01,3.599999999999999867e-01,6.330000000000000071e+00,3.300000000000000155e-01,0.000000000000000000e+00,1.370000000000000107e+00,0.000000000000000000e+00,9.699999999999999734e-01,4.600000000000000200e-01,2.800000000000000266e-01,0.000000000000000000e+00,8.100000000000000533e-01,2.450000000000000000e+01,0.000000000000000000e+00,0.000000000000000000e+00,8.999999999999999667e-02,0.000000000000000000e+00,1.250000000000000000e+00,5.075999999999999801e+01,4.600000000000000200e-01,4.400000000000000022e-01,0.000000000000000000e+00,5.899999999999999689e-01,1.959999999999999964e+00,0.000000000000000000e+00,6.259999999999999787e+00,4.209999999999999964e+00,1.189999999999999947e+00
5.330000000000000071e+00,4.589999999999999858e+00,1.540000000000000036e+00,1.350000000000000089e+00,2.999999999999999889e-01,4.269999999999999574e+00,2.910000000000000142e+00,1.729999999999999982e+00,0.000000000000000000e+00,0.000000000000000000e+00,3.529999999999999805e+00,2.520000000000000018e+00,5.900000000000000355e+00,1.400000000000000133e-01,3.180000000000000160e+00,1.469999999999999973e+00,1.100000000000000006e-01,2.859999999999999876e+00,1.830000000000000071e+00,0.000000000000000000e+00,0.000000000000000000e+00,0.000000000000000000e+00,2.800000000000000266e-01,6.219999999999999751e+00,5.100000000000000089e-01,2.379999999999999893e+00,2.300000000000000100e-01,0.000000000000000000e+00,8.460000000000000853e+00,7.469999999999999751e+00,5.209999999999999964e+00,7.900000000000000355e-01,5.699999999999999512e-01,0.000000000000000000e+00,5.400000000000000355e-01,2.270000000000000018e+00,3.859999999999999876e+00,3.819999999999999840e+00,3.189999999999999947e+00,1.283000000000000007e+01,7.370000000000000107e+00,1.760000000000000009e+00,2.359999999999999876e+00,0.000000000000000000e+00,3.169999999999999929e+00,1.252999999999999936e+01,2.240000000000000213e+00,8.449999999999999289e+00,6.330000000000000071e+00,7.709999999999999964e+00,2.899999999999999911e+00,3.209999999999999964e+00,0.000000000000000000e+00,9.710000000000000853e+00,4.030000000000000249e+00,3.290000000000000036e+00,1.070000000000000062e+00,3.740000000000000213e+00,4.769999999999999574e+00,2.520000000000000018e+00,1.979999999999999982e+00,1.280000000000000027e+00,3.549999999999999822e+00,1.590000000000000080e+00,3.350000000000000089e+00,1.629999999999999893e+00,0.000000000000000000e+00,3.359999999999999876e+00,3.129999999999999893e+00,4.589999999999999858e+00,0.000000000000000000e+00,0.000000000000000000e+00,9.460000000000000853e+00,6.519999999999999574e+00,3.699999999999999956e-01,2.839999999999999858e+00,7.199999999999999734e-01,4.000000000000000222e-01,2.979999999999999982e+00,1.860000000000000098e+00,0.000000000000000000e+00,4.719999999999999751e+00,6.660000000000000142e+00,3.560000000000000053e+00,2.220000000000000195e+00,3.910000000000000142e+00,4.349999999999999645e+00,3.830000000000000071e+00,8.499999999999999778e-01,2.979999999999999982e+00,4.580000000000000071e+00,4.299999999999999822e+00,2.600000000000000089e+00,3.669999999999999929e+00,5.549999999999999822e+00,3.560000000000000053e+00,2.509999999999999787e+00,4.990000000000000213e+00,8.970000000000002416e+00,1.100000000000000089e+00,2.720000000000000195e+00,2.099999999999999922e-01,3.870000000000000107e+00,2.859999999999999876e+00,2.979999999999999982e+00,0.000000000000000000e+00,4.899999999999999911e-01,5.410000000000000142e+00,2.100000000000000089e+00,0.000000000000000000e+00,0.000000000000000000e+00,0.000000000000000000e+00,1.439999999999999947e+00,1.709999999999999964e+00,4.269999999999999574e+00,9.100000000000000311e-01,2.279999999999999805e+00,7.540000000000000036e+00,2.000000000000000000e+00,2.629999999999999893e+00,2.740000000000000213e+00,0.000000000000000000e+00,4.259999999999999787e+00,1.239999999999999991e+00,4.990000000000000213e+00,0.000000000000000000e+00,1.909999999999999920e+00,0.000000000000000000e+00,6.219999999999999751e+00,1.550000000000000044e+00,0.000000000000000000e+00,7.150000000000000355e+00,5.400000000000000355e+00,0.000000000000000000e+00,4.019999999999999574e+00,5.500000000000000444e-01,0.000000000000000000e+00,5.400000000000000355e-01,0.000000000000000000e+00,3.580000000000000071e+00,0.000000000000000000e+00,1.370000000000000107e+00,5.899999999999999689e-01,2.099999999999999922e-01,2.660000000000000142e+00,3.890000000000000124e+00,3.279999999999999805e+00,4.299999999999999822e+00,2.930000000000000160e+00,1.820000000000000062e+00,2.359999999999999876e+00,8.289999999999999147e+00,3.060000000000000053e+00,1.810000000000000053e+00,5.030000000000000249e+00,1.026999999999999957e+01,2.700000000000000178e+00,3.040000000000000036e+00,8.900000000000000133e-01,2.310000000000000053e+00,1.540000000000000036e+00,1.860000000000000098e+00,8.240000000000000213e+00,8.900000000000000133e-01,1.209999999999999964e+00,3.379999999999999893e+00,1.550000000000000044e+00,2.509999999999999787e+00,4.500000000000000000e+00,4.799999999999999822e+00,6.379999999999999893e+00,0.000000000000000000e+00,0.000000000000000000e+00,0.000000000000000000e+00,5.070000000000000284e+00,4.040000000000000036e+00,2.669999999999999929e+00,0.000000000000000000e+00,2.300000000000000100e-01,3.599999999999999867e-01,1.000000000000000056e-01,9.699999999999999734e-01,3.830000000000000071e+00,5.300000000000000266e-01,9.300000000000000711e+00,0.000000000000000000e+00,0.000000000000000000e+00,5.889999999999999680e+00,2.850000000000000089e+00,4.699999999999999734e-01
6.931999999999999318e+01,4.775000000000000000e+01,2.399999999999999911e-01,1.419999999999999929e+00,3.629999999999999893e+00,3.939999999999999947e+00,1.214000000000000057e+01,7.940000000000000391e+00,7.330000000000000071e+00,0.000000000000000000e+00,1.334999999999999964e+01,1.216999999999999993e+01,1.033999999999999986e+01,1.118999999999999950e+01,1.864000000000000057e+01,0.000000000000000000e+00,7.000000000000000666e-02,4.530000000000000249e+00,4.209999999999999964e+00,0.000000000000000000e+00,0.000000000000000000e+00,5.300000000000000266e-01,4.504999999999999716e+01,4.703999999999999915e+01,1.217999999999999972e+01,1.646000000000000085e+01,3.965999999999999659e+01,1.544999999999999929e+01,3.279999999999999805e+00,2.560000000000000053e+00,1.550000000000000044e+00,4.969999999999999751e+00,4.269999999999999574e+00,6.169999999999999929e+00,5.500000000000000000e+00,6.110000000000000320e+00,3.649999999999999911e+00,3.259999999999999787e+00,5.280000000000000249e+00,4.450000000000000178e+00,2.419999999999999929e+00,2.120000000000000107e+00,2.871000000000000085e+01,1.623999999999999844e+01,1.423000000000000043e+01,3.520000000000000018e+00,3.250000000000000000e+00,5.889999999999999680e+00,1.110999999999999943e+01,8.960000000000002629e+00,4.719999999999999751e+00,3.919999999999999929e+00,9.100000000000000311e-01,9.630000000000000782e+00,4.969999999999999751e+00,3.379999999999999893e+00,4.799999999999999822e+00,4.980000000000000426e+00,7.389999999999999680e+00,1.989999999999999991e+00,2.898999999999999844e+01,1.639999999999999902e+00,7.059999999999999609e+00,9.859999999999999432e+00,2.720000000000000195e+00,2.651999999999999957e+01,1.699999999999999956e+00,8.568000000000002103e+01,8.335999999999999943e+01,1.571000000000000085e+01,2.660999999999999943e+01,4.620000000000000107e+00,4.820000000000000284e+00,5.230000000000000426e+00,6.459999999999999964e+00,1.639999999999999902e+00,2.609999999999999876e+00,1.629999999999999893e+00,5.429999999999999716e+00,2.009999999999999787e+00,0.000000000000000000e+00,2.880999999999999872e+01,1.350000000000000000e+01,4.114999999999999858e+01,4.320000000000000284e+00,4.929999999999999716e+00,4.899000000000000199e+01,7.889999999999999680e+00,2.120000000000000107e+00,2.010000000000000142e+01,5.320000000000000284e+00,4.019999999999999574e+00,5.450000000000000178e+00,7.879999999999999893e+00,9.429999999999999716e+00,4.959999999999999964e+00,7.900000000000000355e-01,2.500000000000000000e+00,3.620000000000000107e+00,1.560000000000000053e+00,4.990000000000000213e+00,1.239999999999999991e+00,5.750000000000000000e+00,1.149999999999999911e+00,2.470000000000000195e+00,6.349999999999999645e+00,1.885999999999999943e+01,1.621999999999999886e+01,2.321999999999999886e+01,1.522000000000000064e+01,1.244999999999999929e+01,9.499999999999999556e-01,1.108000000000000007e+01,3.600000000000000089e+00,5.110000000000000320e+00,4.030000000000000249e+00,2.450000000000000178e+00,7.160000000000000142e+00,3.459999999999999964e+00,7.740000000000000213e+00,8.439999999999999503e+00,1.610000000000000142e+01,5.780000000000000249e+00,3.040000000000000036e+00,5.730000000000000426e+00,0.000000000000000000e+00,1.900000000000000022e-01,2.999999999999999889e-01,4.302000000000000313e+01,4.495000000000000284e+01,3.339999999999999858e+00,5.389999999999999680e+00,5.480000000000000426e+00,0.000000000000000000e+00,3.220000000000000195e+00,2.660000000000000142e+00,1.360000000000000098e+00,7.700000000000000178e-01,8.299999999999999600e-01,2.189999999999999947e+00,2.259999999999999787e+00,1.959999999999999964e+00,2.709999999999999964e+00,1.629999999999999893e+00,1.760000000000000009e+00,4.370000000000000107e+00,4.750000000000000000e+00,5.790000000000000036e+00,3.250000000000000000e+00,1.959999999999999964e+00,1.850000000000000089e+00,1.147000000000000064e+01,6.089999999999999858e+00,0.000000000000000000e+00,9.730000000000000426e+00,2.509999999999999787e+00,4.969999999999999751e+00,1.025000000000000000e+01,3.509999999999999787e+00,2.350000000000000089e+00,1.429999999999999938e+00,2.470000000000000195e+00,3.859999999999999876e+00,2.250000000000000000e+00,2.669999999999999929e+00,6.009999999999999787e+00,4.490000000000000213e+00,5.190000000000000391e+00,4.219999999999999751e+00,1.535999999999999943e+01,4.910999999999999943e+01,1.219999999999999973e+00,0.000000000000000000e+00,0.000000000000000000e+00,5.830000000000000071e+00,5.410000000000000142e+00,9.070000000000000284e+00,0.000000000000000000e+00,3.120000000000000107e+00,6.129999999999999893e+00,6.019999999999999574e+00,2.060000000000000053e+00,4.129999999999999893e+00,1.600000000000000089e+00,8.589999999999999858e+00,4.799999999999999822e+00,0.000000000000000000e+00,8.970000000000002416e+00,2.669000000000000128e+01,2.839999999999999858e+00
1.649999999999999911e+00,2.720000000000000195e+00,3.499999999999999778e-01,2.600000000000000089e-01,8.399999999999999689e-01,6.600000000000000311e-01,1.969999999999999973e+00,2.339999999999999858e+00,1.840000000000000080e+00,0.000000000000000000e+00,2.169999999999999929e+00,2.680000000000000160e+00,3.600000000000000089e+00,0.000000000000000000e+00,2.220000000000000195e+00,0.000000000000000000e+00,6.300000000000000044e-01,6.500000000000000222e-01,7.700000000000000178e-01,1.000000000000000021e-02,5.400000000000000355e-01,5.400000000000000355e-01,6.700000000000000400e-01,1.360000000000000098e+00,1.689999999999999947e+00,7.600000000000000089e-01,3.599999999999999867e-01,0.000000000000000000e+00,9.300000000000000488e-01,1.649999999999999911e+00,2.220000000000000195e+00,1.070000000000000062e+00,3.499999999999999778e-01,3.049999999999999822e+00,2.500000000000000000e+00,6.259999999999999787e+00,1.479999999999999982e+00,1.659999999999999920e+00,0.000000000000000000e+00,3.339999999999999858e+00,0.000000000000000000e+00,1.310000000000000053e+00,1.050000000000000044e+00,0.000000000000000000e+00,1.270000000000000018e+00,6.267999999999999972e+01,1.060000000000000053e+00,2.450000000000000178e+00,5.900000000000000355e+00,3.160000000000000142e+00,4.290000000000000036e+00,2.580000000000000071e+00,1.729999999999999982e+00,5.622999999999999687e+01,0.000000000000000000e+00,6.700000000000000400e-01,1.889999999999999902e+00,1.219999999999999973e+00,1.629999999999999893e+00,1.469999999999999973e+00,3.700000000000000178e+00,1.400000000000000133e-01,2.899999999999999800e-01,0.000000000000000000e+00,4.199999999999999845e-01,2.390000000000000124e+00,1.689999999999999947e+00,1.550000000000000044e+00,1.060000000000000053e+00,2.779999999999999805e+00,2.600000000000000089e-01,6.899999999999999467e-01,2.669999999999999929e+00,3.740000000000000213e+00,9.799999999999999822e-01,1.389999999999999902e+00,3.129999999999999893e+00,5.000000000000000000e-01,1.350000000000000089e+00,1.020000000000000018e+00,2.700000000000000178e-01,1.510000000000000009e+00,3.240000000000000213e+00,1.389999999999999902e+00,1.610000000000000098e+00,2.270000000000000018e+00,2.299999999999999822e+00,3.950000000000000178e+00,8.000000000000000444e-01,3.790000000000000036e+00,2.370000000000000107e+00,2.790000000000000036e+00,0.000000000000000000e+00,2.500000000000000000e-01,5.870000000000000107e+00,4.059999999999999609e+00,3.850000000000000089e+00,1.419999999999999929e+00,2.720000000000000195e+00,9.899999999999999911e-01,1.850000000000000089e+00,5.000000000000000000e-01,1.639999999999999902e+00,7.000000000000000666e-02,0.000000000000000000e+00,2.160000000000000142e+00,0.000000000000000000e+00,3.649999999999999911e+00,2.240000000000000213e+00,1.389999999999999902e+00,2.029999999999999805e+00,0.000000000000000000e+00,1.310000000000000053e+00,7.900000000000000355e-01,1.739999999999999991e+00,4.450000000000000178e+00,2.470000000000000195e+00,0.000000000000000000e+00,3.300000000000000155e-01,2.589999999999999858e+00,0.000000000000000000e+00,2.500000000000000000e-01,3.099999999999999978e-01,0.000000000000000000e+00,2.330000000000000071e+00,0.000000000000000000e+00,0.000000000000000000e+00,0.000000000000000000e+00,4.330000000000000071e+00,5.400000000000000355e-01,1.040000000000000036e+00,4.440000000000000391e+00,1.919999999999999929e+00,1.570000000000000062e+00,2.140000000000000124e+00,1.989999999999999991e+00,1.700000000000000122e-01,0.000000000000000000e+00,3.200000000000000067e-01,2.950000000000000178e+00,5.300000000000000266e-01,2.109999999999999876e+00,0.000000000000000000e+00,5.699999999999999512e-01,1.000000000000000021e-02,3.890000000000000124e+00,2.399999999999999911e-01,8.900000000000000133e-01,7.700000000000000178e-01,9.399999999999999467e-01,1.229999999999999982e+00,0.000000000000000000e+00,5.400000000000000355e-01,0.000000000000000000e+00,3.220000000000000195e+00,0.000000000000000000e+00,1.370000000000000107e+00,1.060000000000000053e+00,3.300000000000000155e-01,9.000000000000000222e-01,1.830000000000000071e+00,0.000000000000000000e+00,1.250000000000000000e+00,1.030000000000000027e+00,1.080000000000000071e+00,2.099999999999999922e-01,0.000000000000000000e+00,2.620000000000000107e+00,1.080000000000000071e+00,3.180000000000000160e+00,2.839999999999999858e+00,0.000000000000000000e+00,0.000000000000000000e+00,0.000000000000000000e+00,4.509999999999999787e+00,1.620000000000000107e+00,1.919999999999999929e+00,0.000000000000000000e+00,1.669999999999999929e+00,2.799999999999999822e+00,2.790000000000000036e+00,6.800000000000000488e-01,1.949999999999999956e+00,5.999999999999999778e-01,2.890000000000000124e+00,2.729999999999999982e+00,0.000000000000000000e+00,1.219999999999999973e+00,5.759999999999999787e+00,1.969999999999999973e+00
5.610000000000000320e+00,3.709999999999999964e+00,9.699999999999999734e-01,1.100000000000000089e+00,1.600000000000000089e+00,1.409999999999999920e+00,2.149999999999999911e+00,1.610000000000000098e+00,2.419999999999999929e+00,0.000000000000000000e+00,2.580000000000000071e+00,0.000000000000000000e+00,3.549999999999999822e+00,0.000000000000000000e+00,9.000000000000000222e-01,1.060000000000000053e+00,0.000000000000000000e+00,1.899999999999999911e+00,6.199999999999999956e-01,0.000000000000000000e+00,2.899999999999999800e-01,0.000000000000000000e+00,7.900000000000000355e-01,1.620000000000000107e+00,2.270000000000000018e+00,3.410000000000000142e+00,1.280000000000000027e+00,6.730000000000000426e+00,4.200000000000000178e+00,2.160000000000000142e+00,4.740000000000000213e+00,0.000000000000000000e+00,2.950000000000000178e+00,2.040000000000000036e+00,9.089999999999999858e+00,2.129999999999999893e+00,3.229999999999999982e+00,3.140000000000000124e+00,4.000000000000000000e+00,4.049999999999999822e+00,1.400000000000000133e-01,3.140000000000000124e+00,7.049999999999999822e+00,3.140000000000000124e+00,2.040000000000000036e+00,1.320000000000000062e+00,8.499999999999999778e-01,2.580000000000000071e+00,7.900000000000000355e+00,5.320000000000000284e+00,2.990000000000000213e+00,2.740000000000000213e+00,1.340000000000000080e+00,7.110000000000000320e+00,9.300000000000000488e-01,2.120000000000000107e+00,7.000000000000000000e+00,3.919999999999999929e+00,5.150000000000000355e+00,0.000000000000000000e+00,1.090000000000000080e+00,5.699999999999999512e-01,8.029999999999999361e+00,1.060000000000000053e+00,2.129999999999999893e+00,0.000000000000000000e+00,5.730000000000000426e+00,3.859999999999999876e+00,3.759999999999999787e+00,2.250000000000000000e+00,4.059999999999999609e+00,3.049999999999999822e+00,4.179999999999999716e+00,3.830000000000000071e+00,2.459999999999999964e+00,2.580000000000000071e+00,0.000000000000000000e+00,1.050000000000000044e+00,5.200000000000000178e-01,0.000000000000000000e+00,0.000000000000000000e+00,3.520000000000000018e+00,3.790000000000000036e+00,4.799999999999999822e-01,2.149999999999999911e+00,2.470000000000000195e+00,4.589999999999999858e+00,2.950000000000000178e+00,8.000000000000000167e-02,5.349999999999999645e+00,1.860000000000000098e+00,1.280000000000000027e+00,0.000000000000000000e+00,2.799999999999999822e+00,0.000000000000000000e+00,1.830000000000000071e+00,2.160000000000000142e+00,2.049999999999999822e+00,1.500000000000000000e+00,1.310000000000000053e+00,3.279999999999999805e+00,0.000000000000000000e+00,2.500000000000000000e+00,2.999999999999999889e-01,3.669999999999999929e+00,7.299999999999999822e-01,2.459999999999999964e+00,5.370000000000000107e+00,2.160000000000000142e+00,1.000000000000000000e+00,3.660000000000000142e+00,0.000000000000000000e+00,3.990000000000000213e+00,2.319999999999999840e+00,3.609999999999999876e+00,3.950000000000000178e+00,3.029999999999999805e+00,6.330000000000000071e+00,3.899999999999999911e+00,2.109999999999999876e+00,1.669999999999999929e+00,4.240000000000000213e+00,3.700000000000000178e+00,1.820000000000000062e+00,3.029999999999999805e+00,0.000000000000000000e+00,5.990000000000000213e+00,0.000000000000000000e+00,5.629999999999999893e+00,6.459999999999999964e+00,1.750000000000000000e+00,5.799999999999999600e-01,4.790000000000000036e+00,4.799999999999999822e+00,4.049999999999999822e+00,2.870000000000000107e+00,8.100000000000000533e-01,0.000000000000000000e+00,5.999999999999999778e-01,2.470000000000000195e+00,0.000000000000000000e+00,1.320000000000000062e+00,1.070000000000000062e+00,7.000000000000000666e-02,1.520000000000000018e+00,2.379999999999999893e+00,2.919999999999999929e+00,3.609999999999999876e+00,8.900000000000000133e-01,1.669999999999999929e+00,1.030000000000000027e+00,8.820000000000000284e+00,2.759999999999999787e+00,2.419999999999999929e+00,1.189999999999999947e+00,4.600000000000000200e-01,2.830000000000000071e+00,2.939999999999999947e+00,1.169999999999999929e+00,1.709999999999999964e+00,5.999999999999999778e-02,1.300000000000000044e+00,2.649999999999999911e+00,9.100000000000000311e-01,6.999999999999999556e-01,4.139999999999999680e+00,4.000000000000000083e-02,2.890000000000000124e+00,4.910000000000000142e+00,4.070000000000000284e+00,6.999999999999999556e-01,0.000000000000000000e+00,0.000000000000000000e+00,5.699999999999999512e-01,2.910000000000000142e+00,5.790000000000000036e+00,5.620000000000000107e+00,0.000000000000000000e+00,2.799999999999999822e+00,3.910000000000000142e+00,2.069999999999999840e+00,2.330000000000000071e+00,2.459999999999999964e+00,4.500000000000000111e-01,4.019999999999999574e+00,2.049999999999999822e+00,0.000000000000000000e+00,1.889999999999999902e+00,0.000000000000000000e+00,8.199999999999999512e-01
1.790000000000000036e+00,3.540000000000000036e+00,0.000000000000000000e+00,3.599999999999999867e-01,2.129999999999999893e+00,0.000000000000000000e+00,1.909999999999999920e+00,2.299999999999999822e+00,8.299999999999999600e-01,0.000000000000000000e+00,6.800000000000000488e-01,1.310000000000000053e+00,1.719999999999999973e+00,1.510000000000000009e+00,7.800000000000000266e-01,0.000000000000000000e+00,7.600000000000000089e-01,6.600000000000000311e-01,8.000000000000000167e-02,0.000000000000000000e+00,1.600000000000000033e-01,0.000000000000000000e+00,0.000000000000000000e+00,4.000000000000000222e-01,8.699999999999999956e-01,3.800000000000000044e-01,4.199999999999999845e-01,0.000000000000000000e+00,1.499999999999999944e-01,0.000000000000000000e+00,5.730000000000000426e+00,0.000000000000000000e+00,4.400000000000000022e-01,5.600000000000000533e-01,1.810000000000000053e+00,0.000000000000000000e+00,8.499999999999999778e-01,6.600000000000000311e-01,2.600000000000000089e-01,3.900000000000000133e-01,0.000000000000000000e+00,3.599999999999999867e-01,2.800000000000000266e-01,0.000000000000000000e+00,0.000000000000000000e+00,6.300000000000000044e-01,0.000000000000000000e+00,1.469999999999999973e+00,4.240000000000000213e+00,2.689999999999999947e+00,2.459999999999999964e+00,0.000000000000000000e+00,0.000000000000000000e+00,5.370000000000000107e+00,7.500000000000000000e-01,5.600000000000000533e-01,1.479999999999999982e+00,1.600000000000000089e+00,1.580000000000000071e+00,2.300000000000000100e-01,2.109999999999999876e+00,2.999999999999999889e-01,0.000000000000000000e+00,8.000000000000000167e-02,5.999999999999999778e-01,0.000000000000000000e+00,2.850000000000000089e+00,6.899999999999999467e-01,0.000000000000000000e+00,1.679999999999999938e+00,0.000000000000000000e+00,2.300000000000000100e-01,1.939999999999999947e+00,2.430000000000000160e+00,3.540000000000000036e+00,0.000000000000000000e+00,1.780000000000000027e+00,6.400000000000000133e-01,1.629999999999999893e+00,0.000000000000000000e+00,5.300000000000000266e-01,4.309999999999999609e+00,6.240000000000000213e+00,6.999999999999999556e-01,5.799999999999999600e-01,1.239999999999999991e+00,8.699999999999999956e-01,1.229999999999999982e+00,1.199999999999999956e-01,1.929999999999999938e+00,3.900000000000000133e-01,1.360000000000000098e+00,3.499999999999999778e-01,0.000000000000000000e+00,0.000000000000000000e+00,0.000000000000000000e+00,2.169999999999999929e+00,3.400000000000000244e-01,8.000000000000000444e-01,5.200000000000000178e-01,1.169999999999999929e+00,5.999999999999999778e-01,0.000000000000000000e+00,1.100000000000000006e-01,1.799999999999999933e-01,0.000000000000000000e+00,1.000000000000000000e+00,2.229999999999999982e+00,4.699999999999999734e-01,5.699999999999999512e-01,1.040000000000000036e+00,0.000000000000000000e+00,1.899999999999999911e+00,9.689999999999999503e+00,2.180000000000000160e+00,2.270000000000000018e+00,2.700000000000000178e+00,3.120000000000000107e+00,8.000000000000000167e-02,2.099999999999999922e-01,1.499999999999999944e-01,0.000000000000000000e+00,0.000000000000000000e+00,6.400000000000000133e-01,1.500000000000000000e+00,0.000000000000000000e+00,0.000000000000000000e+00,0.000000000000000000e+00,5.559999999999999609e+00,1.370000000000000107e+00,8.499999999999999778e-01,1.209999999999999964e+00,1.000000000000000000e+00,0.000000000000000000e+00,1.060000000000000053e+00,1.320000000000000062e+00,0.000000000000000000e+00,0.000000000000000000e+00,7.099999999999999645e-01,4.320000000000000284e+00,3.099999999999999978e-01,1.500000000000000000e+00,4.299999999999999933e-01,0.000000000000000000e+00,5.400000000000000355e-01,1.570000000000000062e+00,3.299999999999999822e+00,1.699999999999999956e+00,2.099999999999999922e-01,0.000000000000000000e+00,5.200000000000000178e-01,1.000000000000000000e+00,0.000000000000000000e+00,0.000000000000000000e+00,5.899999999999999689e-01,4.299999999999999933e-01,4.199999999999999845e-01,3.800000000000000044e-01,1.409999999999999920e+00,0.000000000000000000e+00,9.000000000000000222e-01,1.000000000000000056e-01,1.159999999999999920e+00,0.000000000000000000e+00,0.000000000000000000e+00,2.899999999999999800e-01,0.000000000000000000e+00,0.000000000000000000e+00,1.570000000000000062e+00,0.000000000000000000e+00,4.790000000000000036e+00,0.000000000000000000e+00,0.000000000000000000e+00,0.000000000000000000e+00,3.109999999999999876e+00,1.600000000000000033e-01,0.000000000000000000e+00,0.000000000000000000e+00,7.800000000000000266e-01,1.750000000000000000e+00,1.489999999999999991e+00,2.300000000000000100e-01,4.500000000000000111e-01,2.200000000000000011e-01,4.360000000000000320e+00,1.699999999999999956e+00,0.000000000000000000e+00,2.800000000000000266e-01,5.899999999999999689e-01,1.260000000000000009e+00
3.089999999999999858e+00,8.299999999999999600e-01,0.000000000000000000e+00,0.000000000000000000e+00,0.000000000000000000e+00,0.000000000000000000e+00,0.000000000000000000e+00,0.000000000000000000e+00,0.000000000000000000e+00,0.000000000000000000e+00,0.000000000000000000e+00,3.439999999999999947e+00,4.730000000000000426e+00,0.000000000000000000e+00,1.540000000000000036e+00,0.000000000000000000e+00,0.000000000000000000e+00,2.700000000000000178e+00,2.649999999999999911e+00,0.000000000000000000e+00,0.000000000000000000e+00,0.000000000000000000e+00,0.000000000000000000e+00,0.000000000000000000e+00,0.000000000000000000e+00,0.000000000000000000e+00,0.000000000000000000e+00,0.000000000000000000e+00,4.099999999999999756e-01,2.500000000000000000e+00,3.370000000000000107e+00,1.389999999999999902e+00,0.000000000000000000e+00,0.000000000000000000e+00,4.400000000000000022e-01,1.669999999999999929e+00,6.300000000000000044e-01,0.000000000000000000e+00,0.000000000000000000e+00,3.450000000000000178e+00,0.000000000000000000e+00,1.429999999999999938e+00,0.000000000000000000e+00,0.000000000000000000e+00,2.810000000000000053e+00,6.948999999999999488e+01,0.000000000000000000e+00,1.290000000000000036e+00,7.000000000000000000e+00,7.879999999999999893e+00,0.000000000000000000e+00,0.000000000000000000e+00,1.083000000000000007e+01,4.256000000000000227e+01,2.740000000000000213e+00,2.700000000000000178e+00,0.000000000000000000e+00,1.070000000000000062e+00,2.999999999999999889e-01,0.000000000000000000e+00,4.839999999999999858e+00,0.000000000000000000e+00,4.339999999999999858e+00,0.000000000000000000e+00,2.640000000000000124e+00,0.000000000000000000e+00,0.000000000000000000e+00,0.000000000000000000e+00,0.000000000000000000e+00,7.330000000000000071e+00,0.000000000000000000e+00,0.000000000000000000e+00,9.380000000000000782e+00,6.980000000000000426e+00,2.870000000000000107e+00,2.560000000000000053e+00,9.200000000000000400e-01,0.000000000000000000e+00,3.520000000000000018e+00,1.189999999999999947e+00,0.000000000000000000e+00,1.011999999999999922e+01,3.379999999999999893e+00,4.000000000000000222e-01,0.000000000000000000e+00,2.959999999999999964e+00,4.599999999999999645e+00,1.959999999999999964e+00,7.199999999999999734e-01,3.169999999999999929e+00,5.299999999999999822e+00,3.979999999999999982e+00,3.430000000000000160e+00,4.879999999999999893e+00,6.509999999999999787e+00,5.250000000000000000e+00,2.500000000000000000e+00,1.300000000000000044e+00,3.069999999999999840e+00,1.320000000000000062e+00,1.989999999999999991e+00,2.300000000000000100e-01,3.890000000000000124e+00,2.979999999999999982e+00,5.299999999999999822e+00,2.910000000000000142e+00,1.810000000000000053e+00,4.509999999999999787e+00,2.720000000000000195e+00,2.359999999999999876e+00,4.889999999999999680e+00,0.000000000000000000e+00,1.270000000000000018e+00,1.949999999999999956e+00,5.019999999999999574e+00,4.549999999999999822e+00,3.080000000000000071e+00,6.049999999999999822e+00,1.399999999999999911e+00,3.000000000000000000e+00,2.000000000000000000e+00,0.000000000000000000e+00,5.639999999999999680e+00,9.300000000000000488e-01,5.049999999999999822e+00,0.000000000000000000e+00,1.459999999999999964e+00,0.000000000000000000e+00,6.940000000000000391e+00,3.750000000000000000e+00,2.060000000000000053e+00,7.000000000000000000e+00,5.030000000000000249e+00,0.000000000000000000e+00,3.600000000000000089e+00,7.199999999999999734e-01,0.000000000000000000e+00,0.000000000000000000e+00,0.000000000000000000e+00,3.689999999999999947e+00,1.409999999999999920e+00,0.000000000000000000e+00,0.000000000000000000e+00,9.499999999999999556e-01,5.000000000000000000e-01,1.900000000000000022e-01,6.400000000000000133e-01,0.000000000000000000e+00,3.470000000000000195e+00,2.310000000000000053e+00,2.169999999999999929e+00,3.859999999999999876e+00,4.610000000000000320e+00,3.259999999999999787e+00,7.139999999999999680e+00,1.360000000000000098e+00,7.199999999999999734e-01,4.459999999999999964e+00,0.000000000000000000e+00,1.500000000000000000e+00,0.000000000000000000e+00,2.020000000000000018e+00,1.159999999999999920e+00,0.000000000000000000e+00,9.499999999999999556e-01,1.159999999999999920e+00,2.669999999999999929e+00,3.290000000000000036e+00,2.189999999999999947e+00,4.599999999999999645e+00,6.709999999999999964e+00,0.000000000000000000e+00,0.000000000000000000e+00,0.000000000000000000e+00,8.550000000000000711e+00,4.320000000000000284e+00,2.669999999999999929e+00,0.000000000000000000e+00,1.020000000000000018e+00,0.000000000000000000e+00,7.700000000000000178e-01,0.000000000000000000e+00,2.709999999999999964e+00,1.219999999999999973e+00,1.111999999999999922e+01,0.000000000000000000e+00,0.000000000000000000e+00,2.520000000000000018e+00,4.450000000000000178e+00,0.000000000000000000e+00
1.860000000000000098e+00,2.799999999999999822e+00,0.000000000000000000e+00,2.129999999999999893e+00,1.850000000000000089e+00,9.745000000000000284e+01,2.779999999999999805e+00,1.949999999999999956e+00,3.699999999999999956e-01,1.705000000000000071e+01,3.500000000000000000e+00,3.680000000000000160e+00,9.609999999999999432e+00,8.199999999999999512e-01,2.240000000000000213e+00,0.000000000000000000e+00,2.294000000000000128e+01,8.789999999999999147e+00,2.089000000000000057e+01,7.540000000000000036e+00,2.450000000000000178e+00,1.709999999999999964e+00,1.729999999999999982e+00,1.780000000000000027e+00,4.099999999999999645e+00,7.700000000000000178e+00,2.089999999999999858e+00,4.480000000000000426e+00,9.100000000000000311e-01,5.831000000000000227e+01,2.700000000000000178e+00,5.907999999999999829e+01,3.200000000000000178e+00,3.431000000000000227e+01,1.379999999999999893e+00,3.185999999999999943e+01,2.373999999999999844e+01,2.087999999999999901e+01,3.538000000000000256e+01,3.520000000000000018e+00,1.989999999999999991e+00,5.999999999999999778e-01,6.314000000000000057e+01,6.518999999999999773e+01,1.030000000000000071e+01,8.689999999999999503e+00,1.290000000000000036e+00,3.910000000000000142e+00,6.740000000000000213e+00,6.059999999999999609e+00,7.059999999999999609e+00,3.080000000000000071e+00,5.679999999999999716e+00,3.475999999999999801e+01,7.700000000000000000e+01,6.253999999999999915e+01,2.310000000000000053e+00,3.250000000000000000e+00,3.990000000000000213e+00,0.000000000000000000e+00,6.280000000000000249e+00,2.099999999999999922e-01,4.459999999999999964e+00,0.000000000000000000e+00,4.230000000000000426e+00,3.910000000000000142e+00,1.626999999999999957e+01,6.120000000000000107e+00,4.669999999999999929e+00,5.950000000000000178e+00,4.917999999999999972e+01,9.175000000000000000e+01,1.300000000000000044e-01,6.679999999999999716e+00,9.751999999999999602e+01,9.328000000000000114e+01,3.120000000000000107e+00,1.620000000000000107e+00,2.549999999999999822e+00,7.099999999999999645e-01,0.000000000000000000e+00,6.990000000000000213e+00,7.639999999999999680e+00,2.439999999999999947e+00,8.554999999999999716e+01,9.464000000000000057e+01,6.549999999999999822e+00,9.269999999999999574e+00,1.025000000000000000e+01,2.805999999999999872e+01,9.400000000000000355e+00,6.280000000000000249e+00,1.439999999999999947e+00,2.999999999999999889e-02,1.689999999999999947e+00,4.940000000000000391e+00,6.801000000000000512e+01,1.840000000000000080e+00,5.330000000000000071e+00,6.440000000000000391e+00,9.109999999999999432e+00,7.990000000000000213e+00,1.221000000000000085e+01,7.269999999999999574e+00,2.169000000000000128e+01,2.180000000000000160e+00,8.250000000000000000e+00,2.178999999999999915e+01,5.570000000000000284e+00,3.259999999999999787e+00,8.189999999999999503e+00,0.000000000000000000e+00,4.339999999999999858e+00,4.679999999999999716e+00,4.849999999999999645e+00,4.349999999999999645e+00,7.490000000000000213e+00,8.380000000000000782e+00,1.739999999999999991e+00,4.250000000000000000e+00,2.830000000000000071e+00,3.176000000000000156e+01,5.309999999999999609e+00,1.189999999999999947e+00,4.320000000000000284e+00,0.000000000000000000e+00,1.360000000000000098e+00,1.000000000000000021e-02,8.779999999999999361e+00,1.043999999999999950e+01,9.599999999999999645e-01,5.125999999999999801e+01,2.567000000000000171e+01,0.000000000000000000e+00,3.819999999999999840e+00,2.180000000000000160e+00,7.639999999999999680e+00,1.979999999999999982e+00,8.070000000000000284e+00,1.248000000000000043e+01,3.419999999999999929e+00,2.330000000000000071e+00,6.600000000000000311e-01,1.900000000000000022e-01,3.120000000000000107e+00,2.151999999999999957e+01,1.796000000000000085e+01,1.364000000000000057e+01,9.750000000000000000e+00,8.539999999999999147e+00,1.399999999999999911e+00,9.493000000000000682e+01,1.349000000000000021e+01,7.250000000000000000e+00,9.070000000000000284e+00,1.716000000000000014e+01,1.992000000000000171e+01,6.072999999999999687e+01,3.738000000000000256e+01,1.196000000000000085e+01,2.651000000000000156e+01,2.819999999999999840e+00,2.890000000000000124e+00,2.337000000000000099e+01,2.270000000000000018e+00,3.169999999999999929e+00,4.480000000000000426e+00,3.220000000000000195e+00,1.007000000000000028e+01,1.088000000000000078e+01,0.000000000000000000e+00,1.020000000000000018e+00,0.000000000000000000e+00,6.700000000000000400e-01,7.740000000000000213e+00,5.709999999999999964e+00,1.059999999999999964e+01,0.000000000000000000e+00,7.500000000000000000e-01,2.149999999999999911e+00,2.839999999999999858e+00,5.570000000000000284e+00,8.235999999999999943e+01,6.329999999999999716e+01,8.148999999999998067e+01,3.850000000000000089e+00,0.000000000000000000e+00,3.470000000000000195e+00,5.759999999999999787e+00,0.000000000000000000e+00
3.729999999999999982e+00,4.639999999999999680e+00,2.600000000000000089e-01,1.590000000000000080e+00,2.370000000000000107e+00,5.699999999999999512e-01,4.450000000000000178e+00,3.109999999999999876e+00,1.899999999999999911e+00,0.000000000000000000e+00,2.620000000000000107e+00,4.400000000000000355e+00,6.519999999999999574e+00,2.529999999999999805e+00,3.370000000000000107e+00,5.200000000000000178e-01,1.159999999999999920e+00,3.200000000000000178e+00,3.600000000000000089e+00,1.750000000000000000e+00,0.000000000000000000e+00,3.200000000000000067e-01,7.900000000000000355e-01,2.689999999999999947e+00,3.439999999999999947e+00,2.680000000000000160e+00,1.489999999999999991e+00,0.000000000000000000e+00,5.969999999999999751e+00,4.669999999999999929e+00,9.750000000000000000e+00,3.419999999999999929e+00,2.020000000000000018e+00,1.860000000000000098e+00,3.330000000000000071e+00,4.469999999999999751e+00,4.040000000000000036e+00,3.149999999999999911e+00,5.490000000000000213e+00,5.230000000000000426e+00,0.000000000000000000e+00,2.370000000000000107e+00,3.000000000000000000e+00,1.040000000000000036e+00,3.850000000000000089e+00,1.090000000000000036e+01,2.600000000000000089e-01,5.480000000000000426e+00,1.009999999999999964e+01,6.860000000000000320e+00,6.570000000000000284e+00,3.379999999999999893e+00,4.469999999999999751e+00,2.044000000000000128e+01,2.259999999999999787e+00,2.899999999999999911e+00,3.339999999999999858e+00,5.009999999999999787e+00,6.230000000000000426e+00,0.000000000000000000e+00,2.540000000000000036e+00,1.199999999999999956e-01,2.410000000000000142e+00,4.400000000000000355e+00,1.969999999999999973e+00,3.919999999999999929e+00,4.349999999999999645e+00,2.339999999999999858e+00,1.659999999999999920e+00,6.639999999999999680e+00,1.500000000000000000e+00,3.939999999999999947e+00,8.289999999999999147e+00,7.410000000000000142e+00,5.820000000000000284e+00,1.719999999999999973e+00,3.390000000000000124e+00,2.259999999999999787e+00,6.009999999999999787e+00,2.209999999999999964e+00,0.000000000000000000e+00,6.610000000000000320e+00,4.230000000000000426e+00,3.450000000000000178e+00,3.470000000000000195e+00,3.629999999999999893e+00,6.919999999999999929e+00,6.040000000000000036e+00,9.300000000000000488e-01,5.660000000000000142e+00,4.509999999999999787e+00,5.320000000000000284e+00,5.190000000000000391e+00,1.850000000000000089e+00,5.719999999999999751e+00,3.479999999999999982e+00,1.183999999999999986e+01,2.240000000000000213e+00,3.359999999999999876e+00,1.350000000000000089e+00,3.520000000000000018e+00,5.899999999999999689e-01,1.189999999999999947e+00,2.709999999999999964e+00,6.870000000000000107e+00,5.699999999999999512e-01,8.250000000000000000e+00,7.450000000000000178e+00,2.069999999999999840e+00,4.500000000000000111e-01,9.810000000000000497e+00,0.000000000000000000e+00,4.969999999999999751e+00,2.439999999999999947e+00,3.580000000000000071e+00,2.430000000000000160e+00,5.190000000000000391e+00,9.060000000000000497e+00,2.859999999999999876e+00,4.049999999999999822e+00,2.779999999999999805e+00,1.449999999999999956e+00,8.820000000000000284e+00,1.689999999999999947e+00,4.879999999999999893e+00,4.969999999999999751e+00,0.000000000000000000e+00,1.400000000000000133e-01,6.360000000000000320e+00,4.129999999999999893e+00,3.850000000000000089e+00,4.080000000000000071e+00,5.650000000000000355e+00,0.000000000000000000e+00,4.019999999999999574e+00,3.140000000000000124e+00,1.520000000000000018e+00,0.000000000000000000e+00,0.000000000000000000e+00,5.049999999999999822e+00,5.570000000000000284e+00,2.870000000000000107e+00,6.600000000000000311e-01,5.300000000000000266e-01,3.479999999999999982e+00,4.230000000000000426e+00,4.370000000000000107e+00,4.509999999999999787e+00,4.509999999999999787e+00,2.720000000000000195e+00,2.129999999999999893e+00,1.018999999999999950e+01,4.040000000000000036e+00,2.390000000000000124e+00,5.450000000000000178e+00,2.850000000000000089e+00,2.799999999999999822e+00,5.049999999999999822e+00,1.939999999999999947e+00,2.319999999999999840e+00,1.379999999999999893e+00,1.669999999999999929e+00,3.779999999999999805e+00,2.089999999999999858e+00,1.360000000000000098e+00,3.100000000000000089e+00,5.870000000000000107e+00,2.209999999999999964e+00,7.299999999999999822e+00,9.900000000000000355e+00,0.000000000000000000e+00,0.000000000000000000e+00,0.000000000000000000e+00,0.000000000000000000e+00,5.669999999999999929e+00,4.610000000000000320e+00,4.070000000000000284e+00,0.000000000000000000e+00,2.419999999999999929e+00,4.190000000000000391e+00,2.850000000000000089e+00,1.330000000000000071e+00,5.690000000000000391e+00,3.509999999999999787e+00,1.075000000000000000e+01,3.720000000000000195e+00,0.000000000000000000e+00,3.720000000000000195e+00,2.410000000000000142e+00,0.000000000000000000e+00
1.292999999999999972e+01,9.349999999999999645e+00,1.659999999999999920e+00,7.600000000000000089e-01,1.570000000000000062e+00,2.459999999999999964e+00,2.770000000000000018e+00,2.000000000000000111e-01,6.500000000000000222e-01,0.000000000000000000e+00,2.379999999999999893e+00,6.610000000000000320e+00,4.750000000000000000e+00,2.890000000000000124e+00,1.790000000000000036e+00,3.709999999999999964e+00,9.499999999999999556e-01,3.169999999999999929e+00,4.030000000000000249e+00,1.229999999999999982e+00,9.599999999999999645e-01,5.200000000000000178e-01,0.000000000000000000e+00,6.300000000000000044e-01,3.300000000000000155e-01,9.499999999999999556e-01,2.000000000000000111e-01,0.000000000000000000e+00,0.000000000000000000e+00,0.000000000000000000e+00,5.100000000000000089e-01,1.889999999999999902e+00,3.300000000000000155e-01,4.080000000000000071e+00,7.799999999999999822e+00,1.610000000000000098e+00,1.330000000000000071e+00,2.999999999999999889e-01,1.679999999999999938e+00,0.000000000000000000e+00,1.080000000000000071e+00,1.689999999999999947e+00,0.000000000000000000e+00,0.000000000000000000e+00,2.640000000000000124e+00,1.010000000000000009e+00,1.199000000000000021e+01,7.719999999999999751e+00,1.766000000000000014e+01,1.241000000000000014e+01,5.120000000000000107e+00,9.509999999999999787e+00,6.300000000000000044e-01,7.570000000000000284e+00,7.800000000000000266e-01,5.179999999999999716e+00,3.220000000000000195e+00,2.099999999999999922e-01,2.970000000000000195e+00,0.000000000000000000e+00,3.830000000000000071e+00,9.799999999999999822e-01,1.570000000000000062e+00,2.379999999999999893e+00,2.609999999999999876e+00,4.169999999999999929e+00,2.379999999999999893e+00,1.709999999999999964e+00,1.229999999999999982e+00,1.427999999999999936e+01,0.000000000000000000e+00,6.269999999999999574e+00,3.060000000000000053e+00,2.270000000000000018e+00,3.129999999999999893e+00,3.120000000000000107e+00,0.000000000000000000e+00,9.899999999999999911e-01,3.979999999999999982e+00,1.669999999999999929e+00,2.099999999999999922e-01,0.000000000000000000e+00,1.272000000000000064e+01,6.809999999999999609e+00,7.040000000000000036e+00,3.839999999999999858e+00,1.365000000000000036e+01,2.970000000000000195e+00,9.200000000000000400e-01,3.120000000000000107e+00,1.830000000000000071e+00,1.389999999999999902e+00,4.899999999999999911e-01,5.999999999999999778e-02,3.470000000000000195e+00,3.100000000000000089e+00,3.140000000000000124e+00,0.000000000000000000e+00,0.000000000000000000e+00,2.899999999999999800e-01,1.320000000000000062e+00,0.000000000000000000e+00,3.319999999999999840e+00,2.099999999999999922e-01,1.409999999999999920e+00,1.050000000000000044e+00,0.000000000000000000e+00,3.200000000000000178e+00,5.309999999999999609e+00,3.169999999999999929e+00,0.000000000000000000e+00,0.000000000000000000e+00,1.429999999999999938e+00,2.100000000000000089e+00,2.520000000000000018e+00,0.000000000000000000e+00,2.459999999999999964e+00,6.950000000000000178e+00,1.040000000000000036e+00,1.030000000000000027e+00,0.000000000000000000e+00,0.000000000000000000e+00,3.479999999999999982e+00,1.989999999999999991e+00,1.979999999999999982e+00,5.830000000000000071e+00,0.000000000000000000e+00,8.599999999999999867e-01,1.253999999999999915e+01,8.910000000000000142e+00,3.919999999999999929e+00,1.900000000000000022e-01,4.459999999999999964e+00,5.690000000000000391e+00,2.830000000000000071e+00,1.649999999999999911e+00,8.299999999999999600e-01,0.000000000000000000e+00,0.000000000000000000e+00,3.919999999999999929e+00,0.000000000000000000e+00,1.800000000000000044e+00,6.999999999999999556e-01,0.000000000000000000e+00,2.879999999999999893e+00,1.909999999999999920e+00,3.000000000000000000e+00,2.020000000000000018e+00,3.129999999999999893e+00,3.069999999999999840e+00,1.780000000000000027e+00,1.071000000000000085e+01,1.707999999999999829e+01,0.000000000000000000e+00,0.000000000000000000e+00,8.599999999999999867e-01,1.429999999999999938e+00,9.529999999999999361e+00,2.029999999999999805e+00,1.399999999999999911e+00,1.050000000000000044e+00,6.999999999999999556e-01,0.000000000000000000e+00,1.149999999999999911e+00,2.740000000000000213e+00,3.009999999999999787e+00,1.729999999999999982e+00,1.340000000000000080e+00,4.689000000000000057e+01,7.719999999999999751e+00,5.940000000000000391e+00,4.129999999999999893e+00,0.000000000000000000e+00,1.790000000000000036e+00,5.929999999999999716e+00,4.879999999999999893e+00,4.280000000000000249e+00,0.000000000000000000e+00,2.750000000000000000e+00,8.660000000000000142e+00,0.000000000000000000e+00,9.899999999999999911e-01,1.389999999999999902e+00,1.459999999999999964e+00,3.529999999999999805e+00,1.335999999999999943e+01,0.000000000000000000e+00,1.899999999999999911e+00,4.320000000000000284e+00,2.000000000000000000e+00
0.000000000000000000e+00,0.000000000000000000e+00,0.000000000000000000e+00,0.000000000000000000e+00,0.000000000000000000e+00,0.000000000000000000e+00,0.000000000000000000e+00,0.000000000000000000e+00,0.000000000000000000e+00,3.540000000000000036e+00,0.000000000000000000e+00,0.000000000000000000e+00,0.000000000000000000e+00,1.350000000000000089e+00,1.540000000000000036e+00,5.999999999999999778e-02,0.000000000000000000e+00,0.000000000000000000e+00,0.000000000000000000e+00,0.000000000000000000e+00,1.330000000000000071e+00,3.499999999999999778e-01,8.800000000000000044e-01,1.199999999999999956e-01,0.000000000000000000e+00,0.000000000000000000e+00,2.999999999999999889e-01,0.000000000000000000e+00,0.000000000000000000e+00,0.000000000000000000e+00,7.280000000000000249e+00,0.000000000000000000e+00,0.000000000000000000e+00,0.000000000000000000e+00,0.000000000000000000e+00,0.000000000000000000e+00,0.000000000000000000e+00,0.000000000000000000e+00,0.000000000000000000e+00,0.000000000000000000e+00,0.000000000000000000e+00,0.000000000000000000e+00,0.000000000000000000e+00,1.189999999999999947e+00,0.000000000000000000e+00,0.000000000000000000e+00,0.000000000000000000e+00,0.000000000000000000e+00,0.000000000000000000e+00,0.000000000000000000e+00,0.000000000000000000e+00,0.000000000000000000e+00,0.000000000000000000e+00,0.000000000000000000e+00,0.000000000000000000e+00,0.000000000000000000e+00,0.000000000000000000e+00,0.000000000000000000e+00,0.000000000000000000e+00,1.429999999999999938e+00,0.000000000000000000e+00,0.000000000000000000e+00,0.000000000000000000e+00,0.000000000000000000e+00,0.000000000000000000e+00,0.000000000000000000e+00,1.100000000000000089e+00,0.000000000000000000e+00,0.000000000000000000e+00,0.000000000000000000e+00,0.000000000000000000e+00,2.957999999999999829e+01,0.000000000000000000e+00,0.000000000000000000e+00,4.400000000000000022e-01,0.000000000000000000e+00,0.000000000000000000e+00,0.000000000000000000e+00,0.000000000000000000e+00,0.000000000000000000e+00,1.080000000000000071e+00,0.000000000000000000e+00,0.000000000000000000e+00,0.000000000000000000e+00,0.000000000000000000e+00,0.000000000000000000e+00,0.000000000000000000e+00,0.000000000000000000e+00,0.000000000000000000e+00,0.000000000000000000e+00,0.000000000000000000e+00,4.230000000000000426e+00,0.000000000000000000e+00,0.000000000000000000e+00,3.930000000000000160e+00,0.000000000000000000e+00,0.000000000000000000e+00,0.000000000000000000e+00,3.220000000000000195e+00,0.000000000000000000e+00,4.400000000000000022e-01,2.149999999999999911e+00,1.639999999999999902e+00,1.679999999999999938e+00,0.000000000000000000e+00,0.000000000000000000e+00,0.000000000000000000e+00,0.000000000000000000e+00,0.000000000000000000e+00,4.400000000000000022e-01,0.000000000000000000e+00,0.000000000000000000e+00,7.800000000000000266e-01,0.000000000000000000e+00,0.000000000000000000e+00,0.000000000000000000e+00,0.000000000000000000e+00,3.200000000000000067e-01,1.879999999999999893e+00,0.000000000000000000e+00,0.000000000000000000e+00,6.509999999999999787e+00,0.000000000000000000e+00,0.000000000000000000e+00,0.000000000000000000e+00,1.459999999999999964e+00,0.000000000000000000e+00,1.239999999999999991e+00,2.100000000000000089e+00,1.820000000000000062e+00,0.000000000000000000e+00,0.000000000000000000e+00,0.000000000000000000e+00,4.330000000000000071e+00,0.000000000000000000e+00,0.000000000000000000e+00,1.719999999999999973e+00,5.200000000000000178e-01,1.050000000000000044e+00,0.000000000000000000e+00,1.199999999999999956e-01,0.000000000000000000e+00,0.000000000000000000e+00,0.000000000000000000e+00,0.000000000000000000e+00,0.000000000000000000e+00,0.000000000000000000e+00,0.000000000000000000e+00,0.000000000000000000e+00,0.000000000000000000e+00,0.000000000000000000e+00,0.000000000000000000e+00,0.000000000000000000e+00,0.000000000000000000e+00,0.000000000000000000e+00,0.000000000000000000e+00,5.200000000000000178e-01,9.200000000000000400e-01,1.159999999999999920e+00,0.000000000000000000e+00,2.939999999999999947e+00,0.000000000000000000e+00,0.000000000000000000e+00,0.000000000000000000e+00,0.000000000000000000e+00,0.000000000000000000e+00,0.000000000000000000e+00,0.000000000000000000e+00,0.000000000000000000e+00,0.000000000000000000e+00,0.000000000000000000e+00,0.000000000000000000e+00,0.000000000000000000e+00,2.029999999999999805e+00,0.000000000000000000e+00,0.000000000000000000e+00,0.000000000000000000e+00,0.000000000000000000e+00,0.000000000000000000e+00,0.000000000000000000e+00,3.400000000000000244e-01,0.000000000000000000e+00,0.000000000000000000e+00,0.000000000000000000e+00,0.000000000000000000e+00,0.000000000000000000e+00,5.200000000000000178e-01,0.000000000000000000e+00,0.000000000000000000e+00,0.000000000000000000e+00
2.290000000000000036e+00,1.489999999999999991e+00,5.000000000000000278e-02,1.799999999999999933e-01,0.000000000000000000e+00,4.099999999999999756e-01,1.360000000000000098e+00,2.169999999999999929e+00,6.700000000000000400e-01,0.000000000000000000e+00,1.929999999999999938e+00,0.000000000000000000e+00,1.290000000000000036e+00,0.000000000000000000e+00,0.000000000000000000e+00,0.000000000000000000e+00,1.000000000000000021e-02,0.000000000000000000e+00,7.600000000000000089e-01,4.899999999999999911e-01,0.000000000000000000e+00,4.400000000000000022e-01,1.799999999999999933e-01,4.299999999999999933e-01,2.899999999999999800e-01,1.050000000000000044e+00,5.200000000000000178e-01,1.340000000000000080e+00,6.700000000000000400e-01,5.799999999999999600e-01,5.900000000000000355e+00,0.000000000000000000e+00,5.999999999999999778e-01,0.000000000000000000e+00,4.919999999999999929e+00,5.379999999999999893e+00,7.399999999999999911e-01,4.899999999999999911e-01,0.000000000000000000e+00,4.000000000000000083e-02,2.800000000000000266e-01,5.100000000000000089e-01,2.140000000000000124e+00,1.510000000000000009e+00,4.000000000000000222e-01,1.919999999999999929e+00,0.000000000000000000e+00,2.069999999999999840e+00,4.490000000000000213e+00,7.500000000000000000e+00,2.669999999999999929e+00,2.419999999999999929e+00,0.000000000000000000e+00,4.290000000000000036e+00,2.189999999999999947e+00,5.500000000000000444e-01,0.000000000000000000e+00,1.120000000000000107e+00,4.410000000000000142e+00,2.770000000000000018e+00,1.199999999999999956e+00,1.530000000000000027e+00,2.439999999999999947e+00,3.080000000000000071e+00,0.000000000000000000e+00,5.699999999999999512e-01,2.540000000000000036e+00,2.000000000000000000e+00,1.830000000000000071e+00,3.850000000000000089e+00,1.510000000000000009e+00,1.770000000000000018e+00,1.689999999999999947e+00,1.290000000000000036e+00,4.110000000000000320e+00,0.000000000000000000e+00,1.750000000000000000e+00,8.900000000000000133e-01,7.600000000000000089e-01,1.659999999999999920e+00,0.000000000000000000e+00,4.370000000000000107e+00,3.259999999999999787e+00,2.669999999999999929e+00,1.550000000000000044e+00,1.669999999999999929e+00,3.359999999999999876e+00,8.800000000000000044e-01,1.080000000000000071e+00,3.279999999999999805e+00,0.000000000000000000e+00,0.000000000000000000e+00,0.000000000000000000e+00,1.199999999999999956e+00,5.450000000000000178e+00,1.010000000000000009e+00,5.400000000000000355e-01,8.100000000000000533e-01,1.719999999999999973e+00,6.600000000000000311e-01,1.659999999999999920e+00,0.000000000000000000e+00,0.000000000000000000e+00,0.000000000000000000e+00,2.470000000000000195e+00,1.900000000000000022e-01,1.790000000000000036e+00,3.490000000000000213e+00,1.080000000000000071e+00,8.599999999999999867e-01,4.820000000000000284e+00,0.000000000000000000e+00,1.270000000000000018e+00,1.799999999999999933e-01,1.830000000000000071e+00,0.000000000000000000e+00,0.000000000000000000e+00,2.500000000000000000e-01,1.429999999999999938e+00,8.699999999999999956e-01,4.600000000000000200e-01,0.000000000000000000e+00,0.000000000000000000e+00,5.000000000000000000e-01,6.400000000000000133e-01,0.000000000000000000e+00,0.000000000000000000e+00,0.000000000000000000e+00,7.169999999999999929e+00,3.819999999999999840e+00,3.799999999999999822e+00,9.899999999999999911e-01,1.620000000000000107e+00,2.109999999999999876e+00,4.129999999999999893e+00,6.639999999999999680e+00,4.500000000000000111e-01,3.099999999999999978e-01,3.599999999999999867e-01,1.360000000000000098e+00,1.310000000000000053e+00,1.260000000000000009e+00,1.030000000000000027e+00,1.139999999999999902e+00,1.129999999999999893e+00,2.120000000000000107e+00,1.429999999999999938e+00,2.140000000000000124e+00,2.209999999999999964e+00,1.209999999999999964e+00,2.990000000000000213e+00,6.599999999999999645e+00,0.000000000000000000e+00,1.000000000000000021e-02,5.959999999999999964e+00,3.479999999999999982e+00,4.320000000000000284e+00,4.480000000000000426e+00,1.979999999999999982e+00,8.299999999999999600e-01,8.100000000000000533e-01,1.310000000000000053e+00,9.799999999999999822e-01,6.700000000000000400e-01,1.100000000000000006e-01,2.189999999999999947e+00,6.169999999999999929e+00,3.609999999999999876e+00,2.569999999999999840e+00,1.870000000000000107e+00,0.000000000000000000e+00,5.699999999999999512e-01,0.000000000000000000e+00,5.699999999999999512e-01,4.899999999999999911e-01,3.300000000000000155e-01,1.030000000000000027e+00,0.000000000000000000e+00,3.149999999999999911e+00,2.600000000000000089e+00,1.199999999999999956e-01,9.899999999999999911e-01,1.110000000000000098e+00,3.499999999999999778e-01,2.580000000000000071e+00,1.510000000000000009e+00,0.000000000000000000e+00,2.180000000000000160e+00,5.799999999999999600e-01,1.429999999999999938e+00
0.000000000000000000e+00,0.000000000000000000e+00,0.000000000000000000e+00,2.000000000000000111e-01,0.000000000000000000e+00,8.259000000000000341e+01,0.000000000000000000e+00,0.000000000000000000e+00,0.000000000000000000e+00,0.000000000000000000e+00,0.000000000000000000e+00,3.819999999999999840e+00,6.980000000000000426e+00,0.000000000000000000e+00,2.439999999999999947e+00,0.000000000000000000e+00,9.300000000000000488e-01,4.059999999999999609e+00,3.450000000000000178e+00,0.000000000000000000e+00,0.000000000000000000e+00,0.000000000000000000e+00,0.000000000000000000e+00,0.000000000000000000e+00,3.350000000000000089e+00,0.000000000000000000e+00,0.000000000000000000e+00,0.000000000000000000e+00,2.180000000000000160e+00,1.717999999999999972e+01,6.969999999999999751e+00,2.935999999999999943e+01,0.000000000000000000e+00,1.219999999999999973e+00,5.740000000000000213e+00,4.459999999999999964e+00,2.259999999999999787e+00,2.129999999999999893e+00,2.740000000000000213e+00,9.939999999999999503e+00,2.240000000000000213e+00,3.099999999999999978e-01,9.300000000000000488e-01,0.000000000000000000e+00,3.040000000000000036e+00,0.000000000000000000e+00,0.000000000000000000e+00,1.900000000000000022e-01,9.300000000000000711e+00,3.100000000000000089e+00,8.499999999999999778e-01,0.000000000000000000e+00,3.240000000000000213e+00,9.310000000000000497e+00,1.769999999999999929e+01,4.450000000000000178e+00,0.000000000000000000e+00,1.110000000000000098e+00,1.060000000000000053e+00,0.000000000000000000e+00,4.370000000000000107e+00,1.409999999999999920e+00,1.530000000000000027e+00,0.000000000000000000e+00,2.850000000000000089e+00,2.999999999999999889e-02,9.589999999999999858e+00,0.000000000000000000e+00,0.000000000000000000e+00,3.990000000000000213e+00,9.419999999999999929e+00,8.059999999999998010e+01,7.849999999999999645e+00,8.400000000000000355e+00,1.000000000000000000e+02,2.660000000000000142e+01,3.020000000000000018e+00,0.000000000000000000e+00,3.779999999999999805e+00,2.899999999999999800e-01,0.000000000000000000e+00,5.490000000000000213e+00,4.459999999999999964e+00,0.000000000000000000e+00,1.050999999999999979e+01,5.525000000000000000e+01,4.360000000000000320e+00,6.500000000000000000e+00,1.340000000000000080e+00,4.240000000000000213e+00,5.500000000000000444e-01,4.889999999999999680e+00,0.000000000000000000e+00,0.000000000000000000e+00,2.089999999999999858e+00,6.469999999999999751e+00,1.493999999999999950e+01,1.770000000000000018e+00,4.349999999999999645e+00,2.430000000000000160e+00,3.879999999999999893e+00,1.969999999999999973e+00,1.030000000000000027e+00,1.949999999999999956e+00,3.609999999999999876e+00,9.399999999999999467e-01,0.000000000000000000e+00,7.500000000000000000e+00,3.330000000000000071e+00,1.030000000000000027e+00,7.419999999999999929e+00,0.000000000000000000e+00,1.429999999999999938e+00,2.750000000000000000e+00,5.320000000000000284e+00,1.820000000000000062e+00,5.490000000000000213e+00,2.990000000000000213e+00,3.810000000000000053e+00,3.319999999999999840e+00,3.350000000000000089e+00,4.379999999999999893e+00,4.769999999999999574e+00,1.330000000000000071e+00,4.849999999999999645e+00,5.299999999999999822e+00,2.500000000000000000e+00,0.000000000000000000e+00,6.230000000000000426e+00,1.360000000000000098e+00,0.000000000000000000e+00,2.103999999999999915e+01,6.759999999999999787e+00,0.000000000000000000e+00,4.549999999999999822e+00,1.370000000000000107e+00,0.000000000000000000e+00,0.000000000000000000e+00,1.389999999999999902e+00,9.769999999999999574e+00,2.370000000000000107e+00,0.000000000000000000e+00,0.000000000000000000e+00,1.600000000000000089e+00,0.000000000000000000e+00,1.649999999999999911e+00,3.160000000000000142e+00,3.930000000000000160e+00,7.740000000000000213e+00,2.819999999999999840e+00,2.990000000000000213e+00,8.729999999999999716e+01,4.820000000000000284e+00,0.000000000000000000e+00,5.610000000000000320e+00,1.239999999999999991e+00,4.240000000000000213e+00,1.780000000000000071e+01,3.270000000000000018e+00,3.450000000000000178e+00,2.709999999999999964e+00,3.140000000000000124e+00,2.189999999999999947e+00,2.509999999999999787e+00,1.290000000000000036e+00,4.419999999999999929e+00,2.669999999999999929e+00,2.589999999999999858e+00,1.879999999999999893e+00,4.519999999999999574e+00,3.750000000000000000e+00,0.000000000000000000e+00,0.000000000000000000e+00,0.000000000000000000e+00,6.299999999999999822e+00,6.360000000000000320e+00,4.860000000000000320e+00,0.000000000000000000e+00,1.739999999999999991e+00,1.330000000000000071e+00,2.589999999999999858e+00,3.259999999999999787e+00,4.585000000000000142e+01,1.565000000000000036e+01,7.401999999999999602e+01,0.000000000000000000e+00,0.000000000000000000e+00,2.870000000000000107e+00,1.989999999999999991e+00,0.000000000000000000e+00
2.470000000000000195e+00,2.919999999999999929e+00,8.800000000000000044e-01,0.000000000000000000e+00,1.199999999999999956e-01,3.250000000000000000e+00,4.320000000000000284e+00,2.209999999999999964e+00,1.929999999999999938e+00,1.590000000000000080e+00,3.370000000000000107e+00,1.709999999999999964e+00,2.350000000000000089e+00,0.000000000000000000e+00,1.699999999999999956e+00,1.399999999999999911e+00,1.080000000000000071e+00,3.109999999999999876e+00,2.310000000000000053e+00,1.919999999999999929e+00,0.000000000000000000e+00,2.999999999999999889e-01,9.300000000000000488e-01,4.099999999999999756e-01,4.699999999999999734e-01,1.159999999999999920e+00,1.700000000000000122e-01,0.000000000000000000e+00,2.589999999999999858e+00,1.290000000000000036e+00,5.600000000000000533e-01,2.509999999999999787e+00,0.000000000000000000e+00,1.000000000000000056e-01,5.100000000000000089e-01,0.000000000000000000e+00,1.340000000000000080e+00,1.399999999999999911e+00,1.540000000000000036e+00,3.310000000000000053e+00,0.000000000000000000e+00,5.999999999999999778e-01,1.909999999999999920e+00,1.300000000000000044e-01,0.000000000000000000e+00,0.000000000000000000e+00,1.649999999999999911e+00,2.740000000000000213e+00,5.999999999999999778e-01,0.000000000000000000e+00,1.610000000000000098e+00,0.000000000000000000e+00,7.500000000000000000e-01,3.569999999999999840e+00,1.719999999999999973e+00,7.700000000000000178e-01,0.000000000000000000e+00,9.200000000000000400e-01,1.219999999999999973e+00,3.720000000000000195e+00,2.750000000000000000e+00,0.000000000000000000e+00,4.150000000000000355e+00,4.699999999999999734e-01,7.199999999999999734e-01,8.000000000000000167e-02,0.000000000000000000e+00,4.829999999999999716e+01,3.471000000000000085e+01,2.540000000000000036e+00,0.000000000000000000e+00,0.000000000000000000e+00,5.429999999999999716e+00,7.809999999999999609e+00,3.240000000000000213e+00,0.000000000000000000e+00,9.300000000000000488e-01,0.000000000000000000e+00,7.099999999999999645e-01,3.900000000000000133e-01,0.000000000000000000e+00,1.209999999999999964e+00,5.100000000000000089e-01,1.100000000000000089e+00,4.320000000000000284e+00,1.419999999999999929e+00,2.509999999999999787e+00,2.589999999999999858e+00,0.000000000000000000e+00,2.660000000000000142e+00,2.879999999999999893e+00,3.029999999999999805e+00,1.040000000000000036e+00,1.290000000000000036e+00,2.419999999999999929e+00,3.140000000000000124e+00,1.590000000000000080e+00,3.699999999999999956e-01,1.449999999999999956e+00,5.699999999999999512e-01,1.110000000000000098e+00,0.000000000000000000e+00,0.000000000000000000e+00,2.109999999999999876e+00,0.000000000000000000e+00,0.000000000000000000e+00,6.610000000000000320e+00,3.339999999999999858e+00,1.729999999999999982e+00,1.489999999999999991e+00,0.000000000000000000e+00,3.029999999999999805e+00,6.099999999999999867e-01,2.700000000000000178e-01,6.899999999999999467e-01,1.250000000000000000e+00,5.699999999999999512e-01,3.720000000000000195e+00,0.000000000000000000e+00,1.250000000000000000e+00,1.510000000000000009e+00,0.000000000000000000e+00,1.010000000000000009e+00,7.900000000000000355e-01,2.750000000000000000e+00,2.580000000000000071e+00,0.000000000000000000e+00,7.099999999999999645e-01,3.160000000000000142e+00,0.000000000000000000e+00,1.360000000000000098e+00,4.219999999999999751e+00,3.229999999999999982e+00,7.070000000000000284e+00,1.399999999999999911e+00,0.000000000000000000e+00,0.000000000000000000e+00,6.899999999999999467e-01,0.000000000000000000e+00,1.850000000000000089e+00,1.600000000000000089e+00,3.200000000000000178e+00,0.000000000000000000e+00,0.000000000000000000e+00,0.000000000000000000e+00,1.199999999999999956e+00,3.149999999999999911e+00,1.600000000000000089e+00,2.609999999999999876e+00,2.100000000000000089e+00,3.279999999999999805e+00,5.500000000000000444e-01,1.699999999999999956e+00,1.626999999999999957e+01,3.540000000000000036e+00,3.400000000000000244e-01,1.790000000000000036e+00,1.820000000000000062e+00,6.300000000000000044e-01,1.760000000000000009e+00,2.729999999999999982e+00,2.640000000000000124e+00,5.600000000000000533e-01,1.820000000000000062e+00,1.100000000000000089e+00,1.370000000000000107e+00,2.319999999999999840e+00,0.000000000000000000e+00,4.400000000000000022e-01,0.000000000000000000e+00,1.090000000000000080e+00,1.050000000000000044e+00,0.000000000000000000e+00,0.000000000000000000e+00,3.529999999999999805e+00,1.235999999999999943e+01,1.298000000000000043e+01,1.080000000000000071e+00,7.309999999999999609e+00,4.299999999999999933e-01,0.000000000000000000e+00,0.000000000000000000e+00,8.999999999999999667e-02,6.600000000000000311e-01,4.080000000000000071e+00,0.000000000000000000e+00,0.000000000000000000e+00,0.000000000000000000e+00,9.799999999999999822e-01,0.000000000000000000e+00
2.299999999999999822e+00,2.259999999999999787e+00,5.500000000000000444e-01,1.520000000000000018e+00,1.120000000000000107e+00,1.949999999999999956e+00,2.540000000000000036e+00,3.160000000000000142e+00,1.229999999999999982e+00,0.000000000000000000e+00,1.590000000000000080e+00,0.000000000000000000e+00,3.240000000000000213e+00,4.150999999999999801e+01,5.834000000000000341e+01,1.120000000000000107e+00,2.099999999999999922e-01,1.300000000000000044e+00,2.830000000000000071e+00,1.620000000000000107e+00,1.169999999999999929e+00,1.020000000000000018e+00,3.599999999999999867e-01,5.500000000000000444e-01,1.709999999999999964e+00,1.860000000000000098e+00,6.999999999999999556e-01,0.000000000000000000e+00,1.610000000000000098e+00,1.580000000000000071e+00,6.650000000000000355e+00,1.300000000000000044e+00,5.699999999999999512e-01,0.000000000000000000e+00,2.970000000000000195e+00,2.370000000000000107e+00,3.009999999999999787e+00,2.919999999999999929e+00,2.439999999999999947e+00,2.250000000000000000e+00,4.299999999999999933e-01,7.500000000000000000e-01,3.140000000000000124e+00,1.949999999999999956e+00,0.000000000000000000e+00,7.080000000000000071e+00,1.969999999999999973e+00,3.060000000000000053e+00,4.629999999999999893e+00,3.870000000000000107e+00,2.669999999999999929e+00,2.029999999999999805e+00,2.580000000000000071e+00,1.381000000000000050e+01,4.910000000000000142e+00,1.600000000000000089e+00,1.478999999999999915e+01,1.969999999999999973e+00,2.830000000000000071e+00,0.000000000000000000e+00,0.000000000000000000e+00,1.489999999999999991e+00,8.100000000000000533e-01,1.489999999999999991e+00,7.199999999999999734e-01,2.910000000000000142e+00,0.000000000000000000e+00,8.199999999999999512e-01,4.400000000000000022e-01,2.339999999999999858e+00,0.000000000000000000e+00,1.989999999999999991e+00,3.029999999999999805e+00,2.790000000000000036e+00,2.509999999999999787e+00,2.169999999999999929e+00,2.950000000000000178e+00,1.330000000000000071e+00,1.719999999999999973e+00,9.300000000000000488e-01,0.000000000000000000e+00,3.479999999999999982e+00,9.499999999999999556e-01,2.240000000000000213e+00,4.519999999999999574e+00,1.889999999999999902e+00,1.830000000000000071e+00,3.240000000000000213e+00,1.209999999999999964e+00,5.290000000000000036e+00,1.469999999999999973e+00,3.649999999999999911e+00,0.000000000000000000e+00,4.250000000000000000e+00,4.089999999999999858e+00,3.800000000000000044e-01,4.169999999999999929e+00,6.099999999999999867e-01,2.100000000000000089e+00,2.099999999999999922e-01,3.109999999999999876e+00,1.000000000000000000e+00,3.879999999999999893e+00,8.699999999999999956e-01,3.069999999999999840e+00,2.540000000000000036e+00,1.959999999999999964e+00,5.519999999999999574e+00,2.000000000000000000e+00,8.599999999999999867e-01,0.000000000000000000e+00,0.000000000000000000e+00,2.899999999999999911e+00,1.709999999999999964e+00,2.299999999999999822e+00,0.000000000000000000e+00,3.009999999999999787e+00,1.659999999999999920e+00,1.419999999999999929e+00,1.139999999999999902e+00,2.850000000000000089e+00,1.919999999999999929e+00,0.000000000000000000e+00,3.200000000000000067e-01,2.350000000000000089e+00,1.179999999999999938e+00,0.000000000000000000e+00,1.600000000000000033e-01,1.051999999999999957e+01,1.077999999999999936e+01,1.290000000000000036e+00,3.810000000000000053e+00,1.370000000000000107e+00,0.000000000000000000e+00,2.080000000000000071e+00,2.549999999999999822e+00,0.000000000000000000e+00,0.000000000000000000e+00,0.000000000000000000e+00,3.196999999999999886e+01,1.449999999999999956e+00,1.370000000000000107e+00,9.499999999999999556e-01,5.000000000000000278e-02,1.889999999999999902e+00,2.649999999999999911e+00,3.790000000000000036e+00,3.759999999999999787e+00,2.330000000000000071e+00,1.300000000000000044e+00,2.399999999999999911e-01,3.819999999999999840e+00,0.000000000000000000e+00,3.800000000000000044e-01,3.220000000000000195e+00,2.600000000000000089e-01,9.399999999999999467e-01,3.890000000000000124e+00,3.300000000000000155e-01,1.709999999999999964e+00,8.299999999999999600e-01,4.899999999999999911e-01,1.830000000000000071e+00,1.479999999999999982e+00,1.129999999999999893e+00,2.099999999999999922e-01,0.000000000000000000e+00,2.580000000000000071e+00,3.589999999999999858e+00,1.229999999999999982e+00,1.600000000000000089e+00,0.000000000000000000e+00,0.000000000000000000e+00,0.000000000000000000e+00,2.498000000000000043e+01,2.950000000000000178e+00,2.990000000000000213e+00,0.000000000000000000e+00,9.599999999999999645e-01,2.520000000000000018e+00,3.500000000000000000e+00,7.800000000000000266e-01,1.850000000000000089e+00,0.000000000000000000e+00,1.169999999999999929e+00,2.330000000000000071e+00,0.000000000000000000e+00,7.800000000000000266e-01,1.030000000000000027e+00,4.299999999999999933e-01
5.839999999999999858e+00,1.000999999999999979e+01,9.699999999999999734e-01,1.300000000000000044e+00,0.000000000000000000e+00,7.618000000000002103e+01,6.150000000000000355e+00,5.030000000000000249e+00,1.850000000000000089e+00,8.880000000000002558e+00,1.840000000000000080e+00,3.950000000000000178e+00,8.310000000000000497e+00,3.509999999999999787e+00,2.359999999999999876e+00,0.000000000000000000e+00,1.209999999999999964e+00,3.750000000000000000e+00,5.360000000000000320e+00,0.000000000000000000e+00,5.200000000000000178e+00,6.600000000000000311e-01,2.180000000000000160e+00,5.190000000000000391e+00,0.000000000000000000e+00,4.349999999999999645e+00,1.879999999999999893e+00,6.899999999999999467e-01,1.090000000000000080e+00,1.307000000000000028e+01,1.359999999999999964e+01,3.821000000000000085e+01,0.000000000000000000e+00,2.737999999999999901e+01,0.000000000000000000e+00,8.970000000000002416e+00,2.253000000000000114e+01,3.105999999999999872e+01,3.607000000000000028e+01,6.809999999999999609e+00,0.000000000000000000e+00,1.120000000000000107e+00,5.617000000000000171e+01,3.945000000000000284e+01,8.529999999999999361e+00,3.299999999999999822e+00,1.689999999999999947e+00,3.529999999999999805e+00,5.849999999999999645e+00,8.589999999999999858e+00,1.760000000000000009e+00,2.740000000000000213e+00,2.979999999999999982e+00,7.500000000000000000e+00,1.275000000000000000e+01,1.651000000000000156e+01,1.719999999999999973e+00,6.370000000000000107e+00,6.919999999999999929e+00,3.009999999999999787e+00,0.000000000000000000e+00,0.000000000000000000e+00,6.740000000000000213e+00,9.000000000000000000e+00,1.939999999999999947e+00,4.830000000000000071e+00,6.790000000000000036e+00,5.889999999999999680e+00,3.049999999999999822e+00,7.820000000000000284e+00,1.632999999999999829e+01,9.759999999999999432e+01,5.099999999999999645e+00,9.650000000000000355e+00,8.401000000000001933e+01,2.317999999999999972e+01,2.140000000000000124e+00,1.989999999999999991e+00,2.140000000000000124e+00,2.189999999999999947e+00,0.000000000000000000e+00,9.799999999999999822e-01,4.240000000000000213e+00,4.629999999999999893e+00,7.762999999999999545e+01,7.942000000000000171e+01,2.750000000000000000e+00,7.019999999999999574e+00,6.049999999999999822e+00,1.923999999999999844e+01,6.870000000000000107e+00,2.750000000000000000e+00,3.520000000000000018e+00,4.349999999999999645e+00,4.639999999999999680e+00,6.389999999999999680e+00,4.654999999999999716e+01,2.629999999999999893e+00,3.149999999999999911e+00,1.790000000000000036e+00,2.759999999999999787e+00,1.679999999999999938e+00,2.370000000000000107e+00,3.180000000000000160e+00,1.000000000000000000e+01,1.399999999999999911e+00,6.759999999999999787e+00,1.481000000000000050e+01,2.319999999999999840e+00,1.780000000000000027e+00,7.200000000000000178e+00,0.000000000000000000e+00,4.950000000000000178e+00,3.930000000000000160e+00,6.910000000000000142e+00,8.000000000000000444e-01,4.639999999999999680e+00,7.780000000000000249e+00,2.129999999999999893e+00,3.009999999999999787e+00,2.459999999999999964e+00,4.840999999999999659e+01,8.769999999999999574e+00,2.200000000000000178e+00,5.000000000000000000e+00,0.000000000000000000e+00,6.429999999999999716e+00,0.000000000000000000e+00,9.669999999999999929e+00,8.750000000000000000e+00,0.000000000000000000e+00,0.000000000000000000e+00,7.179999999999999716e+00,0.000000000000000000e+00,4.099999999999999645e+00,1.790000000000000036e+00,2.160000000000000142e+00,3.400000000000000244e-01,2.029999999999999805e+00,1.389000000000000057e+01,8.679999999999999716e+00,2.919999999999999929e+00,3.300000000000000155e-01,0.000000000000000000e+00,3.410000000000000142e+00,3.378000000000000114e+01,2.512999999999999901e+01,1.875000000000000000e+01,4.429999999999999716e+00,5.719999999999999751e+00,2.310000000000000053e+00,7.801999999999999602e+01,1.909999999999999920e+00,5.610000000000000320e+00,5.969999999999999751e+00,2.330000000000000071e+00,2.529999999999999805e+00,2.426000000000000156e+01,1.982000000000000028e+01,3.720000000000000195e+00,9.390000000000000568e+00,1.370000000000000107e+00,4.459999999999999964e+00,1.174000000000000021e+01,9.799999999999999822e-01,1.159999999999999920e+00,1.550000000000000044e+00,2.669999999999999929e+00,5.620000000000000107e+00,2.870000000000000107e+00,8.869999999999997442e+00,0.000000000000000000e+00,0.000000000000000000e+00,4.110000000000000320e+00,8.519999999999999574e+00,5.370000000000000107e+00,9.529999999999999361e+00,0.000000000000000000e+00,3.950000000000000178e+00,6.080000000000000071e+00,3.319999999999999840e+00,1.000000000000000000e+00,2.989000000000000057e+01,7.280000000000000249e+00,7.075000000000000000e+01,6.589999999999999858e+00,0.000000000000000000e+00,7.500000000000000000e-01,1.139999999999999902e+00,5.540000000000000036e+00
5.660000000000000142e+00,9.070000000000000284e+00,3.499999999999999778e-01,1.439999999999999947e+00,2.240000000000000213e+00,1.189999999999999947e+00,2.470000000000000195e+00,1.191000000000000014e+01,2.892999999999999972e+01,0.000000000000000000e+00,2.649999999999999911e+00,3.169999999999999929e+00,4.740000000000000213e+00,0.000000000000000000e+00,7.900000000000000355e-01,5.500000000000000444e-01,9.899999999999999911e-01,2.229999999999999982e+00,1.600000000000000089e+00,0.000000000000000000e+00,1.110000000000000098e+00,0.000000000000000000e+00,1.239999999999999991e+00,1.209999999999999964e+00,2.160000000000000142e+00,6.600000000000000311e-01,2.800000000000000266e-01,7.299999999999999822e-01,0.000000000000000000e+00,1.939999999999999947e+00,1.092999999999999972e+01,1.750000000000000000e+00,1.370000000000000107e+00,1.142999999999999972e+01,4.950000000000000178e+00,9.300000000000000488e-01,2.120000000000000107e+00,2.169999999999999929e+00,5.799999999999999600e-01,3.209999999999999964e+00,0.000000000000000000e+00,7.720999999999997954e+01,6.400000000000000133e-01,0.000000000000000000e+00,5.899999999999999689e-01,9.000000000000000222e-01,2.419999999999999929e+00,4.929999999999999716e+00,8.859999999999997655e+00,5.009999999999999787e+00,3.870000000000000107e+00,7.800000000000000266e-01,3.500000000000000000e+00,7.179999999999999716e+00,2.729999999999999982e+00,1.459999999999999964e+00,0.000000000000000000e+00,1.689999999999999947e+00,5.750000000000000000e+00,8.299999999999999600e-01,4.410000000000000142e+00,1.650000000000000000e+01,5.429999999999999716e+00,1.699999999999999956e+00,1.729999999999999982e+00,6.700000000000000400e-01,3.759999999999999787e+00,4.230000000000000426e+00,3.500000000000000000e+00,2.259999999999999787e+00,4.699999999999999734e-01,4.000000000000000222e-01,4.209999999999999964e+00,5.849999999999999645e+00,3.750000000000000000e+00,9.799999999999999822e-01,2.379999999999999893e+00,0.000000000000000000e+00,3.810000000000000053e+00,7.000000000000000666e-02,0.000000000000000000e+00,4.549999999999999822e+00,2.917000000000000171e+01,2.870000000000000107e+00,3.500000000000000000e+00,2.549999999999999822e+00,3.959999999999999964e+00,3.879999999999999893e+00,1.500000000000000000e+00,3.390000000000000124e+00,4.540000000000000036e+00,3.049999999999999822e+00,3.430000000000000160e+00,0.000000000000000000e+00,1.530000000000000027e+00,4.709999999999999964e+00,3.279999999999999805e+00,1.489999999999999991e+00,1.739999999999999991e+00,1.729999999999999982e+00,2.279999999999999805e+00,3.099999999999999978e-01,1.570000000000000062e+00,1.189999999999999947e+00,3.300000000000000155e-01,1.340000000000000080e+00,2.870000000000000107e+00,5.150000000000000355e+00,3.000000000000000000e+00,1.919999999999999929e+00,7.209999999999999964e+00,0.000000000000000000e+00,3.959999999999999964e+00,1.459999999999999964e+00,3.049999999999999822e+00,3.540000000000000036e+00,2.020000000000000018e+00,4.389999999999999680e+00,2.620000000000000107e+00,1.719999999999999973e+00,4.040000000000000036e+00,0.000000000000000000e+00,7.800000000000000266e-01,1.729999999999999982e+00,3.680000000000000160e+00,0.000000000000000000e+00,0.000000000000000000e+00,3.400000000000000244e-01,3.846999999999999886e+01,7.120000000000000107e+00,1.310000000000000053e+00,4.150000000000000355e+00,4.429999999999999716e+00,3.089999999999999858e+00,3.189999999999999947e+00,2.999999999999999889e-01,0.000000000000000000e+00,1.499999999999999944e-01,0.000000000000000000e+00,2.189999999999999947e+00,1.000000000000000021e-02,2.490000000000000213e+00,0.000000000000000000e+00,1.530000000000000027e+00,4.099999999999999756e-01,2.859999999999999876e+00,2.299999999999999822e+00,2.479999999999999982e+00,7.199999999999999734e-01,1.500000000000000000e+00,2.089999999999999858e+00,0.000000000000000000e+00,1.449999999999999956e+00,0.000000000000000000e+00,1.111999999999999922e+01,2.240000000000000213e+00,8.679999999999999716e+00,2.149999999999999911e+00,1.659999999999999920e+00,1.669999999999999929e+00,2.299999999999999822e+00,2.620000000000000107e+00,2.399999999999999911e+00,1.270000000000000018e+00,2.089999999999999858e+00,2.770000000000000018e+00,1.600000000000000033e-01,3.379999999999999893e+00,1.169999999999999929e+00,1.280000000000000027e+00,5.929999999999999716e+00,4.799999999999999822e-01,0.000000000000000000e+00,0.000000000000000000e+00,9.630000000000000782e+00,5.389999999999999680e+00,3.700000000000000178e+00,0.000000000000000000e+00,0.000000000000000000e+00,1.830000000000000071e+00,5.370000000000000107e+00,6.899999999999999467e-01,3.859999999999999876e+00,2.209999999999999964e+00,6.440000000000000391e+00,1.840000000000000080e+00,0.000000000000000000e+00,1.800000000000000044e+00,6.400000000000000133e-01,6.999999999999999556e-01
2.342999999999999972e+01,1.156000000000000050e+01,6.999999999999999556e-01,2.399999999999999911e+00,1.080000000000000071e+00,2.439999999999999947e+00,2.303000000000000114e+01,1.152999999999999936e+01,9.900000000000000355e+00,0.000000000000000000e+00,1.028999999999999915e+01,3.919999999999999929e+00,2.600000000000000089e+00,8.759999999999999787e+00,1.028999999999999915e+01,1.250000000000000000e+00,8.299999999999999600e-01,3.140000000000000124e+00,3.649999999999999911e+00,0.000000000000000000e+00,8.999999999999999667e-02,1.020000000000000018e+00,6.110000000000000320e+00,6.030000000000000249e+00,2.089999999999999858e+00,3.089999999999999858e+00,4.000000000000000000e+00,4.200000000000000178e+00,0.000000000000000000e+00,0.000000000000000000e+00,1.056000000000000050e+01,3.390000000000000124e+00,0.000000000000000000e+00,7.040000000000000036e+00,4.219999999999999751e+00,4.040000000000000036e+00,1.270000000000000018e+00,2.040000000000000036e+00,1.550000000000000044e+00,0.000000000000000000e+00,1.340000000000000080e+00,5.589999999999999858e+00,4.299999999999999822e+00,1.969999999999999973e+00,5.080000000000000071e+00,6.290000000000000036e+00,3.609999999999999876e+00,4.469999999999999751e+00,1.022000000000000064e+01,9.570000000000000284e+00,3.589999999999999858e+00,2.580000000000000071e+00,1.750000000000000000e+00,3.709999999999999964e+00,0.000000000000000000e+00,2.589999999999999858e+00,1.010000000000000009e+00,3.000000000000000000e+00,2.910000000000000142e+00,4.250000000000000000e+00,1.281000000000000050e+01,3.240000000000000213e+00,1.564000000000000057e+01,5.089999999999999858e+00,8.599999999999999867e-01,1.100000000000000000e+01,1.520000000000000018e+00,4.767999999999999972e+01,4.164000000000000057e+01,8.919999999999999929e+00,3.830000000000000071e+00,1.719999999999999973e+00,3.330000000000000071e+00,3.379999999999999893e+00,3.419999999999999929e+00,3.250000000000000000e+00,0.000000000000000000e+00,1.469999999999999973e+00,2.759999999999999787e+00,1.260000000000000009e+00,0.000000000000000000e+00,1.243999999999999950e+01,1.502999999999999936e+01,1.942999999999999972e+01,7.589999999999999858e+00,2.189999999999999947e+00,1.712000000000000099e+01,1.679999999999999938e+00,4.629999999999999893e+00,2.805999999999999872e+01,2.390000000000000124e+00,3.589999999999999858e+00,1.850000000000000089e+00,3.080000000000000071e+00,4.509999999999999787e+00,1.280000000000000027e+00,2.120000000000000107e+00,0.000000000000000000e+00,0.000000000000000000e+00,2.200000000000000011e-01,2.299999999999999822e+00,0.000000000000000000e+00,3.209999999999999964e+00,1.610000000000000098e+00,6.740000000000000213e+00,6.780000000000000249e+00,2.153999999999999915e+01,2.398000000000000043e+01,1.210999999999999943e+01,1.366000000000000014e+01,2.373000000000000043e+01,1.850000000000000089e+00,7.870000000000000107e+00,3.589999999999999858e+00,2.600000000000000089e+00,1.229999999999999982e+00,3.009999999999999787e+00,3.359999999999999876e+00,3.950000000000000178e+00,5.200000000000000178e+00,5.230000000000000426e+00,1.614000000000000057e+01,4.139999999999999680e+00,2.390000000000000124e+00,2.390000000000000124e+00,5.730000000000000426e+00,0.000000000000000000e+00,5.799999999999999600e-01,2.821999999999999886e+01,1.810999999999999943e+01,3.919999999999999929e+00,2.479999999999999982e+00,3.339999999999999858e+00,0.000000000000000000e+00,6.589999999999999858e+00,8.169999999999999929e+00,1.389999999999999902e+00,0.000000000000000000e+00,0.000000000000000000e+00,2.410000000000000142e+00,7.500000000000000000e-01,1.370000000000000107e+00,4.899999999999999911e-01,1.189999999999999947e+00,1.800000000000000044e+00,1.649999999999999911e+00,1.159999999999999920e+00,2.520000000000000018e+00,1.669999999999999929e+00,2.049999999999999822e+00,1.550000000000000044e+00,4.690000000000000391e+00,2.930000000000000160e+00,0.000000000000000000e+00,4.352000000000000313e+01,4.099999999999999756e-01,1.639999999999999902e+00,7.089999999999999858e+00,1.649999999999999911e+00,2.259999999999999787e+00,1.159999999999999920e+00,1.600000000000000089e+00,0.000000000000000000e+00,3.300000000000000155e-01,2.720000000000000195e+00,4.349999999999999645e+00,1.729999999999999982e+00,1.969999999999999973e+00,5.320000000000000284e+00,7.719999999999999751e+00,2.864000000000000057e+01,1.169999999999999929e+00,0.000000000000000000e+00,2.220000000000000195e+00,5.580000000000000071e+00,3.410000000000000142e+00,2.580000000000000071e+00,0.000000000000000000e+00,3.549999999999999822e+00,4.480000000000000426e+00,1.296000000000000085e+01,1.060000000000000053e+00,5.709999999999999964e+00,1.300000000000000044e+00,3.020000000000000018e+00,3.660000000000000142e+00,0.000000000000000000e+00,5.559999999999999609e+00,2.146000000000000085e+01,3.120000000000000107e+00
8.050000000000000711e+00,5.870000000000000107e+00,0.000000000000000000e+00,0.000000000000000000e+00,0.000000000000000000e+00,3.379999999999999893e+00,0.000000000000000000e+00,0.000000000000000000e+00,0.000000000000000000e+00,0.000000000000000000e+00,2.279999999999999805e+00,3.240000000000000213e+00,8.080000000000000071e+00,1.770000000000000018e+00,3.959999999999999964e+00,0.000000000000000000e+00,0.000000000000000000e+00,3.180000000000000160e+00,3.000000000000000000e+00,0.000000000000000000e+00,0.000000000000000000e+00,5.500000000000000444e-01,0.000000000000000000e+00,0.000000000000000000e+00,3.189999999999999947e+00,0.000000000000000000e+00,0.000000000000000000e+00,0.000000000000000000e+00,1.449999999999999956e+00,2.640000000000000124e+00,5.889999999999999680e+00,1.010000000000000009e+00,0.000000000000000000e+00,4.110000000000000320e+00,3.240000000000000213e+00,2.509999999999999787e+00,7.900000000000000355e-01,5.699999999999999512e-01,0.000000000000000000e+00,3.319999999999999840e+00,0.000000000000000000e+00,4.719999999999999751e+00,9.200000000000000400e-01,0.000000000000000000e+00,2.910000000000000142e+00,7.587999999999999545e+01,0.000000000000000000e+00,1.300000000000000044e+00,1.225999999999999979e+01,1.026999999999999957e+01,4.209999999999999964e+00,1.679999999999999938e+00,6.370000000000000107e+00,2.482000000000000028e+01,2.759999999999999787e+00,2.689999999999999947e+00,3.699999999999999956e-01,1.399999999999999911e+00,5.790000000000000036e+00,0.000000000000000000e+00,1.051999999999999957e+01,2.509999999999999787e+00,1.290000000000000036e+00,0.000000000000000000e+00,5.219999999999999751e+00,0.000000000000000000e+00,7.519999999999999574e+00,0.000000000000000000e+00,0.000000000000000000e+00,1.105000000000000071e+01,0.000000000000000000e+00,0.000000000000000000e+00,6.730000000000000426e+00,7.860000000000000320e+00,8.820000000000000284e+00,2.649999999999999911e+00,4.250000000000000000e+00,0.000000000000000000e+00,2.899999999999999800e-01,1.000000000000000000e+00,0.000000000000000000e+00,1.425000000000000000e+01,4.929999999999999716e+00,2.399999999999999911e-01,0.000000000000000000e+00,5.049999999999999822e+00,7.929999999999999716e+00,6.879999999999999893e+00,1.439999999999999947e+00,5.650000000000000355e+00,5.059999999999999609e+00,4.690000000000000391e+00,1.659999999999999920e+00,6.429999999999999716e+00,3.359999999999999876e+00,4.379999999999999893e+00,3.910000000000000142e+00,2.149999999999999911e+00,4.839999999999999858e+00,2.330000000000000071e+00,5.110000000000000320e+00,1.669999999999999929e+00,5.169999999999999929e+00,2.279999999999999805e+00,3.600000000000000089e+00,2.000000000000000000e+00,3.290000000000000036e+00,9.169999999999999929e+00,9.109999999999999432e+00,4.730000000000000426e+00,1.530000000000000027e+00,0.000000000000000000e+00,1.860000000000000098e+00,3.060000000000000053e+00,5.280000000000000249e+00,3.669999999999999929e+00,4.759999999999999787e+00,8.119999999999999218e+00,2.950000000000000178e+00,3.910000000000000142e+00,3.600000000000000089e+00,4.549999999999999822e+00,9.269999999999999574e+00,2.709999999999999964e+00,4.580000000000000071e+00,0.000000000000000000e+00,2.620000000000000107e+00,2.000000000000000042e-02,1.641000000000000014e+01,9.529999999999999361e+00,1.830000000000000071e+00,5.740000000000000213e+00,5.799999999999999822e+00,0.000000000000000000e+00,5.000000000000000000e+00,2.600000000000000089e+00,6.269999999999999574e+00,0.000000000000000000e+00,6.179999999999999716e+00,2.939999999999999947e+00,4.129999999999999893e+00,0.000000000000000000e+00,0.000000000000000000e+00,1.600000000000000089e+00,3.270000000000000018e+00,2.589999999999999858e+00,4.099999999999999645e+00,3.350000000000000089e+00,1.040000000000000036e+00,2.750000000000000000e+00,2.479999999999999982e+00,1.213000000000000078e+01,6.200000000000000178e+00,0.000000000000000000e+00,1.433000000000000007e+01,1.860000000000000098e+00,3.830000000000000071e+00,3.709999999999999964e+00,3.850000000000000089e+00,3.310000000000000053e+00,2.140000000000000124e+00,3.120000000000000107e+00,2.740000000000000213e+00,1.750000000000000000e+00,2.589999999999999858e+00,3.740000000000000213e+00,3.879999999999999893e+00,3.819999999999999840e+00,8.259999999999999787e+00,5.709999999999999964e+00,1.199999999999999956e+00,8.299999999999999600e-01,0.000000000000000000e+00,0.000000000000000000e+00,2.341000000000000014e+01,5.450000000000000178e+00,4.349999999999999645e+00,0.000000000000000000e+00,1.719999999999999973e+00,5.959999999999999964e+00,5.129999999999999893e+00,2.029999999999999805e+00,6.030000000000000249e+00,2.319999999999999840e+00,9.490000000000000213e+00,5.200000000000000178e+00,0.000000000000000000e+00,2.649999999999999911e+00,4.129999999999999893e+00,0.000000000000000000e+00
1.369999999999999929e+01,7.900000000000000355e+00,0.000000000000000000e+00,2.500000000000000000e-01,1.020000000000000018e+00,1.790000000000000036e+00,7.900000000000000355e-01,3.229999999999999982e+00,4.500000000000000111e-01,9.000000000000000222e-01,8.740000000000000213e+00,0.000000000000000000e+00,1.090000000000000080e+00,0.000000000000000000e+00,0.000000000000000000e+00,0.000000000000000000e+00,4.400000000000000022e-01,0.000000000000000000e+00,1.209999999999999964e+00,1.149999999999999911e+00,0.000000000000000000e+00,6.600000000000000311e-01,6.700000000000000400e-01,1.760000000000000009e+00,6.400000000000000133e-01,5.300000000000000266e-01,5.000000000000000000e-01,1.000000000000000021e-02,1.030000000000000027e+00,0.000000000000000000e+00,3.180000000000000160e+00,5.830000000000000071e+00,2.700000000000000178e+00,4.549999999999999822e+00,5.699999999999999512e-01,0.000000000000000000e+00,3.200000000000000067e-01,0.000000000000000000e+00,3.900000000000000133e-01,0.000000000000000000e+00,1.370000000000000107e+00,4.990000000000000213e+00,3.839999999999999858e+00,3.899999999999999911e+00,1.459999999999999964e+00,4.070000000000000284e+00,0.000000000000000000e+00,0.000000000000000000e+00,2.370000000000000107e+00,5.910000000000000142e+00,2.149999999999999911e+00,7.800000000000000266e-01,0.000000000000000000e+00,5.889999999999999680e+00,8.299999999999999600e-01,0.000000000000000000e+00,6.919999999999999929e+00,2.932999999999999829e+01,2.933999999999999986e+01,3.009999999999999787e+00,1.188000000000000078e+01,2.492999999999999972e+01,6.250000000000000000e+00,4.103999999999999915e+01,6.099999999999999867e-01,4.711999999999999744e+01,1.939999999999999947e+00,2.370000000000000107e+00,1.649999999999999911e+00,1.689999999999999858e+01,1.489999999999999991e+00,2.299999999999999822e+00,1.000000000000000021e-02,0.000000000000000000e+00,2.009999999999999787e+00,0.000000000000000000e+00,1.449999999999999956e+00,4.199999999999999845e-01,0.000000000000000000e+00,1.900000000000000022e-01,1.199999999999999956e+00,6.690999999999999659e+01,5.367999999999999972e+01,9.890000000000000568e+00,1.949999999999999956e+00,1.340000000000000080e+00,1.480000000000000071e+01,0.000000000000000000e+00,1.689999999999999947e+00,2.339999999999999858e+00,0.000000000000000000e+00,2.999999999999999889e-02,0.000000000000000000e+00,3.850000000000000089e+00,5.169999999999999929e+00,0.000000000000000000e+00,8.999999999999999667e-02,5.999999999999999778e-02,1.080000000000000071e+00,5.999999999999999778e-02,1.409999999999999920e+00,0.000000000000000000e+00,0.000000000000000000e+00,1.239999999999999991e+00,1.520000000000000018e+00,8.199999999999999512e-01,2.870000000000000107e+00,1.270000000000000018e+00,1.340000000000000080e+00,3.400000000000000244e-01,2.399999999999999911e+00,4.799999999999999822e-01,2.390000000000000124e+00,1.030000000000000027e+00,9.899999999999999911e-01,1.360000000000000098e+00,1.629999999999999893e+00,0.000000000000000000e+00,6.389999999999999680e+00,7.740000000000000213e+00,7.299999999999999822e+00,1.729999999999999982e+00,0.000000000000000000e+00,0.000000000000000000e+00,0.000000000000000000e+00,1.231000000000000050e+01,6.599999999999999645e+00,0.000000000000000000e+00,1.081000000000000050e+01,1.705000000000000071e+01,9.339999999999999858e+00,1.989999999999999991e+00,1.000000000000000021e-02,0.000000000000000000e+00,1.850000000000000089e+00,2.240000000000000213e+00,0.000000000000000000e+00,1.000000000000000056e-01,3.419999999999999929e+00,2.044999999999999929e+01,1.790000000000000036e+00,5.699999999999999512e-01,1.129999999999999893e+00,4.899999999999999911e-01,6.400000000000000133e-01,1.189999999999999947e+00,1.330000000000000071e+00,1.189999999999999947e+00,1.100000000000000006e-01,1.570000000000000062e+00,9.300000000000000488e-01,7.790000000000000036e+00,1.060000000000000053e+00,0.000000000000000000e+00,1.541999999999999993e+01,0.000000000000000000e+00,1.100000000000000089e+00,1.416999999999999993e+01,1.799999999999999933e-01,2.999999999999999889e-01,2.999999999999999889e-01,7.399999999999999911e-01,8.999999999999999667e-02,0.000000000000000000e+00,1.499999999999999944e-01,1.229999999999999982e+00,1.370000000000000107e+00,0.000000000000000000e+00,4.299999999999999933e-01,0.000000000000000000e+00,1.259999999999999964e+01,8.119999999999999218e+00,1.000000000000000056e-01,7.399999999999999911e-01,2.049999999999999822e+00,6.999999999999999556e-01,0.000000000000000000e+00,0.000000000000000000e+00,7.199999999999999734e-01,2.939999999999999947e+00,3.060000000000000053e+00,1.020000000000000018e+00,9.399999999999999467e-01,4.199999999999999845e-01,9.000000000000000222e-01,5.110000000000000320e+00,1.510000000000000009e+00,3.279999999999999805e+00,2.571999999999999886e+01,1.060000000000000053e+00
4.370000000000000107e+00,4.849999999999999645e+00,7.900000000000000355e-01,1.620000000000000107e+00,1.040000000000000036e+00,3.180000000000000160e+00,1.360000000000000098e+00,2.540000000000000036e+00,7.399999999999999911e-01,0.000000000000000000e+00,2.209999999999999964e+00,1.449999999999999956e+00,1.092999999999999972e+01,2.910000000000000142e+00,2.270000000000000018e+00,4.099999999999999756e-01,0.000000000000000000e+00,3.830000000000000071e+00,4.459999999999999964e+00,6.500000000000000222e-01,4.000000000000000083e-02,2.899999999999999800e-01,1.500000000000000000e+00,0.000000000000000000e+00,2.379999999999999893e+00,3.299999999999999822e+00,9.100000000000000311e-01,0.000000000000000000e+00,8.230000000000000426e+00,1.008000000000000007e+01,8.349999999999999645e+00,2.879999999999999893e+00,9.699999999999999734e-01,5.200000000000000178e+00,6.169999999999999929e+00,2.532000000000000028e+01,7.099999999999999645e+00,5.870000000000000107e+00,8.089999999999999858e+00,1.165000000000000036e+01,1.810000000000000053e+00,4.099999999999999645e+00,7.250000000000000000e+00,5.139999999999999680e+00,3.279999999999999805e+00,1.879999999999999893e+00,2.540000000000000036e+00,5.240000000000000213e+00,1.178999999999999915e+01,9.210000000000000853e+00,4.519999999999999574e+00,4.599999999999999645e+00,2.100000000000000089e+00,1.676999999999999957e+01,6.309999999999999609e+00,3.000000000000000000e+00,8.039999999999999147e+00,4.290000000000000036e+00,5.450000000000000178e+00,1.400000000000000133e-01,3.069999999999999840e+00,3.740000000000000213e+00,4.120000000000000107e+00,2.830000000000000071e+00,4.099999999999999645e+00,2.140000000000000124e+00,8.599999999999999867e-01,3.740000000000000213e+00,7.030000000000000249e+00,7.099999999999999645e+00,1.649999999999999911e+00,3.950000000000000178e+00,7.110000000000000320e+00,4.910000000000000142e+00,1.028999999999999915e+01,4.179999999999999716e+00,1.459999999999999964e+00,1.320000000000000062e+00,1.499999999999999944e-01,1.159999999999999920e+00,0.000000000000000000e+00,6.049999999999999822e+00,6.240000000000000213e+00,2.459999999999999964e+00,5.469999999999999751e+00,4.669999999999999929e+00,6.820000000000000284e+00,6.940000000000000391e+00,1.469999999999999973e+00,9.849999999999999645e+00,1.979999999999999982e+00,4.952000000000000313e+01,2.089999999999999858e+00,1.500000000000000000e+00,7.493999999999999773e+01,4.059999999999999609e+00,3.802000000000000313e+01,5.030000000000000249e+00,3.968999999999999773e+01,1.469999999999999973e+00,4.330000000000000071e+00,1.929999999999999938e+00,4.330000000000000071e+00,1.929999999999999938e+00,6.110000000000000320e+00,5.009999999999999787e+00,7.179999999999999716e+00,1.013000000000000078e+01,4.559999999999999609e+00,3.160000000000000142e+00,2.029999999999999805e+00,0.000000000000000000e+00,3.339999999999999858e+00,2.600000000000000089e+00,5.070000000000000284e+00,1.229999999999999982e+00,6.379999999999999893e+00,5.709999999999999964e+00,3.750000000000000000e+00,3.109999999999999876e+00,3.990000000000000213e+00,2.899999999999999911e+00,7.120000000000000107e+00,2.250000000000000000e+00,4.610000000000000320e+00,5.259999999999999787e+00,6.400000000000000133e-01,5.999999999999999778e-02,5.500000000000000000e+00,4.830000000000000071e+00,2.049999999999999822e+00,6.919999999999999929e+00,5.280000000000000249e+00,0.000000000000000000e+00,2.830000000000000071e+00,2.779999999999999805e+00,1.100000000000000089e+00,0.000000000000000000e+00,0.000000000000000000e+00,3.870000000000000107e+00,3.450000000000000178e+00,2.220000000000000195e+00,1.389999999999999902e+00,2.419999999999999929e+00,3.299999999999999822e+00,6.129999999999999893e+00,7.410000000000000142e+00,7.379999999999999893e+00,3.770000000000000018e+00,1.840000000000000080e+00,1.770000000000000018e+00,1.705999999999999872e+01,6.400000000000000355e+00,0.000000000000000000e+00,5.549999999999999822e+00,1.850000000000000089e+00,3.549999999999999822e+00,8.509999999999999787e+00,3.689999999999999947e+00,2.660000000000000142e+00,9.599999999999999645e-01,1.439999999999999947e+00,1.142999999999999972e+01,2.240000000000000213e+00,1.719999999999999973e+00,2.620000000000000107e+00,4.309999999999999609e+00,2.160000000000000142e+00,3.640000000000000124e+00,9.220000000000000639e+00,2.399999999999999911e-01,1.499000000000000021e+01,0.000000000000000000e+00,1.360000000000000098e+00,5.040000000000000036e+00,4.280000000000000249e+00,4.480000000000000426e+00,0.000000000000000000e+00,4.129999999999999893e+00,5.809999999999999609e+00,5.269999999999999574e+00,8.800000000000000044e-01,3.950000000000000178e+00,2.669999999999999929e+00,1.398000000000000043e+01,9.730000000000000426e+00,0.000000000000000000e+00,3.029999999999999805e+00,2.770000000000000018e+00,1.699999999999999956e+00
2.805000000000000160e+00,1.074999999999999956e+00,0.000000000000000000e+00,0.000000000000000000e+00,1.794999999999999929e+00,0.000000000000000000e+00,0.000000000000000000e+00,0.000000000000000000e+00,0.000000000000000000e+00,0.000000000000000000e+00,0.000000000000000000e+00,0.000000000000000000e+00,0.000000000000000000e+00,0.000000000000000000e+00,0.000000000000000000e+00,0.000000000000000000e+00,0.000000000000000000e+00,0.000000000000000000e+00,0.000000000000000000e+00,0.000000000000000000e+00,1.965000000000000080e+00,4.349999999999999978e-01,3.750000000000000000e-01,9.399999999999999467e-01,6.400000000000000133e-01,0.000000000000000000e+00,0.000000000000000000e+00,0.000000000000000000e+00,0.000000000000000000e+00,0.000000000000000000e+00,0.000000000000000000e+00,1.780000000000000027e+00,0.000000000000000000e+00,0.000000000000000000e+00,1.024999999999999911e+00,0.000000000000000000e+00,0.000000000000000000e+00,0.000000000000000000e+00,0.000000000000000000e+00,0.000000000000000000e+00,0.000000000000000000e+00,0.000000000000000000e+00,4.849999999999999867e-01,8.359999999999999432e+00,0.000000000000000000e+00,0.000000000000000000e+00,0.000000000000000000e+00,0.000000000000000000e+00,0.000000000000000000e+00,0.000000000000000000e+00,0.000000000000000000e+00,0.000000000000000000e+00,1.135000000000000009e+00,3.500000000000000000e+00,0.000000000000000000e+00,0.000000000000000000e+00,0.000000000000000000e+00,7.499999999999999722e-02,0.000000000000000000e+00,0.000000000000000000e+00,0.000000000000000000e+00,0.000000000000000000e+00,0.000000000000000000e+00,0.000000000000000000e+00,3.400000000000000244e-01,0.000000000000000000e+00,8.649999999999999911e-01,0.000000000000000000e+00,0.000000000000000000e+00,0.000000000000000000e+00,0.000000000000000000e+00,0.000000000000000000e+00,1.950000000000000067e-01,0.000000000000000000e+00,5.300000000000000266e-01,0.000000000000000000e+00,2.049999999999999822e+00,0.000000000000000000e+00,0.000000000000000000e+00,0.000000000000000000e+00,2.390000000000000124e+00,0.000000000000000000e+00,0.000000000000000000e+00,0.000000000000000000e+00,1.700000000000000122e-01,1.189999999999999947e+00,0.000000000000000000e+00,0.000000000000000000e+00,0.000000000000000000e+00,5.844999999999999751e+00,0.000000000000000000e+00,4.195000000000000284e+00,0.000000000000000000e+00,0.000000000000000000e+00,5.035000000000000142e+00,0.000000000000000000e+00,2.550000000000000044e-01,0.000000000000000000e+00,0.000000000000000000e+00,1.245000000000000107e+00,0.000000000000000000e+00,5.724999999999999645e+00,3.740000000000000213e+00,1.939999999999999947e+00,0.000000000000000000e+00,0.000000000000000000e+00,1.499999999999999944e-02,2.475499999999999901e+01,2.949999999999999845e-01,0.000000000000000000e+00,2.700000000000000178e-01,0.000000000000000000e+00,5.649999999999999467e-01,0.000000000000000000e+00,4.785000000000000142e+00,0.000000000000000000e+00,6.500000000000000222e-02,0.000000000000000000e+00,0.000000000000000000e+00,0.000000000000000000e+00,4.400000000000000022e-01,6.360000000000000320e+00,0.000000000000000000e+00,0.000000000000000000e+00,0.000000000000000000e+00,0.000000000000000000e+00,0.000000000000000000e+00,3.300000000000000155e-01,0.000000000000000000e+00,0.000000000000000000e+00,0.000000000000000000e+00,1.010000000000000009e+00,0.000000000000000000e+00,7.049999999999999822e+00,0.000000000000000000e+00,0.000000000000000000e+00,0.000000000000000000e+00,4.699999999999999734e-01,2.140000000000000124e+00,0.000000000000000000e+00,0.000000000000000000e+00,6.600000000000000311e-01,3.890000000000000124e+00,0.000000000000000000e+00,5.500000000000000028e-02,0.000000000000000000e+00,0.000000000000000000e+00,0.000000000000000000e+00,0.000000000000000000e+00,6.850000000000000533e-01,0.000000000000000000e+00,0.000000000000000000e+00,0.000000000000000000e+00,1.455000000000000071e+00,0.000000000000000000e+00,0.000000000000000000e+00,0.000000000000000000e+00,0.000000000000000000e+00,6.899999999999999467e-01,0.000000000000000000e+00,0.000000000000000000e+00,2.495000000000000107e+00,0.000000000000000000e+00,0.000000000000000000e+00,0.000000000000000000e+00,0.000000000000000000e+00,7.049999999999999600e-01,9.009999999999999787e+00,0.000000000000000000e+00,1.760000000000000009e+00,1.465000000000000080e+00,0.000000000000000000e+00,2.265000000000000124e+00,1.620000000000000107e+00,0.000000000000000000e+00,0.000000000000000000e+00,0.000000000000000000e+00,1.985000000000000098e+00,0.000000000000000000e+00,2.214999999999999858e+00,2.709999999999999964e+00,0.000000000000000000e+00,0.000000000000000000e+00,0.000000000000000000e+00,0.000000000000000000e+00,1.004999999999999893e+00,0.000000000000000000e+00,0.000000000000000000e+00,4.870000000000000107e+00,0.000000000000000000e+00
7.610000000000000320e+00,6.190000000000000391e+00,7.299999999999999822e-01,1.929999999999999938e+00,2.500000000000000000e-01,3.799999999999999822e+00,2.729999999999999982e+00,3.910000000000000142e+00,1.709999999999999964e+00,0.000000000000000000e+00,3.859999999999999876e+00,1.178999999999999915e+01,8.419999999999999929e+00,2.459999999999999964e+00,1.639999999999999902e+00,1.600000000000000089e+00,1.499999999999999944e-01,2.509999999999999787e+00,4.410000000000000142e+00,2.000000000000000111e-01,8.399999999999999689e-01,1.070000000000000062e+00,0.000000000000000000e+00,2.790000000000000036e+00,4.599999999999999645e+00,2.799999999999999822e+00,5.799999999999999600e-01,0.000000000000000000e+00,0.000000000000000000e+00,0.000000000000000000e+00,7.839999999999999858e+00,1.449999999999999956e+00,1.219999999999999973e+00,2.283999999999999986e+01,5.980000000000000426e+00,4.549999999999999822e+00,4.750000000000000000e+00,3.859999999999999876e+00,4.559999999999999609e+00,0.000000000000000000e+00,1.199999999999999956e+00,4.490000000000000213e+00,6.650000000000000355e+00,3.049999999999999822e+00,3.609999999999999876e+00,8.279999999999999361e+00,1.522000000000000064e+01,5.370000000000000107e+00,1.982999999999999829e+01,1.648000000000000043e+01,7.219999999999999751e+00,7.679999999999999716e+00,4.679999999999999716e+00,2.171000000000000085e+01,6.009999999999999787e+00,3.799999999999999822e+00,8.679999999999999716e+00,5.469999999999999751e+00,7.599999999999999645e+00,5.999999999999999778e-01,6.049999999999999822e+00,1.739999999999999991e+00,0.000000000000000000e+00,2.140000000000000124e+00,3.049999999999999822e+00,6.389999999999999680e+00,3.520000000000000018e+00,3.970000000000000195e+00,2.529999999999999805e+00,1.208999999999999986e+01,0.000000000000000000e+00,5.730000000000000426e+00,9.179999999999999716e+00,6.299999999999999822e+00,6.280000000000000249e+00,2.109999999999999876e+00,2.850000000000000089e+00,1.610000000000000098e+00,6.030000000000000249e+00,2.140000000000000124e+00,0.000000000000000000e+00,3.910000000000000142e+00,2.303999999999999915e+01,7.950000000000000178e+00,3.589999999999999858e+00,5.440000000000000391e+00,1.171000000000000085e+01,6.299999999999999822e+00,2.700000000000000178e-01,1.186999999999999922e+01,4.000000000000000000e+00,6.980000000000000426e+00,7.600000000000000089e-01,2.689999999999999947e+00,6.900000000000000355e+00,3.979999999999999982e+00,5.969999999999999751e+00,0.000000000000000000e+00,1.320000000000000062e+00,1.310000000000000053e+00,4.419999999999999929e+00,2.080000000000000071e+00,5.419999999999999929e+00,2.689999999999999947e+00,4.360000000000000320e+00,1.280000000000000027e+00,9.899999999999999911e-01,1.124000000000000021e+01,3.229999999999999982e+00,2.089999999999999858e+00,4.629999999999999893e+00,0.000000000000000000e+00,2.459999999999999964e+00,3.640000000000000124e+00,6.419999999999999929e+00,2.629999999999999893e+00,4.530000000000000249e+00,9.480000000000000426e+00,1.659999999999999920e+00,2.939999999999999947e+00,3.189999999999999947e+00,6.999999999999999556e-01,7.549999999999999822e+00,2.069999999999999840e+00,7.150000000000000355e+00,0.000000000000000000e+00,1.020000000000000018e+00,1.199999999999999956e-01,9.169999999999999929e+00,9.699999999999999289e+00,2.160000000000000142e+00,5.690000000000000391e+00,5.490000000000000213e+00,6.400000000000000133e-01,4.530000000000000249e+00,3.680000000000000160e+00,1.389999999999999902e+00,0.000000000000000000e+00,0.000000000000000000e+00,4.450000000000000178e+00,4.450000000000000178e+00,2.430000000000000160e+00,1.209999999999999964e+00,1.429999999999999938e+00,0.000000000000000000e+00,4.070000000000000284e+00,5.009999999999999787e+00,5.860000000000000320e+00,3.609999999999999876e+00,2.709999999999999964e+00,1.919999999999999929e+00,1.075000000000000000e+01,5.889999999999999680e+00,1.060000000000000053e+00,6.990000000000000213e+00,1.709999999999999964e+00,3.439999999999999947e+00,5.790000000000000036e+00,1.010000000000000009e+00,3.069999999999999840e+00,1.459999999999999964e+00,2.319999999999999840e+00,0.000000000000000000e+00,2.790000000000000036e+00,3.540000000000000036e+00,4.370000000000000107e+00,4.360000000000000320e+00,2.609999999999999876e+00,5.389999999999999680e+00,7.440000000000000391e+00,1.039000000000000057e+01,1.799999999999999933e-01,0.000000000000000000e+00,0.000000000000000000e+00,6.669999999999999929e+00,3.959999999999999964e+00,3.189999999999999947e+00,0.000000000000000000e+00,3.500000000000000000e+00,1.853000000000000114e+01,3.020000000000000018e+00,1.250000000000000000e+00,3.700000000000000178e+00,2.399999999999999911e+00,8.699999999999999289e+00,4.500000000000000000e+01,0.000000000000000000e+00,2.620000000000000107e+00,7.500000000000000000e+00,4.110000000000000320e+00
0.000000000000000000e+00,0.000000000000000000e+00,6.067000000000000171e+01,7.418999999999999773e+01,5.768999999999999773e+01,0.000000000000000000e+00,0.000000000000000000e+00,0.000000000000000000e+00,0.000000000000000000e+00,0.000000000000000000e+00,0.000000000000000000e+00,0.000000000000000000e+00,4.379999999999999893e+00,3.200000000000000067e-01,2.529999999999999805e+00,0.000000000000000000e+00,0.000000000000000000e+00,3.500000000000000000e+00,2.490000000000000213e+00,0.000000000000000000e+00,3.520000000000000018e+00,2.359999999999999876e+00,0.000000000000000000e+00,0.000000000000000000e+00,7.200000000000000178e+00,0.000000000000000000e+00,1.050000000000000044e+00,0.000000000000000000e+00,0.000000000000000000e+00,2.910000000000000142e+00,7.049999999999999822e+00,5.250000000000000000e+00,0.000000000000000000e+00,1.629999999999999893e+00,5.400000000000000355e+00,4.150000000000000355e+00,0.000000000000000000e+00,0.000000000000000000e+00,0.000000000000000000e+00,1.800000000000000044e+00,0.000000000000000000e+00,0.000000000000000000e+00,0.000000000000000000e+00,0.000000000000000000e+00,1.350000000000000089e+00,0.000000000000000000e+00,0.000000000000000000e+00,0.000000000000000000e+00,7.429999999999999716e+00,1.629999999999999893e+00,0.000000000000000000e+00,0.000000000000000000e+00,1.270000000000000018e+00,2.930000000000000160e+00,2.180000000000000160e+00,2.169999999999999929e+00,0.000000000000000000e+00,0.000000000000000000e+00,1.169999999999999929e+00,0.000000000000000000e+00,5.040000000000000036e+00,2.919999999999999929e+00,0.000000000000000000e+00,0.000000000000000000e+00,1.129999999999999893e+00,0.000000000000000000e+00,4.530000000000000249e+00,1.291000000000000014e+01,1.189000000000000057e+01,2.069999999999999840e+00,1.499999999999999944e-01,0.000000000000000000e+00,4.879999999999999893e+00,9.028000000000000114e+01,2.750000000000000000e+00,2.100000000000000089e+00,0.000000000000000000e+00,0.000000000000000000e+00,4.700000000000000178e+00,6.099999999999999867e-01,0.000000000000000000e+00,3.478999999999999915e+01,4.459999999999999964e+00,0.000000000000000000e+00,0.000000000000000000e+00,2.399999999999999911e+00,3.390000000000000124e+00,5.080000000000000071e+00,1.419999999999999929e+00,4.980000000000000426e+00,5.250000000000000000e+00,3.700000000000000178e+00,1.189999999999999947e+00,1.989999999999999991e+00,0.000000000000000000e+00,5.070000000000000284e+00,2.040000000000000036e+00,7.900000000000000355e-01,2.859999999999999876e+00,1.570000000000000062e+00,1.549000000000000021e+01,1.130000000000000071e+01,1.303999999999999915e+01,1.053999999999999915e+01,6.830000000000000071e+00,1.169999999999999929e+00,1.639999999999999902e+00,5.980000000000000426e+00,1.389999999999999902e+00,5.600000000000000533e-01,1.000000000000000021e-02,2.300000000000000100e-01,4.040000000000000036e+00,2.189999999999999947e+00,3.859999999999999876e+00,3.459999999999999964e+00,3.990000000000000213e+00,5.299999999999999822e+00,3.100000000000000089e+00,3.080000000000000071e+00,3.149999999999999911e+00,6.780000000000000249e+00,5.459999999999999964e+00,2.419999999999999929e+00,5.370000000000000107e+00,1.919999999999999929e+01,4.884000000000000341e+01,9.799999999999999822e-01,9.320000000000000284e+00,1.206000000000000050e+01,2.180000000000000160e+00,2.879999999999999893e+00,4.030000000000000249e+00,4.179999999999999716e+00,1.649999999999999911e+00,0.000000000000000000e+00,2.140000000000000124e+00,0.000000000000000000e+00,3.020000000000000018e+00,4.549999999999999822e+00,3.319999999999999840e+00,4.406000000000000227e+01,0.000000000000000000e+00,2.994000000000000128e+01,6.740000000000000213e+00,0.000000000000000000e+00,0.000000000000000000e+00,2.099999999999999922e-01,9.800000000000000711e+00,3.535999999999999943e+01,4.561999999999999744e+01,9.339999999999999858e+00,4.209999999999999964e+00,3.069999999999999840e+00,6.889999999999999680e+00,1.939999999999999947e+00,6.209999999999999964e+00,3.890000000000000124e+00,4.339999999999999858e+00,2.470000000000000195e+00,4.160000000000000142e+00,4.389999999999999680e+00,2.979999999999999982e+00,2.290000000000000036e+00,3.100000000000000089e+00,5.120000000000000107e+00,2.669999999999999929e+00,2.157000000000000028e+01,4.299999999999999822e+00,3.580000000000000071e+00,0.000000000000000000e+00,7.500000000000000000e-01,0.000000000000000000e+00,0.000000000000000000e+00,3.910000000000000142e+00,8.689999999999999503e+00,8.619999999999999218e+00,6.199999999999999956e-01,5.259999999999999787e+00,0.000000000000000000e+00,6.500000000000000222e-01,8.100000000000000533e-01,2.442000000000000171e+01,2.770000000000000018e+00,9.220000000000000639e+00,0.000000000000000000e+00,0.000000000000000000e+00,2.770000000000000018e+00,2.709999999999999964e+00,0.000000000000000000e+00
2.520000000000000018e+00,1.010000000000000009e+00,2.979999999999999982e+00,3.720000000000000195e+00,2.399999999999999911e+00,3.339999999999999858e+00,4.700000000000000178e+00,4.969999999999999751e+00,9.399999999999999467e-01,0.000000000000000000e+00,1.739999999999999991e+00,7.129999999999999893e+00,6.540000000000000036e+00,1.169999999999999929e+00,3.060000000000000053e+00,0.000000000000000000e+00,8.299999999999999600e-01,3.060000000000000053e+00,2.620000000000000107e+00,2.800000000000000266e-01,0.000000000000000000e+00,0.000000000000000000e+00,2.009999999999999787e+00,3.620000000000000107e+00,5.500000000000000444e-01,3.890000000000000124e+00,4.000000000000000000e+00,8.699999999999999956e-01,7.379999999999999893e+00,1.909999999999999920e+00,8.150000000000000355e+00,1.020000000000000018e+00,1.179999999999999938e+00,1.840000000000000080e+00,6.740000000000000213e+00,5.019999999999999574e+00,4.040000000000000036e+00,3.649999999999999911e+00,4.150000000000000355e+00,6.570000000000000284e+00,5.100000000000000089e-01,2.520000000000000018e+00,4.049999999999999822e+00,5.999999999999999778e-02,4.919999999999999929e+00,8.134000000000000341e+01,1.189999999999999947e+00,5.190000000000000391e+00,7.299999999999999822e+00,9.519999999999999574e+00,3.689999999999999947e+00,2.750000000000000000e+00,7.839000000000000057e+01,8.892000000000000171e+01,2.549999999999999822e+00,5.000000000000000000e+00,3.950000000000000178e+00,7.740000000000000213e+00,8.060000000000000497e+00,5.900000000000000355e+00,3.649999999999999911e+00,3.499999999999999778e-01,4.639999999999999680e+00,4.679999999999999716e+00,4.009999999999999787e+00,1.570000000000000062e+00,3.229999999999999982e+00,3.259999999999999787e+00,3.060000000000000053e+00,6.089999999999999858e+00,0.000000000000000000e+00,3.080000000000000071e+00,9.089999999999999858e+00,1.131000000000000050e+01,5.280000000000000249e+00,2.990000000000000213e+00,1.659999999999999920e+00,1.070000000000000062e+00,6.240000000000000213e+00,1.510000000000000009e+00,0.000000000000000000e+00,5.240000000000000213e+00,4.469999999999999751e+00,2.850000000000000089e+00,3.740000000000000213e+00,7.040000000000000036e+00,6.150000000000000355e+00,5.349999999999999645e+00,1.810000000000000053e+00,7.459999999999999964e+00,7.209999999999999964e+00,7.730000000000000426e+00,3.020000000000000018e+00,4.669999999999999929e+00,1.586999999999999922e+01,5.679999999999999716e+00,3.350000000000000089e+00,1.679999999999999938e+00,7.009999999999999787e+00,2.000000000000000000e+00,4.099999999999999645e+00,2.189999999999999947e+00,3.310000000000000053e+00,3.490000000000000213e+00,7.160000000000000142e+00,2.540000000000000036e+00,1.189000000000000057e+01,7.980000000000000426e+00,2.709999999999999964e+00,1.459999999999999964e+00,3.819999999999999840e+00,5.100000000000000089e-01,3.520000000000000018e+00,1.830000000000000071e+00,6.030000000000000249e+00,1.252999999999999936e+01,2.990000000000000213e+00,1.222000000000000064e+01,3.520000000000000018e+00,3.509999999999999787e+00,2.990000000000000213e+00,9.000000000000000222e-01,8.289999999999999147e+00,2.040000000000000036e+00,6.219999999999999751e+00,0.000000000000000000e+00,3.399999999999999911e+00,3.400000000000000244e-01,7.429999999999999716e+00,4.690000000000000391e+00,4.400000000000000355e+00,5.929999999999999716e+00,7.009999999999999787e+00,5.899999999999999689e-01,5.719999999999999751e+00,2.169999999999999929e+00,7.600000000000000089e-01,7.299999999999999822e-01,2.099999999999999922e-01,4.059999999999999609e+00,5.660000000000000142e+00,2.270000000000000018e+00,1.169999999999999929e+00,0.000000000000000000e+00,3.029999999999999805e+00,5.580000000000000071e+00,4.599999999999999645e+00,4.660000000000000142e+00,3.870000000000000107e+00,3.529999999999999805e+00,2.879999999999999893e+00,4.759999999999999787e+00,4.809999999999999609e+00,0.000000000000000000e+00,3.899999999999999911e+00,2.100000000000000089e+00,2.899999999999999911e+00,4.150000000000000355e+00,2.310000000000000053e+00,3.089999999999999858e+00,5.899999999999999689e-01,3.379999999999999893e+00,3.500000000000000000e+00,1.649999999999999911e+00,2.859999999999999876e+00,3.419999999999999929e+00,0.000000000000000000e+00,4.530000000000000249e+00,5.679999999999999716e+00,8.919999999999999929e+00,8.560000000000000497e+00,4.000000000000000222e-01,0.000000000000000000e+00,0.000000000000000000e+00,9.609999999999999432e+00,8.109999999999999432e+00,6.280000000000000249e+00,2.129999999999999893e+00,5.389999999999999680e+00,2.120000000000000107e+00,3.660000000000000142e+00,1.610000000000000098e+00,5.740000000000000213e+00,3.259999999999999787e+00,1.477999999999999936e+01,0.000000000000000000e+00,0.000000000000000000e+00,3.669999999999999929e+00,6.030000000000000249e+00,3.800000000000000044e-01
4.059999999999999609e+00,2.479999999999999982e+00,1.100000000000000006e-01,1.679999999999999938e+00,9.799999999999999822e-01,4.070000000000000284e+00,3.149999999999999911e+00,2.479999999999999982e+00,0.000000000000000000e+00,0.000000000000000000e+00,2.970000000000000195e+00,0.000000000000000000e+00,6.700000000000000178e+00,0.000000000000000000e+00,1.489999999999999991e+00,3.099999999999999978e-01,0.000000000000000000e+00,3.339999999999999858e+00,2.859999999999999876e+00,0.000000000000000000e+00,0.000000000000000000e+00,0.000000000000000000e+00,8.599999999999999867e-01,2.509999999999999787e+00,2.029999999999999805e+00,1.979999999999999982e+00,0.000000000000000000e+00,0.000000000000000000e+00,1.209999999999999964e+00,4.879999999999999893e+00,5.339999999999999858e+00,2.529999999999999805e+00,1.320000000000000062e+00,8.000000000000000167e-02,5.099999999999999645e+00,3.270000000000000018e+00,4.509999999999999787e+00,4.030000000000000249e+00,4.089999999999999858e+00,7.299999999999999822e-01,1.090000000000000080e+00,1.070000000000000062e+00,2.959999999999999964e+00,0.000000000000000000e+00,3.359999999999999876e+00,4.000000000000000083e-02,1.250000000000000000e+00,3.899999999999999911e+00,1.194999999999999929e+01,3.600000000000000089e+00,7.200000000000000178e+00,3.709999999999999964e+00,4.820000000000000284e+00,8.500000000000000000e+00,4.530000000000000249e+00,2.569999999999999840e+00,6.179999999999999716e+00,5.360000000000000320e+00,4.330000000000000071e+00,0.000000000000000000e+00,5.849999999999999645e+00,1.100000000000000089e+00,2.439999999999999947e+00,0.000000000000000000e+00,2.819999999999999840e+00,3.450000000000000178e+00,7.849999999999999645e+00,2.140000000000000124e+00,1.389999999999999902e+00,5.580000000000000071e+00,1.570000000000000062e+00,2.600000000000000089e-01,5.759999999999999787e+00,8.650000000000000355e+00,6.469999999999999751e+00,2.450000000000000178e+00,2.709999999999999964e+00,9.899999999999999911e-01,4.790000000000000036e+00,1.000000000000000000e+00,0.000000000000000000e+00,7.309999999999999609e+00,5.290000000000000036e+00,1.939999999999999947e+00,2.240000000000000213e+00,4.599999999999999645e+00,6.320000000000000284e+00,5.250000000000000000e+00,0.000000000000000000e+00,1.374000000000000021e+01,6.730000000000000426e+00,5.120000000000000107e+00,2.240000000000000213e+00,0.000000000000000000e+00,5.139999999999999680e+00,6.419999999999999929e+00,3.649999999999999911e+00,2.529999999999999805e+00,7.669999999999999929e+00,2.189999999999999947e+00,4.110000000000000320e+00,0.000000000000000000e+00,2.520000000000000018e+00,1.120000000000000107e+00,5.200000000000000178e-01,1.959999999999999964e+00,6.719999999999999751e+00,1.068999999999999950e+01,4.459999999999999964e+00,2.830000000000000071e+00,4.709999999999999964e+00,0.000000000000000000e+00,2.060000000000000053e+00,2.810000000000000053e+00,4.379999999999999893e+00,4.059999999999999609e+00,6.080000000000000071e+00,7.410000000000000142e+00,2.160000000000000142e+00,4.040000000000000036e+00,4.059999999999999609e+00,0.000000000000000000e+00,6.009999999999999787e+00,1.229999999999999982e+00,4.080000000000000071e+00,0.000000000000000000e+00,6.200000000000000178e+00,0.000000000000000000e+00,5.929999999999999716e+00,3.850000000000000089e+00,7.800000000000000266e-01,5.709999999999999964e+00,5.070000000000000284e+00,0.000000000000000000e+00,4.440000000000000391e+00,2.060000000000000053e+00,0.000000000000000000e+00,1.900000000000000022e-01,0.000000000000000000e+00,3.299999999999999822e+00,2.600000000000000089e+00,1.899999999999999911e+00,4.500000000000000111e-01,1.929999999999999938e+00,0.000000000000000000e+00,4.790000000000000036e+00,6.429999999999999716e+00,6.200000000000000178e+00,1.489999999999999991e+00,1.370000000000000107e+00,1.979999999999999982e+00,7.360000000000000320e+00,5.009999999999999787e+00,6.800000000000000488e-01,5.129999999999999893e+00,0.000000000000000000e+00,2.910000000000000142e+00,6.799999999999999822e+00,1.709999999999999964e+00,1.610000000000000098e+00,8.100000000000000533e-01,2.169999999999999929e+00,2.419999999999999929e+00,0.000000000000000000e+00,9.899999999999999911e-01,3.850000000000000089e+00,3.859999999999999876e+00,5.080000000000000071e+00,3.490000000000000213e+00,7.669999999999999929e+00,2.700000000000000178e-01,0.000000000000000000e+00,0.000000000000000000e+00,0.000000000000000000e+00,6.150000000000000355e+00,6.429999999999999716e+00,4.500000000000000000e+00,2.999999999999999889e-01,4.299999999999999933e-01,3.709999999999999964e+00,2.319999999999999840e+00,2.509999999999999787e+00,6.330000000000000071e+00,4.379999999999999893e+00,1.132000000000000028e+01,3.640000000000000124e+00,0.000000000000000000e+00,3.669999999999999929e+00,5.639999999999999680e+00,2.709999999999999964e+00
5.300000000000000266e-01,3.020000000000000018e+00,0.000000000000000000e+00,0.000000000000000000e+00,0.000000000000000000e+00,0.000000000000000000e+00,0.000000000000000000e+00,5.400000000000000355e-01,0.000000000000000000e+00,0.000000000000000000e+00,0.000000000000000000e+00,2.129999999999999893e+00,3.640000000000000124e+00,6.700000000000000400e-01,7.900000000000000355e-01,0.000000000000000000e+00,1.560000000000000053e+00,2.999999999999999889e-01,1.120000000000000107e+00,1.439999999999999947e+00,0.000000000000000000e+00,6.099999999999999867e-01,0.000000000000000000e+00,0.000000000000000000e+00,3.580000000000000071e+00,0.000000000000000000e+00,0.000000000000000000e+00,0.000000000000000000e+00,0.000000000000000000e+00,7.099999999999999645e-01,2.160000000000000142e+00,5.999999999999999778e-02,0.000000000000000000e+00,6.300000000000000044e-01,2.680000000000000160e+00,6.300000000000000044e-01,0.000000000000000000e+00,0.000000000000000000e+00,0.000000000000000000e+00,0.000000000000000000e+00,0.000000000000000000e+00,1.499999999999999944e-01,0.000000000000000000e+00,0.000000000000000000e+00,1.570000000000000062e+00,6.618999999999999773e+01,0.000000000000000000e+00,0.000000000000000000e+00,5.450000000000000178e+00,1.520000000000000018e+00,7.500000000000000000e-01,0.000000000000000000e+00,7.099999999999999645e-01,3.653000000000000114e+01,1.939999999999999947e+00,1.959999999999999964e+00,0.000000000000000000e+00,0.000000000000000000e+00,0.000000000000000000e+00,0.000000000000000000e+00,3.740000000000000213e+00,0.000000000000000000e+00,0.000000000000000000e+00,0.000000000000000000e+00,2.140000000000000124e+00,0.000000000000000000e+00,5.000000000000000000e+00,0.000000000000000000e+00,0.000000000000000000e+00,3.680000000000000160e+00,0.000000000000000000e+00,0.000000000000000000e+00,2.500000000000000000e+00,2.660000000000000142e+00,5.370000000000000107e+00,0.000000000000000000e+00,7.160000000000000142e+00,0.000000000000000000e+00,2.839999999999999858e+00,1.260000000000000009e+00,0.000000000000000000e+00,6.009999999999999787e+00,2.160000000000000142e+00,0.000000000000000000e+00,0.000000000000000000e+00,2.109999999999999876e+00,2.950000000000000178e+00,3.990000000000000213e+00,5.500000000000000444e-01,5.639999999999999680e+00,3.500000000000000000e+00,2.300000000000000100e-01,4.349999999999999645e+00,1.979999999999999982e+00,1.239999999999999991e+00,8.900000000000000133e-01,2.729999999999999982e+00,0.000000000000000000e+00,3.099999999999999978e-01,7.399999999999999911e-01,1.530000000000000027e+00,0.000000000000000000e+00,0.000000000000000000e+00,1.489999999999999991e+00,4.240000000000000213e+00,1.290000000000000036e+00,0.000000000000000000e+00,6.080000000000000071e+00,1.000000000000000000e+00,7.500000000000000000e-01,4.559999999999999609e+00,0.000000000000000000e+00,1.300000000000000044e+00,1.419999999999999929e+00,3.509999999999999787e+00,1.649999999999999911e+00,5.509999999999999787e+00,1.709999999999999964e+00,2.390000000000000124e+00,2.620000000000000107e+00,2.479999999999999982e+00,2.430000000000000160e+00,5.459999999999999964e+00,0.000000000000000000e+00,0.000000000000000000e+00,0.000000000000000000e+00,0.000000000000000000e+00,0.000000000000000000e+00,9.199999999999999289e+00,3.020000000000000018e+00,1.860000000000000098e+00,3.189999999999999947e+00,2.240000000000000213e+00,0.000000000000000000e+00,3.580000000000000071e+00,2.770000000000000018e+00,0.000000000000000000e+00,0.000000000000000000e+00,0.000000000000000000e+00,3.810000000000000053e+00,3.810000000000000053e+00,0.000000000000000000e+00,0.000000000000000000e+00,1.370000000000000107e+00,3.209999999999999964e+00,0.000000000000000000e+00,0.000000000000000000e+00,0.000000000000000000e+00,3.640000000000000124e+00,2.819999999999999840e+00,2.000000000000000000e+00,7.860000000000000320e+00,1.550000000000000044e+00,5.879999999999999893e+00,9.000000000000000000e+00,2.000000000000000111e-01,1.639999999999999902e+00,9.900000000000000355e+00,2.060000000000000053e+00,1.770000000000000018e+00,2.399999999999999911e+00,3.109999999999999876e+00,3.400000000000000244e-01,1.149999999999999911e+00,9.899999999999999911e-01,1.919999999999999929e+00,0.000000000000000000e+00,1.000000000000000056e-01,3.040000000000000036e+00,3.890000000000000124e+00,3.220000000000000195e+00,0.000000000000000000e+00,0.000000000000000000e+00,0.000000000000000000e+00,2.109999999999999876e+00,1.179999999999999938e+00,6.099999999999999867e-01,1.500000000000000000e+00,2.350000000000000089e+00,0.000000000000000000e+00,2.270000000000000018e+00,2.800000000000000266e-01,2.479999999999999982e+00,1.090000000000000080e+00,9.759999999999999787e+00,2.950000000000000178e+00,0.000000000000000000e+00,2.870000000000000107e+00,2.169999999999999929e+00,0.000000000000000000e+00
0.000000000000000000e+00,0.000000000000000000e+00,0.000000000000000000e+00,0.000000000000000000e+00,0.000000000000000000e+00,0.000000000000000000e+00,0.000000000000000000e+00,0.000000000000000000e+00,0.000000000000000000e+00,8.499999999999999778e-01,0.000000000000000000e+00,0.000000000000000000e+00,2.279999999999999805e+00,2.479999999999999982e+00,1.149999999999999911e+00,0.000000000000000000e+00,2.279999999999999805e+00,3.270000000000000018e+00,3.680000000000000160e+00,1.939999999999999947e+00,1.760000000000000009e+00,2.450000000000000178e+00,0.000000000000000000e+00,0.000000000000000000e+00,6.999999999999999556e-01,0.000000000000000000e+00,0.000000000000000000e+00,0.000000000000000000e+00,0.000000000000000000e+00,1.310000000000000053e+00,3.439999999999999947e+00,2.169999999999999929e+00,0.000000000000000000e+00,3.569999999999999840e+00,0.000000000000000000e+00,1.840000000000000080e+00,0.000000000000000000e+00,0.000000000000000000e+00,0.000000000000000000e+00,0.000000000000000000e+00,0.000000000000000000e+00,7.390999999999999659e+01,0.000000000000000000e+00,0.000000000000000000e+00,8.000000000000000444e-01,0.000000000000000000e+00,0.000000000000000000e+00,0.000000000000000000e+00,6.019999999999999574e+00,9.539999999999999147e+00,0.000000000000000000e+00,0.000000000000000000e+00,0.000000000000000000e+00,3.379999999999999893e+00,3.879999999999999893e+00,1.570000000000000062e+00,0.000000000000000000e+00,0.000000000000000000e+00,0.000000000000000000e+00,0.000000000000000000e+00,1.310000000000000053e+00,1.265000000000000036e+01,1.499000000000000021e+01,0.000000000000000000e+00,0.000000000000000000e+00,0.000000000000000000e+00,3.200000000000000067e-01,0.000000000000000000e+00,0.000000000000000000e+00,4.660000000000000142e+00,0.000000000000000000e+00,0.000000000000000000e+00,2.099999999999999922e-01,0.000000000000000000e+00,0.000000000000000000e+00,1.219999999999999973e+00,0.000000000000000000e+00,0.000000000000000000e+00,6.450000000000000178e+00,3.759999999999999787e+00,0.000000000000000000e+00,3.861999999999999744e+01,4.852000000000000313e+01,0.000000000000000000e+00,2.000000000000000111e-01,0.000000000000000000e+00,1.760000000000000009e+00,2.299999999999999822e+00,3.120000000000000107e+00,2.149999999999999911e+00,1.469999999999999973e+00,5.099999999999999645e+00,0.000000000000000000e+00,4.600000000000000200e-01,8.140000000000000568e+00,1.550000000000000044e+00,3.109999999999999876e+00,0.000000000000000000e+00,3.339999999999999858e+00,0.000000000000000000e+00,7.800000000000000266e-01,0.000000000000000000e+00,5.080000000000000071e+00,1.500000000000000000e+00,4.000000000000000222e-01,2.040000000000000036e+00,5.660000000000000142e+00,1.669999999999999929e+00,2.770000000000000018e+00,6.700000000000000400e-01,0.000000000000000000e+00,1.409999999999999920e+00,1.503999999999999915e+01,1.409999999999999920e+00,7.099999999999999645e-01,3.669999999999999929e+00,3.609999999999999876e+00,2.540000000000000036e+00,2.879999999999999893e+00,1.649999999999999911e+00,4.049999999999999822e+00,8.800000000000000044e-01,3.770000000000000018e+00,1.219999999999999973e+00,1.620000000000000107e+00,0.000000000000000000e+00,1.270000000000000018e+00,1.070000000000000062e+00,3.264000000000000057e+01,1.413000000000000078e+01,2.910000000000000142e+00,0.000000000000000000e+00,2.229999999999999982e+00,1.449999999999999956e+00,2.129999999999999893e+00,1.300000000000000044e+00,6.999999999999999556e-01,0.000000000000000000e+00,1.110000000000000098e+00,1.780000000000000027e+00,2.939999999999999947e+00,0.000000000000000000e+00,0.000000000000000000e+00,2.129999999999999893e+00,1.250000000000000000e+00,0.000000000000000000e+00,0.000000000000000000e+00,0.000000000000000000e+00,3.149999999999999911e+00,3.620000000000000107e+00,2.540000000000000036e+00,6.219999999999999751e+00,0.000000000000000000e+00,2.410000000000000142e+00,7.625000000000000000e+01,1.939999999999999947e+00,4.299999999999999933e-01,5.599999999999999645e+00,1.080000000000000071e+00,9.699999999999999734e-01,1.520000000000000018e+00,1.929999999999999938e+00,1.129999999999999893e+00,1.310000000000000053e+00,1.139999999999999902e+00,4.509999999999999787e+00,7.900000000000000355e-01,3.140000000000000124e+00,7.500000000000000000e-01,0.000000000000000000e+00,4.889999999999999680e+00,2.319999999999999840e+00,0.000000000000000000e+00,2.089999999999999858e+00,1.591000000000000014e+01,2.609999999999999876e+00,3.589999999999999858e+00,2.500000000000000000e-01,1.879999999999999893e+00,6.800000000000000488e-01,9.939999999999999503e+00,2.560000000000000053e+00,8.699999999999999956e-01,0.000000000000000000e+00,1.870000000000000107e+00,1.000000000000000000e+00,0.000000000000000000e+00,1.939999999999999947e+00,0.000000000000000000e+00,0.000000000000000000e+00
0.000000000000000000e+00,0.000000000000000000e+00,0.000000000000000000e+00,1.080000000000000071e+00,1.266999999999999993e+01,2.790000000000000036e+00,0.000000000000000000e+00,3.790000000000000036e+00,0.000000000000000000e+00,0.000000000000000000e+00,0.000000000000000000e+00,0.000000000000000000e+00,8.134999999999999787e+00,2.845000000000000195e+00,1.071000000000000085e+01,0.000000000000000000e+00,1.135500000000000043e+01,0.000000000000000000e+00,2.577499999999999858e+01,0.000000000000000000e+00,3.189999999999999947e+00,5.025000000000000355e+00,3.274999999999999911e+00,2.819999999999999840e+00,0.000000000000000000e+00,6.709999999999999964e+00,1.150000000000000050e-01,6.004999999999999893e+00,7.269999999999999574e+00,1.409999999999999920e+00,0.000000000000000000e+00,5.249499999999999744e+01,2.200000000000000178e+00,5.290000000000000036e+00,2.529999999999999805e+00,1.054999999999999938e+00,0.000000000000000000e+00,0.000000000000000000e+00,2.500000000000000139e-02,0.000000000000000000e+00,0.000000000000000000e+00,0.000000000000000000e+00,2.132999999999999829e+01,4.394999999999999574e+00,4.080000000000000071e+00,9.849999999999999867e-01,0.000000000000000000e+00,0.000000000000000000e+00,0.000000000000000000e+00,0.000000000000000000e+00,4.550000000000000155e-01,0.000000000000000000e+00,0.000000000000000000e+00,0.000000000000000000e+00,0.000000000000000000e+00,0.000000000000000000e+00,8.950000000000000178e-01,2.979999999999999982e+00,0.000000000000000000e+00,0.000000000000000000e+00,0.000000000000000000e+00,2.519000000000000128e+01,6.209499999999999886e+01,5.552499999999999858e+01,1.094999999999999973e+00,0.000000000000000000e+00,4.459999999999999964e+00,5.766499999999999915e+01,6.165999999999999659e+01,1.810000000000000053e+00,8.039999999999999147e+00,0.000000000000000000e+00,0.000000000000000000e+00,2.029999999999999805e+00,1.290000000000000036e+00,2.024999999999999911e+00,0.000000000000000000e+00,0.000000000000000000e+00,0.000000000000000000e+00,1.001999999999999957e+01,1.296000000000000085e+01,2.055499999999999972e+01,2.796499999999999986e+01,5.550000000000000488e-01,9.484999999999999432e+00,2.245000000000000107e+00,1.314999999999999947e+00,0.000000000000000000e+00,7.299999999999999822e-01,1.715000000000000080e+00,0.000000000000000000e+00,0.000000000000000000e+00,0.000000000000000000e+00,0.000000000000000000e+00,0.000000000000000000e+00,0.000000000000000000e+00,0.000000000000000000e+00,0.000000000000000000e+00,0.000000000000000000e+00,3.649999999999999911e-01,6.339999999999999858e+00,1.191999999999999993e+01,9.060000000000000497e+00,9.640000000000000568e+00,5.830000000000000071e+00,5.780000000000000249e+00,3.330000000000000071e+00,0.000000000000000000e+00,1.495000000000000107e+00,0.000000000000000000e+00,9.980000000000000426e+00,9.394999999999999574e+00,4.570000000000000284e+00,0.000000000000000000e+00,0.000000000000000000e+00,0.000000000000000000e+00,0.000000000000000000e+00,0.000000000000000000e+00,2.200000000000000011e-01,4.924999999999999822e+00,5.415000000000000036e+00,2.019000000000000128e+01,0.000000000000000000e+00,0.000000000000000000e+00,0.000000000000000000e+00,5.150000000000000133e-01,0.000000000000000000e+00,3.774999999999999911e+00,3.203999999999999915e+01,3.210999999999999943e+01,8.950000000000000178e-01,1.559500000000000064e+01,0.000000000000000000e+00,0.000000000000000000e+00,1.449999999999999956e+00,2.169000000000000128e+01,6.361999999999999744e+01,1.303999999999999915e+01,7.706499999999999773e+01,0.000000000000000000e+00,1.125000000000000000e+01,1.250999999999999979e+01,9.379999999999999716e+01,9.348499999999999943e+01,9.254000000000000625e+01,4.500000000000000111e-01,2.550000000000000044e-01,0.000000000000000000e+00,1.600499999999999901e+01,5.918999999999999773e+01,9.749999999999999778e-01,2.964999999999999858e+00,0.000000000000000000e+00,5.450000000000000400e-01,2.424999999999999822e+00,0.000000000000000000e+00,0.000000000000000000e+00,3.435000000000000053e+00,6.415500000000000114e+01,8.844499999999997897e+01,7.504500000000000171e+01,3.498499999999999943e+01,3.900999999999999801e+01,8.231499999999999773e+01,3.458500000000000085e+01,1.889000000000000057e+01,1.554499999999999993e+01,9.509999999999999787e+00,2.495000000000000107e+00,5.070000000000000284e+00,0.000000000000000000e+00,0.000000000000000000e+00,0.000000000000000000e+00,1.399999999999999911e+00,3.693999999999999773e+01,1.369999999999999929e+01,2.373000000000000043e+01,0.000000000000000000e+00,0.000000000000000000e+00,5.450000000000000400e-01,2.999999999999999889e-01,0.000000000000000000e+00,1.854999999999999982e+00,0.000000000000000000e+00,0.000000000000000000e+00,0.000000000000000000e+00,5.605000000000000426e+00,5.684999999999999609e+00,3.089999999999999858e+00,0.000000000000000000e+00
3.629999999999999716e+01,1.534500000000000064e+01,0.000000000000000000e+00,1.320000000000000062e+00,0.000000000000000000e+00,1.669999999999999929e+00,0.000000000000000000e+00,8.849999999999999645e+00,0.000000000000000000e+00,2.149999999999999911e+00,0.000000000000000000e+00,6.550000000000000266e-01,5.834999999999999964e+00,0.000000000000000000e+00,3.084999999999999964e+00,6.350000000000000089e-01,3.770000000000000018e+00,1.000000000000000021e-02,9.970000000000000639e+00,0.000000000000000000e+00,0.000000000000000000e+00,0.000000000000000000e+00,3.174999999999999822e+00,2.709999999999999964e+00,7.399999999999999911e-01,2.325499999999999901e+01,5.544999999999999929e+00,5.440500000000000114e+01,2.000000000000000042e-02,2.154999999999999805e+00,0.000000000000000000e+00,3.850000000000000089e+00,0.000000000000000000e+00,5.087500000000000000e+01,1.199999999999999956e-01,3.609999999999999876e+00,1.020000000000000018e+00,0.000000000000000000e+00,2.450000000000000178e+00,0.000000000000000000e+00,0.000000000000000000e+00,2.845000000000000195e+00,2.540000000000000036e+00,3.479999999999999982e+00,7.490000000000000213e+00,1.649999999999999911e+00,1.205000000000000071e+00,1.250000000000000000e+00,0.000000000000000000e+00,0.000000000000000000e+00,2.350000000000000089e+00,0.000000000000000000e+00,0.000000000000000000e+00,0.000000000000000000e+00,0.000000000000000000e+00,7.249999999999999778e-01,3.259999999999999787e+00,4.959999999999999964e+00,3.129999999999999893e+00,0.000000000000000000e+00,5.554999999999999716e+00,6.070000000000000284e+00,8.161499999999998067e+01,1.916499999999999915e+01,2.805000000000000160e+00,4.884999999999999787e+00,0.000000000000000000e+00,0.000000000000000000e+00,0.000000000000000000e+00,6.500000000000000000e+00,1.000000000000000000e+01,0.000000000000000000e+00,0.000000000000000000e+00,1.514999999999999902e+00,2.169999999999999929e+00,2.104999999999999982e+00,0.000000000000000000e+00,9.654999999999999361e+00,1.655000000000000027e+00,2.134999999999999787e+00,0.000000000000000000e+00,1.328999999999999915e+01,5.753999999999999915e+01,1.567500000000000071e+01,3.270000000000000018e+00,4.549999999999999822e+00,5.080000000000000071e+00,0.000000000000000000e+00,1.945000000000000062e+00,1.706500000000000128e+01,3.500000000000000333e-02,0.000000000000000000e+00,0.000000000000000000e+00,1.950000000000000067e-01,0.000000000000000000e+00,0.000000000000000000e+00,0.000000000000000000e+00,0.000000000000000000e+00,0.000000000000000000e+00,6.500000000000000222e-01,6.929999999999999716e+00,6.224999999999999645e+00,6.514999999999999680e+00,7.264999999999999680e+00,4.269999999999999574e+00,6.705000000000000071e+00,3.524999999999999911e+00,2.555999999999999872e+01,2.626500000000000057e+01,7.740000000000001990e+01,6.419999999999999929e+00,1.304999999999999938e+00,4.183500000000000085e+01,2.049999999999999878e-01,2.160000000000000142e+00,1.455000000000000071e+00,0.000000000000000000e+00,2.049999999999999878e-01,3.430000000000000160e+00,5.304999999999999716e+00,3.410000000000000142e+00,1.602499999999999858e+01,0.000000000000000000e+00,0.000000000000000000e+00,4.799999999999999822e-01,1.495000000000000107e+00,0.000000000000000000e+00,0.000000000000000000e+00,5.209499999999999886e+01,8.030500000000002103e+01,3.669999999999999929e+00,2.466000000000000014e+01,4.245000000000000107e+00,0.000000000000000000e+00,0.000000000000000000e+00,2.500000000000000000e-01,0.000000000000000000e+00,1.149999999999999911e+00,3.049999999999999933e-01,1.590000000000000080e+00,4.625000000000000000e+00,4.150000000000000355e+00,6.099999999999999867e-01,6.400000000000000133e-01,5.915000000000000036e+00,1.500000000000000000e+00,8.699999999999999956e-01,2.430000000000000160e+00,8.149999999999999467e-01,2.999999999999999889e-01,1.350000000000000089e+00,3.884999999999999787e+00,2.754999999999999893e+00,0.000000000000000000e+00,9.269999999999999574e+00,0.000000000000000000e+00,0.000000000000000000e+00,1.804999999999999938e+00,7.000000000000000666e-02,1.175000000000000044e+00,0.000000000000000000e+00,2.185000000000000053e+00,0.000000000000000000e+00,9.050000000000000266e-01,1.175000000000000044e+00,3.330000000000000071e+00,1.764999999999999902e+00,1.600000000000000033e-01,8.994999999999997442e+00,6.190500000000000114e+01,7.464999999999999858e+00,0.000000000000000000e+00,1.909999999999999920e+00,0.000000000000000000e+00,7.800000000000000266e-01,0.000000000000000000e+00,0.000000000000000000e+00,0.000000000000000000e+00,5.050000000000000044e-01,1.574999999999999956e+00,1.800000000000000044e+00,1.675000000000000044e+00,0.000000000000000000e+00,7.199999999999999734e-01,3.484999999999999876e+00,1.000000000000000000e+00,5.855000000000000426e+00,7.794999999999999929e+00,1.975000000000000000e+01,0.000000000000000000e+00
1.790000000000000036e+00,0.000000000000000000e+00,0.000000000000000000e+00,0.000000000000000000e+00,0.000000000000000000e+00,0.000000000000000000e+00,2.209999999999999964e+00,8.070000000000000284e+00,7.339999999999999858e+00,1.100000000000000006e-01,0.000000000000000000e+00,0.000000000000000000e+00,0.000000000000000000e+00,1.669999999999999929e+00,4.549999999999999822e+00,0.000000000000000000e+00,0.000000000000000000e+00,0.000000000000000000e+00,0.000000000000000000e+00,0.000000000000000000e+00,0.000000000000000000e+00,4.699999999999999734e-01,6.800000000000000488e-01,7.750000000000000000e+00,9.169999999999999929e+00,3.500000000000000000e+00,8.669999999999999929e+00,3.697999999999999687e+01,4.500000000000000000e+00,0.000000000000000000e+00,4.910000000000000142e+00,3.300000000000000155e-01,0.000000000000000000e+00,1.211999999999999922e+01,0.000000000000000000e+00,2.640000000000000124e+00,0.000000000000000000e+00,1.030000000000000027e+00,0.000000000000000000e+00,1.469999999999999973e+00,4.830000000000000071e+00,0.000000000000000000e+00,3.020000000000000018e+00,2.129999999999999893e+00,0.000000000000000000e+00,0.000000000000000000e+00,0.000000000000000000e+00,0.000000000000000000e+00,0.000000000000000000e+00,0.000000000000000000e+00,0.000000000000000000e+00,0.000000000000000000e+00,0.000000000000000000e+00,0.000000000000000000e+00,4.600000000000000200e-01,0.000000000000000000e+00,0.000000000000000000e+00,2.000000000000000111e-01,9.399999999999999467e-01,1.729999999999999982e+00,9.200000000000000400e-01,1.076999999999999957e+01,1.389000000000000057e+01,7.830000000000000071e+00,1.090000000000000080e+00,1.199999999999999956e+00,0.000000000000000000e+00,1.250000000000000000e+00,1.169999999999999929e+00,0.000000000000000000e+00,0.000000000000000000e+00,1.199999999999999956e-01,0.000000000000000000e+00,0.000000000000000000e+00,2.850000000000000089e+00,0.000000000000000000e+00,2.060000000000000053e+00,0.000000000000000000e+00,0.000000000000000000e+00,0.000000000000000000e+00,0.000000000000000000e+00,9.109999999999999432e+00,3.835000000000000142e+01,0.000000000000000000e+00,3.270000000000000018e+00,1.120000000000000107e+00,1.530000000000000027e+00,0.000000000000000000e+00,1.580000000000000071e+00,4.485999999999999943e+01,3.100000000000000089e+00,1.669999999999999929e+00,0.000000000000000000e+00,0.000000000000000000e+00,2.609999999999999876e+00,2.549999999999999822e+00,0.000000000000000000e+00,0.000000000000000000e+00,0.000000000000000000e+00,0.000000000000000000e+00,4.299999999999999822e+00,2.009999999999999787e+00,2.370000000000000107e+00,4.339999999999999858e+00,2.569999999999999840e+00,5.999999999999999778e-01,3.680000000000000160e+00,3.414999999999999858e+01,0.000000000000000000e+00,0.000000000000000000e+00,5.820000000000000284e+00,0.000000000000000000e+00,3.799999999999999822e+00,0.000000000000000000e+00,0.000000000000000000e+00,0.000000000000000000e+00,0.000000000000000000e+00,2.830000000000000071e+00,4.480000000000000426e+00,1.414000000000000057e+01,1.742999999999999972e+01,6.299999999999999822e+00,0.000000000000000000e+00,0.000000000000000000e+00,0.000000000000000000e+00,0.000000000000000000e+00,0.000000000000000000e+00,0.000000000000000000e+00,1.381000000000000050e+01,9.960000000000000853e+00,6.519999999999999574e+00,5.530000000000000249e+00,0.000000000000000000e+00,0.000000000000000000e+00,4.199999999999999845e-01,2.419999999999999929e+00,4.299999999999999933e-01,7.500000000000000000e-01,2.000000000000000042e-02,0.000000000000000000e+00,3.009999999999999787e+00,0.000000000000000000e+00,2.000000000000000042e-02,0.000000000000000000e+00,0.000000000000000000e+00,5.100000000000000089e-01,6.899999999999999467e-01,0.000000000000000000e+00,9.599999999999999645e-01,2.099999999999999922e-01,1.969999999999999973e+00,0.000000000000000000e+00,0.000000000000000000e+00,0.000000000000000000e+00,6.379999999999999893e+00,2.379999999999999893e+00,2.950000000000000178e+00,3.080000000000000071e+00,1.620000000000000107e+00,2.220000000000000195e+00,1.489999999999999991e+00,1.379999999999999893e+00,0.000000000000000000e+00,2.939999999999999947e+00,0.000000000000000000e+00,5.320000000000000284e+00,1.820000000000000062e+00,7.600000000000000089e-01,0.000000000000000000e+00,0.000000000000000000e+00,0.000000000000000000e+00,1.159999999999999920e+00,2.040000000000000036e+00,0.000000000000000000e+00,9.699999999999999734e-01,3.629999999999999893e+00,1.022000000000000064e+01,0.000000000000000000e+00,7.700000000000000178e-01,0.000000000000000000e+00,4.400000000000000022e-01,0.000000000000000000e+00,7.900000000000000355e-01,0.000000000000000000e+00,8.060000000000000497e+00,0.000000000000000000e+00,1.409999999999999920e+00,1.520000000000000018e+00,0.000000000000000000e+00,0.000000000000000000e+00
7.250000000000000000e+00,4.990000000000000213e+00,1.409999999999999920e+00,2.490000000000000213e+00,8.100000000000000533e-01,4.179999999999999716e+00,2.700000000000000178e+00,8.699999999999999289e+00,4.620000000000000107e+00,0.000000000000000000e+00,5.280000000000000249e+00,2.089999999999999858e+00,4.309999999999999609e+00,3.014000000000000057e+01,4.200999999999999801e+01,1.780000000000000027e+00,1.010000000000000009e+00,3.240000000000000213e+00,5.139999999999999680e+00,0.000000000000000000e+00,1.889999999999999902e+00,3.499999999999999778e-01,8.900000000000000133e-01,2.810000000000000053e+00,2.709999999999999964e+00,2.410000000000000142e+00,8.599999999999999867e-01,0.000000000000000000e+00,3.509999999999999787e+00,0.000000000000000000e+00,6.129999999999999893e+00,3.379999999999999893e+00,2.120000000000000107e+00,8.070000000000000284e+00,4.290000000000000036e+00,3.000000000000000000e+00,3.259999999999999787e+00,2.549999999999999822e+00,2.149999999999999911e+00,0.000000000000000000e+00,6.400000000000000133e-01,8.949999999999997513e+00,0.000000000000000000e+00,0.000000000000000000e+00,2.500000000000000000e+00,3.120000000000000107e+00,5.440000000000000391e+00,3.580000000000000071e+00,1.887999999999999901e+01,1.655999999999999872e+01,3.779999999999999805e+00,4.269999999999999574e+00,2.229999999999999982e+00,7.950000000000000178e+00,4.620000000000000107e+00,3.810000000000000053e+00,4.419999999999999929e+00,1.233000000000000007e+01,9.470000000000000639e+00,3.729999999999999982e+00,8.539999999999999147e+00,4.799999999999999822e+00,6.070000000000000284e+00,3.182000000000000028e+01,2.169999999999999929e+00,2.000000000000000000e+00,3.779999999999999805e+00,5.339999999999999858e+00,5.070000000000000284e+00,1.173000000000000043e+01,3.819999999999999840e+00,2.500000000000000000e+00,3.990000000000000213e+00,8.509999999999999787e+00,2.069999999999999840e+00,1.489999999999999991e+00,0.000000000000000000e+00,2.640000000000000124e+00,8.609999999999999432e+00,1.659999999999999920e+00,3.200000000000000067e-01,3.635999999999999943e+01,7.110000000000000320e+00,5.700000000000000178e+00,5.849999999999999645e+00,3.770000000000000018e+00,6.610000000000000320e+00,4.679999999999999716e+00,1.355000000000000071e+01,4.500000000000000000e+00,5.570000000000000284e+00,3.709999999999999964e+00,2.990000000000000213e+00,2.379999999999999893e+00,5.730000000000000426e+00,2.919999999999999929e+00,2.720000000000000195e+00,0.000000000000000000e+00,0.000000000000000000e+00,2.089999999999999858e+00,5.950000000000000178e+00,2.259999999999999787e+00,3.470000000000000195e+00,4.580000000000000071e+00,4.940000000000000391e+00,5.629999999999999893e+00,4.849999999999999645e+00,5.709999999999999964e+00,3.540000000000000036e+00,3.529999999999999805e+00,1.484999999999999964e+01,0.000000000000000000e+00,2.926999999999999957e+01,2.978000000000000114e+01,1.209999999999999964e+01,2.669999999999999929e+00,3.580000000000000071e+00,6.199000000000000199e+01,1.310000000000000053e+00,8.250000000000000000e+00,1.610999999999999943e+01,2.400000000000000000e+01,6.450000000000000178e+00,5.899999999999999689e-01,4.179999999999999716e+00,9.100000000000000311e-01,7.139999999999999680e+00,1.620000000000000107e+00,7.320000000000000284e+01,5.971000000000000085e+01,2.160000000000000142e+00,3.660000000000000142e+00,6.570000000000000284e+00,2.430000000000000160e+00,7.209999999999999964e+00,1.360999999999999943e+01,1.149999999999999911e+00,2.600000000000000089e-01,2.359999999999999876e+00,9.628000000000000114e+01,2.580000000000000071e+00,2.290000000000000036e+00,0.000000000000000000e+00,3.140000000000000124e+00,3.009999999999999787e+00,1.040000000000000036e+00,2.689999999999999947e+00,2.930000000000000160e+00,3.620000000000000107e+00,3.500000000000000000e+00,2.910000000000000142e+00,1.033999999999999986e+01,0.000000000000000000e+00,1.340000000000000080e+00,1.816000000000000014e+01,1.179999999999999938e+00,4.450000000000000178e+00,1.071000000000000085e+01,3.899999999999999911e+00,2.899999999999999911e+00,3.390000000000000124e+00,4.320000000000000284e+00,0.000000000000000000e+00,3.569999999999999840e+00,1.419999999999999929e+00,5.030000000000000249e+00,2.669999999999999929e+00,5.719999999999999751e+00,1.264000000000000057e+01,1.085999999999999943e+01,7.809999999999999609e+00,2.689999999999999947e+00,3.499999999999999778e-01,0.000000000000000000e+00,9.931999999999999318e+01,3.471000000000000085e+01,4.029999999999999716e+01,1.760000000000000009e+00,3.109999999999999876e+00,5.589999999999999858e+00,1.274000000000000021e+01,6.309999999999999609e+00,4.459999999999999964e+00,2.709999999999999964e+00,9.009999999999999787e+00,5.040000000000000036e+00,0.000000000000000000e+00,7.570000000000000284e+00,4.240000000000000213e+00,2.500000000000000000e+00
4.000000000000000000e+00,3.370000000000000107e+00,3.800000000000000044e-01,0.000000000000000000e+00,0.000000000000000000e+00,2.509999999999999787e+00,3.979999999999999982e+00,2.200000000000000011e-01,1.429999999999999938e+00,4.699999999999999734e-01,3.370000000000000107e+00,1.540000000000000036e+00,3.250000000000000000e+00,0.000000000000000000e+00,2.069999999999999840e+00,5.400000000000000355e-01,1.600000000000000089e+00,3.169999999999999929e+00,2.439999999999999947e+00,2.759999999999999787e+00,0.000000000000000000e+00,1.199999999999999956e-01,1.669999999999999929e+00,2.709999999999999964e+00,1.600000000000000033e-01,5.410000000000000142e+00,1.050000000000000044e+00,0.000000000000000000e+00,1.719999999999999973e+00,1.919999999999999929e+00,4.709999999999999964e+00,5.349999999999999645e+00,0.000000000000000000e+00,0.000000000000000000e+00,0.000000000000000000e+00,5.000000000000000000e-01,8.499999999999999778e-01,0.000000000000000000e+00,0.000000000000000000e+00,3.620000000000000107e+00,0.000000000000000000e+00,1.590000000000000080e+00,1.036999999999999922e+01,7.849999999999999645e+00,1.699999999999999956e+00,0.000000000000000000e+00,7.500000000000000000e-01,3.310000000000000053e+00,5.299999999999999822e+00,0.000000000000000000e+00,2.040000000000000036e+00,0.000000000000000000e+00,2.399999999999999911e+00,3.770000000000000018e+00,0.000000000000000000e+00,2.370000000000000107e+00,2.099999999999999922e-01,6.400000000000000133e-01,0.000000000000000000e+00,8.800000000000000044e-01,2.470000000000000195e+00,6.400000000000000133e-01,3.740000000000000213e+00,1.010000000000000009e+00,5.899999999999999689e-01,0.000000000000000000e+00,1.189999999999999947e+00,8.884000000000000341e+01,8.504000000000002046e+01,3.509999999999999787e+00,0.000000000000000000e+00,8.800000000000000044e-01,5.280000000000000249e+00,4.709999999999999964e+00,1.719999999999999973e+00,1.409999999999999920e+00,4.500000000000000111e-01,0.000000000000000000e+00,3.379999999999999893e+00,8.800000000000000044e-01,0.000000000000000000e+00,7.700000000000000178e-01,4.000000000000000083e-02,2.009999999999999787e+00,2.470000000000000195e+00,2.060000000000000053e+00,3.319999999999999840e+00,2.229999999999999982e+00,2.899999999999999800e-01,2.419999999999999929e+00,4.040000000000000036e+00,2.750000000000000000e+00,1.399999999999999911e+00,1.080000000000000071e+00,1.300000000000000044e+00,3.439999999999999947e+00,2.020000000000000018e+00,1.149999999999999911e+00,1.739999999999999991e+00,1.080000000000000071e+00,1.889999999999999902e+00,0.000000000000000000e+00,2.140000000000000124e+00,2.319999999999999840e+00,3.709999999999999964e+00,0.000000000000000000e+00,4.540000000000000036e+00,3.669999999999999929e+00,1.659999999999999920e+00,1.979999999999999982e+00,0.000000000000000000e+00,6.600000000000000311e-01,1.850000000000000089e+00,1.550000000000000044e+00,2.779999999999999805e+00,2.040000000000000036e+00,2.549999999999999822e+00,1.400000000000000133e-01,0.000000000000000000e+00,4.699999999999999734e-01,1.700000000000000122e-01,0.000000000000000000e+00,3.950000000000000178e+00,2.089999999999999858e+00,3.910000000000000142e+00,4.450000000000000178e+00,2.000000000000000000e+00,7.700000000000000178e-01,5.320000000000000284e+00,0.000000000000000000e+00,1.889999999999999902e+00,5.019999999999999574e+00,3.859999999999999876e+00,2.580000000000000071e+00,3.379999999999999893e+00,2.160000000000000142e+00,5.600000000000000533e-01,3.900000000000000133e-01,1.760000000000000009e+00,2.140000000000000124e+00,2.359999999999999876e+00,1.600000000000000089e+00,6.600000000000000311e-01,2.140000000000000124e+00,3.439999999999999947e+00,7.199999999999999734e-01,2.450000000000000178e+00,1.540000000000000036e+00,1.070000000000000062e+00,1.639999999999999902e+00,3.599999999999999867e-01,2.009999999999999787e+00,2.529999999999999805e+00,1.015000000000000036e+01,3.040000000000000036e+00,2.600000000000000089e-01,1.580000000000000071e+00,1.129999999999999893e+00,1.350000000000000089e+00,1.120000000000000107e+00,3.200000000000000178e+00,2.220000000000000195e+00,9.300000000000000488e-01,1.840000000000000080e+00,6.500000000000000222e-01,5.300000000000000266e-01,0.000000000000000000e+00,8.199999999999999512e-01,4.849999999999999645e+00,0.000000000000000000e+00,5.099999999999999645e+00,0.000000000000000000e+00,0.000000000000000000e+00,0.000000000000000000e+00,3.879999999999999893e+00,3.620000000000000107e+00,2.830000000000000071e+00,0.000000000000000000e+00,1.120000000000000107e+00,8.299999999999999600e-01,1.500000000000000000e+00,4.600000000000000200e-01,2.140000000000000124e+00,3.149999999999999911e+00,4.150000000000000355e+00,0.000000000000000000e+00,2.600000000000000089e-01,1.360000000000000098e+00,2.069999999999999840e+00,0.000000000000000000e+00
7.089999999999999858e+00,3.240000000000000213e+00,3.200000000000000067e-01,1.649999999999999911e+00,1.850000000000000089e+00,3.250000000000000000e+00,4.950000000000000178e+00,8.640000000000000568e+00,8.000000000000000000e+00,0.000000000000000000e+00,1.105000000000000071e+01,2.709999999999999964e+00,5.900000000000000355e+00,8.660000000000000142e+00,1.937999999999999901e+01,0.000000000000000000e+00,1.429999999999999938e+00,1.149999999999999911e+00,2.629999999999999893e+00,0.000000000000000000e+00,1.419999999999999929e+00,4.299999999999999933e-01,0.000000000000000000e+00,1.360000000000000098e+00,0.000000000000000000e+00,2.390000000000000124e+00,1.900000000000000022e-01,0.000000000000000000e+00,9.310000000000000497e+00,8.189999999999999503e+00,4.160000000000000142e+00,3.300000000000000155e-01,7.099999999999999645e-01,1.840000000000000080e+00,1.699999999999999956e+00,4.769999999999999574e+00,4.610000000000000320e+00,4.070000000000000284e+00,3.459999999999999964e+00,1.350999999999999979e+01,0.000000000000000000e+00,1.330000000000000071e+00,4.469999999999999751e+00,0.000000000000000000e+00,2.620000000000000107e+00,8.000000000000000167e-02,1.550000000000000044e+00,1.699999999999999956e+00,6.219999999999999751e+00,7.759999999999999787e+00,3.270000000000000018e+00,1.669999999999999929e+00,2.300000000000000100e-01,6.299999999999999822e+00,6.400000000000000355e+00,3.850000000000000089e+00,2.009999999999999787e+00,7.049999999999999822e+00,6.870000000000000107e+00,4.899999999999999911e-01,5.040000000000000036e+00,4.549999999999999822e+00,5.290000000000000036e+00,1.973999999999999844e+01,5.419999999999999929e+00,3.529999999999999805e+00,8.900000000000000133e-01,3.020000000000000018e+00,2.250000000000000000e+00,1.075999999999999979e+01,0.000000000000000000e+00,0.000000000000000000e+00,6.469999999999999751e+00,5.299999999999999822e+00,1.260000000000000009e+00,3.270000000000000018e+00,1.229999999999999982e+00,1.300000000000000044e-01,3.400000000000000244e-01,2.379999999999999893e+00,0.000000000000000000e+00,1.798999999999999844e+01,4.650000000000000355e+00,4.639999999999999680e+00,1.088000000000000078e+01,3.529999999999999805e+00,6.389999999999999680e+00,4.299999999999999822e+00,6.139999999999999680e+00,5.910000000000000142e+00,5.660000000000000142e+00,3.100000000000000089e+00,3.180000000000000160e+00,4.759999999999999787e+00,6.719999999999999751e+00,4.780000000000000249e+00,2.450000000000000178e+00,5.429999999999999716e+00,9.029999999999999361e+00,1.260000000000000009e+00,4.259999999999999787e+00,1.489999999999999991e+00,4.059999999999999609e+00,2.879999999999999893e+00,4.410000000000000142e+00,4.250000000000000000e+00,4.759999999999999787e+00,9.250000000000000000e+00,1.250000000000000000e+00,0.000000000000000000e+00,0.000000000000000000e+00,0.000000000000000000e+00,2.770000000000000018e+00,4.690000000000000391e+00,5.519999999999999574e+00,1.030000000000000027e+00,3.470000000000000195e+00,7.990000000000000213e+00,1.909999999999999920e+00,5.589999999999999858e+00,6.759999999999999787e+00,3.520000000000000018e+00,7.980000000000000426e+00,1.889999999999999902e+00,5.160000000000000142e+00,0.000000000000000000e+00,2.620000000000000107e+00,1.900000000000000022e-01,3.790999999999999659e+01,2.978000000000000114e+01,8.199999999999999512e-01,5.830000000000000071e+00,6.549999999999999822e+00,3.290000000000000036e+00,4.549999999999999822e+00,2.439999999999999947e+00,0.000000000000000000e+00,0.000000000000000000e+00,2.999999999999999889e-02,9.064000000000000057e+01,1.040000000000000036e+00,4.370000000000000107e+00,1.750000000000000000e+00,3.419999999999999929e+00,3.009999999999999787e+00,5.250000000000000000e+00,4.179999999999999716e+00,4.959999999999999964e+00,3.399999999999999911e+00,4.019999999999999574e+00,3.799999999999999822e+00,0.000000000000000000e+00,0.000000000000000000e+00,0.000000000000000000e+00,3.356000000000000227e+01,2.149999999999999911e+00,3.270000000000000018e+00,5.589999999999999858e+00,1.939999999999999947e+00,3.029999999999999805e+00,1.790000000000000036e+00,4.790000000000000036e+00,1.136999999999999922e+01,1.810000000000000053e+00,9.399999999999999467e-01,3.979999999999999982e+00,4.320000000000000284e+00,4.219999999999999751e+00,6.269999999999999574e+00,2.990000000000000213e+00,1.034999999999999964e+01,0.000000000000000000e+00,0.000000000000000000e+00,0.000000000000000000e+00,5.399000000000000199e+01,1.183000000000000007e+01,8.630000000000000782e+00,0.000000000000000000e+00,4.389999999999999680e+00,1.699999999999999956e+00,4.950000000000000178e+00,3.060000000000000053e+00,3.020000000000000018e+00,1.370000000000000107e+00,6.360000000000000320e+00,0.000000000000000000e+00,0.000000000000000000e+00,2.450000000000000178e+00,6.690000000000000391e+00,0.000000000000000000e+00
1.669999999999999929e+01,1.951000000000000156e+01,0.000000000000000000e+00,0.000000000000000000e+00,0.000000000000000000e+00,1.379999999999999893e+00,1.172000000000000064e+01,1.253999999999999915e+01,1.581000000000000050e+01,0.000000000000000000e+00,5.040000000000000036e+00,0.000000000000000000e+00,9.330000000000000071e+00,3.470000000000000195e+00,1.949999999999999956e+00,0.000000000000000000e+00,5.799999999999999600e-01,3.490000000000000213e+00,4.360000000000000320e+00,1.199999999999999956e-01,0.000000000000000000e+00,8.000000000000000444e-01,0.000000000000000000e+00,0.000000000000000000e+00,3.580000000000000071e+00,0.000000000000000000e+00,0.000000000000000000e+00,0.000000000000000000e+00,3.060000000000000053e+00,3.169999999999999929e+00,7.990000000000000213e+00,1.610000000000000098e+00,0.000000000000000000e+00,7.837000000000000455e+01,5.790000000000000036e+00,3.209999999999999964e+00,1.310000000000000053e+00,0.000000000000000000e+00,0.000000000000000000e+00,2.950000000000000178e+00,0.000000000000000000e+00,1.142999999999999972e+01,0.000000000000000000e+00,0.000000000000000000e+00,2.379999999999999893e+00,0.000000000000000000e+00,0.000000000000000000e+00,7.900000000000000355e-01,8.509999999999999787e+00,5.879999999999999893e+00,3.379999999999999893e+00,1.900000000000000022e-01,1.550000000000000044e+00,5.589999999999999858e+00,2.510000000000000142e+01,1.516999999999999993e+01,2.485999999999999943e+01,4.996999999999999886e+01,3.547999999999999687e+01,2.259999999999999787e+00,2.596999999999999886e+01,5.275999999999999801e+01,2.479999999999999982e+00,5.882000000000000028e+01,1.038000000000000078e+01,1.381000000000000050e+01,0.000000000000000000e+00,0.000000000000000000e+00,0.000000000000000000e+00,3.117999999999999972e+01,0.000000000000000000e+00,0.000000000000000000e+00,5.790000000000000036e+00,4.780000000000000249e+00,7.679999999999999716e+00,2.779999999999999805e+00,4.139999999999999680e+00,0.000000000000000000e+00,1.560000000000000053e+00,2.020000000000000018e+00,0.000000000000000000e+00,7.637000000000000455e+01,9.264000000000000057e+01,2.030000000000000071e+01,4.500000000000000111e-01,4.980000000000000426e+00,4.129999999999999716e+01,6.309999999999999609e+00,7.769999999999999574e+00,1.110999999999999943e+01,4.959999999999999964e+00,7.059999999999999609e+00,5.169999999999999929e+00,5.490000000000000213e+00,2.680000000000000160e+00,5.750000000000000000e+00,3.509999999999999787e+00,2.009999999999999787e+00,3.680000000000000160e+00,1.899999999999999911e+00,4.129999999999999893e+00,1.139999999999999902e+00,5.309999999999999609e+00,2.629999999999999893e+00,3.620000000000000107e+00,1.771000000000000085e+01,1.064000000000000057e+01,1.282000000000000028e+01,1.229999999999999982e+00,0.000000000000000000e+00,2.600000000000000089e+00,0.000000000000000000e+00,2.379999999999999893e+00,3.109999999999999876e+00,6.400000000000000355e+00,6.999999999999999556e-01,5.299999999999999822e+00,9.140000000000000568e+00,4.179999999999999716e+00,4.049999999999999822e+00,4.049999999999999822e+00,1.094999999999999929e+01,7.490000000000000213e+00,3.470000000000000195e+00,4.740000000000000213e+00,2.180000000000000160e+00,1.629999999999999893e+00,2.600000000000000089e-01,6.353999999999999915e+01,5.385000000000000142e+01,1.360000000000000098e+00,4.400000000000000355e+00,4.879999999999999893e+00,5.899999999999999689e-01,4.709999999999999964e+00,6.469999999999999751e+00,4.299999999999999933e-01,0.000000000000000000e+00,0.000000000000000000e+00,3.290000000000000036e+00,3.669999999999999929e+00,0.000000000000000000e+00,0.000000000000000000e+00,1.000000000000000056e-01,1.649999999999999911e+00,0.000000000000000000e+00,1.100000000000000089e+00,2.689999999999999947e+00,3.149999999999999911e+00,2.540000000000000036e+00,2.290000000000000036e+00,1.086999999999999922e+01,1.377999999999999936e+01,0.000000000000000000e+00,4.456000000000000227e+01,1.120000000000000107e+00,2.240000000000000213e+00,3.874000000000000199e+01,2.000000000000000000e+00,3.560000000000000053e+00,1.969999999999999973e+00,2.140000000000000124e+00,2.899999999999999911e+00,2.419999999999999929e+00,2.589999999999999858e+00,3.850000000000000089e+00,2.669999999999999929e+00,4.440000000000000391e+00,4.240000000000000213e+00,3.640000000000000124e+00,4.049000000000000199e+01,1.270000000000000018e+00,0.000000000000000000e+00,0.000000000000000000e+00,2.341000000000000014e+01,5.780000000000000249e+00,6.599999999999999645e+00,0.000000000000000000e+00,4.990000000000000213e+00,1.382000000000000028e+01,1.242999999999999972e+01,1.669999999999999929e+00,3.589999999999999858e+00,1.260000000000000009e+00,8.910000000000000142e+00,2.048000000000000043e+01,0.000000000000000000e+00,3.740000000000000213e+00,1.488000000000000078e+01,8.100000000000000533e-01
4.290000000000000036e+00,6.089999999999999858e+00,7.099999999999999645e-01,7.800000000000000266e-01,7.299999999999999822e-01,2.330000000000000071e+00,2.448999999999999844e+01,2.966000000000000014e+01,4.377000000000000313e+01,0.000000000000000000e+00,2.890000000000000124e+00,5.899999999999999689e-01,4.549999999999999822e+00,0.000000000000000000e+00,2.430000000000000160e+00,1.050000000000000044e+00,0.000000000000000000e+00,1.719999999999999973e+00,1.060000000000000053e+00,0.000000000000000000e+00,0.000000000000000000e+00,1.000000000000000021e-02,0.000000000000000000e+00,1.149999999999999911e+00,7.600000000000000089e-01,9.799999999999999822e-01,4.400000000000000022e-01,5.259999999999999787e+00,4.019999999999999574e+00,2.009999999999999787e+00,1.089000000000000057e+01,0.000000000000000000e+00,7.700000000000000178e-01,7.965000000000001990e+01,3.589999999999999858e+00,1.709999999999999964e+00,2.629999999999999893e+00,3.339999999999999858e+00,2.290000000000000036e+00,4.049999999999999822e+00,8.499999999999999778e-01,2.430999999999999872e+01,1.689999999999999947e+00,0.000000000000000000e+00,1.439999999999999947e+00,0.000000000000000000e+00,2.229999999999999982e+00,4.269999999999999574e+00,8.570000000000000284e+00,6.469999999999999751e+00,3.859999999999999876e+00,2.270000000000000018e+00,1.620000000000000107e+00,6.799999999999999822e+00,3.770000000000000018e+00,2.040000000000000036e+00,1.479999999999999982e+00,7.929999999999999716e+00,6.190000000000000391e+00,1.270000000000000018e+00,3.439999999999999947e+00,1.360999999999999943e+01,5.639999999999999858e+01,4.099999999999999645e+00,1.689999999999999947e+00,5.200000000000000178e-01,4.410000000000000142e+00,4.049999999999999822e+00,4.490000000000000213e+00,1.669999999999999929e+00,2.620000000000000107e+00,3.759999999999999787e+00,3.479999999999999982e+00,3.549999999999999822e+00,6.400000000000000133e-01,2.700000000000000178e+00,0.000000000000000000e+00,1.760000000000000009e+00,3.279999999999999805e+00,2.000000000000000042e-02,0.000000000000000000e+00,7.070000000000000284e+00,6.021999999999999886e+01,1.629999999999999893e+00,2.790000000000000036e+00,2.839999999999999858e+00,4.339999999999999858e+00,5.040000000000000036e+00,6.199999999999999956e-01,4.190000000000000391e+00,5.070000000000000284e+00,4.129999999999999893e+00,4.699999999999999734e-01,1.110000000000000098e+00,7.900000000000000355e-01,4.059999999999999609e+00,1.500000000000000000e+00,1.969999999999999973e+00,2.919999999999999929e+00,1.830000000000000071e+00,2.899999999999999911e+00,8.800000000000000044e-01,2.810000000000000053e+00,1.239999999999999991e+00,2.359999999999999876e+00,1.600000000000000089e+00,3.890000000000000124e+00,3.819999999999999840e+00,2.870000000000000107e+00,2.319999999999999840e+00,4.509999999999999787e+00,0.000000000000000000e+00,3.779999999999999805e+00,2.089999999999999858e+00,2.520000000000000018e+00,3.819999999999999840e+00,3.060000000000000053e+00,5.200000000000000178e+00,1.459999999999999964e+00,3.149999999999999911e+00,1.780000000000000027e+00,8.199999999999999289e+00,4.309999999999999609e+00,2.520000000000000018e+00,4.139999999999999680e+00,3.990000000000000213e+00,1.221000000000000085e+01,4.099999999999999756e-01,5.182999999999999829e+01,3.365999999999999659e+01,3.099999999999999978e-01,2.500000000000000000e+00,2.910000000000000142e+00,4.110000000000000320e+00,1.919999999999999929e+00,0.000000000000000000e+00,6.099999999999999867e-01,4.000000000000000083e-02,4.500000000000000111e-01,4.600000000000000200e-01,9.300000000000000488e-01,1.270000000000000018e+00,0.000000000000000000e+00,4.600000000000000200e-01,2.509999999999999787e+00,2.049999999999999822e+00,2.000000000000000000e+00,1.129999999999999893e+00,2.250000000000000000e+00,5.999999999999999778e-02,2.359999999999999876e+00,1.122000000000000064e+01,2.660000000000000142e+00,6.099999999999999645e+00,1.653000000000000114e+01,1.510000000000000009e+00,4.870000000000000107e+00,9.470000000000000639e+00,1.100000000000000089e+00,1.379999999999999893e+00,2.140000000000000124e+00,2.620000000000000107e+00,3.040000000000000036e+00,1.790000000000000036e+00,1.530000000000000027e+00,2.299999999999999822e+00,1.889999999999999902e+00,4.459999999999999964e+00,2.799999999999999822e+00,9.269999999999999574e+00,4.500000000000000000e+00,0.000000000000000000e+00,2.500000000000000000e-01,7.700000000000000178e-01,1.191000000000000014e+01,6.910000000000000142e+00,7.839999999999999858e+00,0.000000000000000000e+00,1.550000000000000044e+00,5.490000000000000213e+00,3.990000000000000213e+00,1.350000000000000089e+00,4.480000000000000426e+00,4.780000000000000249e+00,6.200000000000000178e+00,1.689999999999999858e+01,0.000000000000000000e+00,3.479999999999999982e+00,1.399999999999999911e+00,5.799999999999999600e-01
3.109999999999999876e+00,2.109999999999999876e+00,5.200000000000000178e-01,0.000000000000000000e+00,4.500000000000000111e-01,1.310000000000000053e+00,2.805999999999999872e+01,3.640000000000000124e+00,5.000000000000000000e+00,0.000000000000000000e+00,4.330000000000000071e+00,3.669999999999999929e+00,1.540000000000000036e+00,1.520000000000000018e+00,3.330000000000000071e+00,1.700000000000000122e-01,4.000000000000000222e-01,0.000000000000000000e+00,0.000000000000000000e+00,1.590000000000000080e+00,0.000000000000000000e+00,5.400000000000000355e-01,9.400000000000000355e+00,5.143999999999999773e+01,3.236999999999999744e+01,1.403999999999999915e+01,1.939999999999999858e+01,3.657000000000000028e+01,1.739999999999999991e+00,0.000000000000000000e+00,0.000000000000000000e+00,9.000000000000000222e-01,9.699999999999999734e-01,3.989999999999999858e+01,1.040000000000000036e+00,1.840000000000000080e+00,4.400000000000000022e-01,1.499999999999999944e-01,3.200000000000000067e-01,0.000000000000000000e+00,0.000000000000000000e+00,1.260000000000000009e+00,1.689999999999999947e+00,1.600000000000000089e+00,0.000000000000000000e+00,4.280000000000000249e+00,0.000000000000000000e+00,5.899999999999999689e-01,3.790000000000000036e+00,4.469999999999999751e+00,2.410000000000000142e+00,1.209999999999999964e+00,0.000000000000000000e+00,4.660000000000000142e+00,4.040000000000000036e+00,6.400000000000000133e-01,5.089999999999999858e+00,7.599999999999999645e+00,6.299999999999999822e+00,4.759999999999999787e+00,4.480000000000000426e+00,5.299999999999999822e+00,6.434999999999999432e+01,3.012999999999999901e+01,0.000000000000000000e+00,2.640000000000000124e+00,1.100000000000000006e-01,4.952000000000000313e+01,3.409000000000000341e+01,2.520000000000000018e+00,0.000000000000000000e+00,1.209999999999999964e+00,7.299999999999999822e-01,0.000000000000000000e+00,4.320000000000000284e+00,0.000000000000000000e+00,0.000000000000000000e+00,7.900000000000000355e-01,0.000000000000000000e+00,5.000000000000000000e-01,7.399999999999999911e-01,1.960000000000000142e+01,2.703999999999999915e+01,2.220000000000000195e+00,6.209999999999999964e+00,1.689999999999999947e+00,2.640000000000000124e+00,1.959999999999999964e+00,1.750000000000000000e+00,4.389999999999999680e+00,9.200000000000000400e-01,1.909999999999999920e+00,4.000000000000000222e-01,1.700000000000000122e-01,1.129999999999999893e+00,0.000000000000000000e+00,0.000000000000000000e+00,0.000000000000000000e+00,8.199999999999999512e-01,3.599999999999999867e-01,2.290000000000000036e+00,9.799999999999999822e-01,1.199999999999999956e+00,2.470000000000000195e+00,4.759999999999999787e+00,2.620000000000000107e+00,1.047000000000000064e+01,4.000000000000000000e+00,1.050000000000000044e+00,1.400000000000000133e-01,0.000000000000000000e+00,1.047000000000000064e+01,1.219999999999999929e+01,2.100000000000000089e+00,1.250000000000000000e+00,0.000000000000000000e+00,7.099999999999999645e-01,2.930000000000000160e+00,6.259999999999999787e+00,1.701000000000000156e+01,1.730999999999999872e+01,4.742000000000000171e+01,1.580000000000000071e+00,8.399999999999999689e-01,5.999999999999999778e-02,0.000000000000000000e+00,1.070000000000000062e+00,1.679999999999999938e+00,3.354999999999999716e+01,2.962000000000000099e+01,6.759999999999999787e+00,4.940000000000000391e+00,3.300000000000000155e-01,2.100000000000000089e+00,5.899999999999999689e-01,9.699999999999999734e-01,5.400000000000000355e-01,1.100000000000000006e-01,2.200000000000000011e-01,0.000000000000000000e+00,3.200000000000000178e+00,1.409999999999999920e+00,1.100000000000000006e-01,0.000000000000000000e+00,0.000000000000000000e+00,1.179999999999999938e+00,5.000000000000000278e-02,2.999999999999999889e-01,2.200000000000000011e-01,0.000000000000000000e+00,1.199999999999999956e-01,4.230000000000000426e+00,0.000000000000000000e+00,0.000000000000000000e+00,2.162000000000000099e+01,6.500000000000000222e-01,9.599999999999999645e-01,3.000000000000000000e+00,2.200000000000000178e+00,2.790000000000000036e+00,2.020000000000000018e+00,3.699999999999999956e-01,0.000000000000000000e+00,3.109999999999999876e+00,8.000000000000000167e-02,1.760000000000000009e+00,3.089999999999999858e+00,0.000000000000000000e+00,1.169999999999999929e+00,2.910000000000000142e+00,3.830000000000000071e+00,1.899999999999999911e+00,0.000000000000000000e+00,0.000000000000000000e+00,0.000000000000000000e+00,2.007000000000000028e+01,3.126000000000000156e+01,2.999999999999999889e-02,1.989999999999999991e+00,0.000000000000000000e+00,8.000000000000000444e-01,9.699999999999999734e-01,2.490000000000000213e+00,5.400000000000000355e-01,2.082999999999999829e+01,2.919999999999999929e+00,0.000000000000000000e+00,2.999999999999999889e-02,4.120000000000000107e+00,0.000000000000000000e+00
1.199999999999999956e+00,3.699999999999999956e-01,0.000000000000000000e+00,0.000000000000000000e+00,0.000000000000000000e+00,0.000000000000000000e+00,0.000000000000000000e+00,0.000000000000000000e+00,0.000000000000000000e+00,2.470000000000000195e+00,2.500000000000000000e-01,0.000000000000000000e+00,0.000000000000000000e+00,3.300000000000000155e-01,1.129999999999999893e+00,0.000000000000000000e+00,0.000000000000000000e+00,0.000000000000000000e+00,0.000000000000000000e+00,9.349999999999999645e+00,0.000000000000000000e+00,8.800000000000000044e-01,1.700000000000000122e-01,0.000000000000000000e+00,0.000000000000000000e+00,2.399999999999999911e-01,5.500000000000000444e-01,1.409999999999999920e+00,0.000000000000000000e+00,0.000000000000000000e+00,2.770000000000000018e+00,1.540000000000000036e+00,1.020000000000000018e+00,2.189999999999999947e+00,0.000000000000000000e+00,6.243999999999999773e+01,0.000000000000000000e+00,0.000000000000000000e+00,0.000000000000000000e+00,0.000000000000000000e+00,0.000000000000000000e+00,0.000000000000000000e+00,2.859999999999999876e+00,3.709999999999999964e+00,0.000000000000000000e+00,4.040000000000000036e+00,3.599999999999999867e-01,0.000000000000000000e+00,0.000000000000000000e+00,7.370000000000000107e+00,1.080000000000000071e+00,2.500000000000000000e+00,0.000000000000000000e+00,6.790000000000000036e+00,5.389999999999999680e+00,0.000000000000000000e+00,5.600000000000000533e-01,0.000000000000000000e+00,0.000000000000000000e+00,2.770000000000000018e+00,1.870000000000000107e+00,8.999999999999999667e-02,1.800000000000000044e+00,1.389999999999999902e+00,0.000000000000000000e+00,1.570000000000000062e+00,1.780000000000000027e+00,9.499999999999999556e-01,1.629999999999999893e+00,1.959999999999999964e+00,2.200000000000000178e+00,0.000000000000000000e+00,1.000000000000000056e-01,0.000000000000000000e+00,8.900000000000000133e-01,0.000000000000000000e+00,0.000000000000000000e+00,0.000000000000000000e+00,0.000000000000000000e+00,0.000000000000000000e+00,1.290000000000000036e+00,2.290000000000000036e+00,0.000000000000000000e+00,3.600000000000000089e+00,0.000000000000000000e+00,0.000000000000000000e+00,3.129999999999999893e+00,0.000000000000000000e+00,2.529999999999999805e+00,9.240000000000000213e+00,0.000000000000000000e+00,1.486999999999999922e+01,0.000000000000000000e+00,1.799999999999999933e-01,7.078000000000000114e+01,0.000000000000000000e+00,9.419999999999999929e+00,0.000000000000000000e+00,3.001000000000000156e+01,0.000000000000000000e+00,0.000000000000000000e+00,1.840000000000000080e+00,0.000000000000000000e+00,4.299999999999999933e-01,0.000000000000000000e+00,1.219999999999999973e+00,1.400000000000000133e-01,6.809999999999999609e+00,3.400000000000000244e-01,1.799999999999999933e-01,3.959999999999999964e+00,7.500000000000000000e-01,7.900000000000000355e-01,0.000000000000000000e+00,0.000000000000000000e+00,0.000000000000000000e+00,0.000000000000000000e+00,2.410000000000000142e+00,8.699999999999999956e-01,1.409999999999999920e+00,2.000000000000000000e+00,9.019999999999999574e+00,0.000000000000000000e+00,0.000000000000000000e+00,0.000000000000000000e+00,4.099999999999999645e+00,0.000000000000000000e+00,0.000000000000000000e+00,2.629999999999999893e+00,5.209999999999999964e+00,3.900000000000000133e-01,0.000000000000000000e+00,0.000000000000000000e+00,0.000000000000000000e+00,1.657999999999999829e+01,3.720000000000000195e+00,0.000000000000000000e+00,1.270000000000000018e+00,4.000000000000000083e-02,0.000000000000000000e+00,7.099999999999999645e-01,4.160000000000000142e+00,7.399999999999999911e-01,3.049999999999999822e+00,0.000000000000000000e+00,1.400000000000000133e-01,2.999999999999999889e-02,0.000000000000000000e+00,0.000000000000000000e+00,0.000000000000000000e+00,0.000000000000000000e+00,0.000000000000000000e+00,1.949999999999999956e+00,0.000000000000000000e+00,3.089999999999999858e+00,4.000000000000000222e-01,0.000000000000000000e+00,2.858999999999999986e+01,0.000000000000000000e+00,0.000000000000000000e+00,0.000000000000000000e+00,0.000000000000000000e+00,0.000000000000000000e+00,0.000000000000000000e+00,0.000000000000000000e+00,0.000000000000000000e+00,0.000000000000000000e+00,3.400000000000000244e-01,5.999999999999999778e-02,0.000000000000000000e+00,3.400000000000000244e-01,0.000000000000000000e+00,1.949999999999999956e+00,1.139999999999999902e+00,0.000000000000000000e+00,0.000000000000000000e+00,8.599999999999999867e-01,0.000000000000000000e+00,5.519999999999999574e+00,0.000000000000000000e+00,0.000000000000000000e+00,0.000000000000000000e+00,0.000000000000000000e+00,0.000000000000000000e+00,0.000000000000000000e+00,1.580000000000000071e+00,0.000000000000000000e+00,6.199999999999999956e-01,5.099999999999999645e+00,0.000000000000000000e+00
0.000000000000000000e+00,0.000000000000000000e+00,0.000000000000000000e+00,0.000000000000000000e+00,0.000000000000000000e+00,0.000000000000000000e+00,0.000000000000000000e+00,1.820000000000000062e+00,0.000000000000000000e+00,1.320000000000000062e+00,0.000000000000000000e+00,0.000000000000000000e+00,0.000000000000000000e+00,6.299999999999999822e+00,1.263000000000000078e+01,0.000000000000000000e+00,0.000000000000000000e+00,0.000000000000000000e+00,0.000000000000000000e+00,0.000000000000000000e+00,1.100000000000000006e-01,2.999999999999999889e-02,3.699999999999999956e-01,2.700000000000000178e-01,7.099999999999999645e-01,0.000000000000000000e+00,8.699999999999999956e-01,0.000000000000000000e+00,3.399999999999999911e+00,0.000000000000000000e+00,1.142999999999999972e+01,0.000000000000000000e+00,8.299999999999999600e-01,0.000000000000000000e+00,0.000000000000000000e+00,4.110000000000000320e+00,0.000000000000000000e+00,0.000000000000000000e+00,0.000000000000000000e+00,1.399999999999999911e+00,3.400000000000000244e-01,0.000000000000000000e+00,2.959999999999999964e+00,2.160000000000000142e+00,0.000000000000000000e+00,4.000000000000000083e-02,0.000000000000000000e+00,0.000000000000000000e+00,0.000000000000000000e+00,0.000000000000000000e+00,0.000000000000000000e+00,0.000000000000000000e+00,0.000000000000000000e+00,0.000000000000000000e+00,1.699999999999999956e+00,0.000000000000000000e+00,3.300000000000000155e-01,0.000000000000000000e+00,0.000000000000000000e+00,2.099999999999999922e-01,0.000000000000000000e+00,0.000000000000000000e+00,6.099999999999999867e-01,2.990000000000000213e+00,4.699999999999999734e-01,1.199999999999999956e+00,1.429999999999999938e+00,1.010000000000000009e+00,1.040000000000000036e+00,0.000000000000000000e+00,0.000000000000000000e+00,0.000000000000000000e+00,0.000000000000000000e+00,0.000000000000000000e+00,3.149999999999999911e+00,0.000000000000000000e+00,1.830000000000000071e+00,0.000000000000000000e+00,0.000000000000000000e+00,0.000000000000000000e+00,0.000000000000000000e+00,4.400000000000000022e-01,0.000000000000000000e+00,0.000000000000000000e+00,0.000000000000000000e+00,2.999999999999999889e-02,1.090000000000000080e+00,0.000000000000000000e+00,2.109999999999999876e+00,1.629999999999999893e+00,0.000000000000000000e+00,1.500000000000000000e+00,0.000000000000000000e+00,0.000000000000000000e+00,6.370000000000000107e+00,7.299999999999999822e-01,0.000000000000000000e+00,0.000000000000000000e+00,2.069999999999999840e+00,0.000000000000000000e+00,1.799999999999999933e-01,5.100000000000000089e-01,2.870000000000000107e+00,1.620000000000000107e+00,7.900000000000000355e-01,8.900000000000000133e-01,0.000000000000000000e+00,1.110000000000000098e+00,0.000000000000000000e+00,0.000000000000000000e+00,6.299999999999999822e+00,0.000000000000000000e+00,7.500000000000000000e-01,0.000000000000000000e+00,0.000000000000000000e+00,0.000000000000000000e+00,1.219999999999999973e+00,4.440000000000000391e+00,6.999999999999999556e-01,7.000000000000000666e-02,1.100000000000000006e-01,6.999999999999999556e-01,0.000000000000000000e+00,0.000000000000000000e+00,0.000000000000000000e+00,2.479999999999999982e+00,7.330000000000000071e+00,0.000000000000000000e+00,3.240000000000000213e+00,9.100000000000000311e-01,0.000000000000000000e+00,2.990000000000000213e+00,0.000000000000000000e+00,1.290000000000000036e+00,2.990000000000000213e+00,7.349999999999999645e+00,0.000000000000000000e+00,4.600000000000000200e-01,0.000000000000000000e+00,9.899999999999999911e-01,3.529999999999999805e+00,0.000000000000000000e+00,0.000000000000000000e+00,0.000000000000000000e+00,0.000000000000000000e+00,0.000000000000000000e+00,0.000000000000000000e+00,0.000000000000000000e+00,4.799999999999999822e-01,5.999999999999999778e-01,1.000000000000000021e-02,0.000000000000000000e+00,0.000000000000000000e+00,0.000000000000000000e+00,2.410000000000000142e+00,1.290000000000000036e+00,5.300000000000000266e-01,3.459999999999999964e+00,4.600000000000000200e-01,0.000000000000000000e+00,8.000000000000000444e-01,0.000000000000000000e+00,0.000000000000000000e+00,0.000000000000000000e+00,0.000000000000000000e+00,1.709999999999999964e+00,3.209999999999999964e+00,8.999999999999999667e-02,0.000000000000000000e+00,0.000000000000000000e+00,0.000000000000000000e+00,0.000000000000000000e+00,1.469999999999999973e+00,0.000000000000000000e+00,1.330000000000000071e+00,0.000000000000000000e+00,0.000000000000000000e+00,0.000000000000000000e+00,2.399999999999999911e-01,0.000000000000000000e+00,1.649999999999999911e+00,0.000000000000000000e+00,0.000000000000000000e+00,0.000000000000000000e+00,0.000000000000000000e+00,0.000000000000000000e+00,4.199999999999999845e-01,0.000000000000000000e+00,0.000000000000000000e+00,0.000000000000000000e+00
8.949999999999997513e+00,7.750000000000000000e+00,4.400000000000000022e-01,1.750000000000000000e+00,1.000000000000000000e+00,2.879999999999999893e+00,6.900000000000000355e+00,1.078999999999999915e+01,9.060000000000000497e+00,0.000000000000000000e+00,7.959999999999999964e+00,5.379999999999999893e+00,9.630000000000000782e+00,1.379999999999999893e+00,5.209999999999999964e+00,8.699999999999999956e-01,0.000000000000000000e+00,3.830000000000000071e+00,4.200000000000000178e+00,0.000000000000000000e+00,0.000000000000000000e+00,0.000000000000000000e+00,1.629999999999999893e+00,2.910000000000000142e+00,5.679999999999999716e+00,3.339999999999999858e+00,3.129999999999999893e+00,1.808999999999999986e+01,8.399999999999999689e-01,5.950000000000000178e+00,1.294999999999999929e+01,6.030000000000000249e+00,1.229999999999999982e+00,1.193999999999999950e+01,6.519999999999999574e+00,8.750000000000000000e+00,4.870000000000000107e+00,3.600000000000000089e+00,3.839999999999999858e+00,1.919999999999999929e+00,7.500000000000000000e-01,5.459999999999999964e+00,6.009999999999999787e+00,2.680000000000000160e+00,4.309999999999999609e+00,4.629999999999999893e+00,2.359999999999999876e+00,5.700000000000000178e+00,1.292999999999999972e+01,1.593999999999999950e+01,6.459999999999999964e+00,5.440000000000000391e+00,3.930000000000000160e+00,9.759999999999999787e+00,3.270000000000000018e+00,4.030000000000000249e+00,7.799999999999999822e+00,9.080000000000000071e+00,1.000000000000000000e+01,1.889999999999999902e+00,1.127999999999999936e+01,1.098000000000000043e+01,2.660000000000000142e+01,4.299999999999999822e+00,6.330000000000000071e+00,4.360000000000000320e+00,8.169999999999999929e+00,3.700000000000000178e+00,2.990000000000000213e+00,7.889999999999999680e+00,1.379999999999999893e+00,7.080000000000000071e+00,7.849999999999999645e+00,8.710000000000000853e+00,8.019999999999999574e+00,3.850000000000000089e+00,2.930000000000000160e+00,1.780000000000000027e+00,3.959999999999999964e+00,1.120000000000000107e+00,0.000000000000000000e+00,1.374000000000000021e+01,0.000000000000000000e+00,3.640000000000000124e+00,3.060000000000000053e+00,5.480000000000000426e+00,1.053999999999999915e+01,8.189999999999999503e+00,1.300000000000000044e+00,2.533999999999999986e+01,5.929999999999999716e+00,5.120000000000000107e+00,5.699999999999999512e-01,3.799999999999999822e+00,1.155000000000000071e+01,5.690000000000000391e+00,4.660000000000000142e+00,2.439999999999999947e+00,6.759999999999999787e+00,1.860000000000000098e+00,6.250000000000000000e+00,3.319999999999999840e+00,2.470000000000000195e+00,4.860000000000000320e+00,5.790000000000000036e+00,1.739999999999999991e+00,7.490000000000000213e+00,1.744999999999999929e+01,5.459999999999999964e+00,2.620000000000000107e+00,5.900000000000000355e+00,0.000000000000000000e+00,6.750000000000000000e+00,2.990000000000000213e+00,5.299999999999999822e+00,2.799999999999999822e+00,6.080000000000000071e+00,9.699999999999999289e+00,1.161999999999999922e+01,2.619000000000000128e+01,2.625000000000000000e+01,1.259999999999999964e+01,1.046000000000000085e+01,8.699999999999999956e-01,7.049999999999999822e+00,0.000000000000000000e+00,5.250000000000000000e+00,1.244999999999999929e+01,2.607999999999999829e+01,1.967000000000000171e+01,9.339999999999999858e+00,1.050999999999999979e+01,7.440000000000000391e+00,0.000000000000000000e+00,4.419999999999999929e+00,1.870000000000000107e+00,0.000000000000000000e+00,2.700000000000000178e-01,0.000000000000000000e+00,5.669999999999999929e+00,4.320000000000000284e+00,2.270000000000000018e+00,5.699999999999999512e-01,1.900000000000000022e-01,2.029999999999999805e+00,4.450000000000000178e+00,5.280000000000000249e+00,5.540000000000000036e+00,1.489999999999999991e+00,3.410000000000000142e+00,2.229999999999999982e+00,2.055999999999999872e+01,4.559999999999999609e+00,6.800000000000000488e-01,2.373999999999999844e+01,2.399999999999999911e-01,3.759999999999999787e+00,3.890000000000000124e+00,3.609999999999999876e+00,4.190000000000000391e+00,2.189999999999999947e+00,3.859999999999999876e+00,3.990000000000000213e+00,2.189999999999999947e+00,2.549999999999999822e+00,5.080000000000000071e+00,1.439999999999999947e+00,3.830000000000000071e+00,3.919999999999999929e+00,9.130000000000000782e+00,5.500000000000000000e+00,0.000000000000000000e+00,0.000000000000000000e+00,0.000000000000000000e+00,8.730000000000000426e+00,1.550999999999999979e+01,1.814000000000000057e+01,3.759999999999999787e+00,8.199999999999999289e+00,9.339999999999999858e+00,5.759999999999999787e+00,1.409999999999999920e+00,4.500000000000000000e+00,3.140000000000000124e+00,1.539000000000000057e+01,6.679999999999999716e+00,0.000000000000000000e+00,5.570000000000000284e+00,6.919999999999999929e+00,3.109999999999999876e+00
1.823999999999999844e+01,5.429999999999999716e+00,0.000000000000000000e+00,0.000000000000000000e+00,0.000000000000000000e+00,0.000000000000000000e+00,4.299999999999999933e-01,7.030000000000000249e+00,5.429999999999999716e+00,8.289999999999999147e+00,1.620000000000000107e+00,2.189999999999999947e+00,0.000000000000000000e+00,8.839999999999999858e+00,6.129999999999999893e+00,2.099999999999999922e-01,2.060000000000000053e+00,0.000000000000000000e+00,0.000000000000000000e+00,0.000000000000000000e+00,6.849999999999999645e+00,7.669999999999999929e+00,5.080000000000000071e+00,4.099999999999999756e-01,5.940000000000000391e+00,5.349999999999999645e+00,5.700000000000000178e+00,1.729999999999999982e+00,1.010000000000000009e+00,3.209999999999999964e+00,0.000000000000000000e+00,2.870000000000000107e+00,6.600000000000000311e-01,2.399999999999999911e+00,0.000000000000000000e+00,3.800000000000000044e-01,0.000000000000000000e+00,0.000000000000000000e+00,0.000000000000000000e+00,1.000000000000000000e+00,4.230000000000000426e+00,7.589999999999999858e+00,4.429999999999999716e+00,7.330000000000000071e+00,0.000000000000000000e+00,3.330000000000000071e+00,4.750000000000000000e+00,0.000000000000000000e+00,0.000000000000000000e+00,3.800000000000000044e-01,0.000000000000000000e+00,0.000000000000000000e+00,0.000000000000000000e+00,3.649999999999999911e+00,7.059999999999999609e+00,5.500000000000000444e-01,3.520000000000000018e+00,4.120000000000000107e+00,3.609999999999999876e+00,4.679999999999999716e+00,4.139999999999999680e+00,3.879999999999999893e+00,0.000000000000000000e+00,0.000000000000000000e+00,2.080000000000000071e+00,0.000000000000000000e+00,0.000000000000000000e+00,5.190000000000000391e+00,4.179999999999999716e+00,1.689999999999999947e+00,9.100000000000000311e-01,0.000000000000000000e+00,0.000000000000000000e+00,0.000000000000000000e+00,0.000000000000000000e+00,0.000000000000000000e+00,2.229999999999999982e+00,5.519999999999999574e+00,6.980000000000000426e+00,4.699999999999999734e-01,6.959999999999999964e+00,1.373000000000000043e+01,5.600000000000000533e-01,1.699999999999999956e+00,1.100999999999999979e+01,0.000000000000000000e+00,1.310000000000000053e+00,0.000000000000000000e+00,6.400000000000000355e+00,2.860000000000000142e+01,0.000000000000000000e+00,0.000000000000000000e+00,3.089999999999999858e+00,5.650000000000000355e+00,3.120000000000000107e+00,0.000000000000000000e+00,6.199999999999999956e-01,9.499999999999999556e-01,9.100000000000000311e-01,0.000000000000000000e+00,4.580000000000000071e+00,4.230000000000000426e+00,7.179999999999999716e+00,4.570000000000000284e+00,0.000000000000000000e+00,5.120000000000000107e+00,7.490000000000000213e+00,2.017000000000000171e+01,4.820000000000000284e+00,3.620000000000000107e+00,0.000000000000000000e+00,5.820000000000000284e+00,6.969999999999999751e+00,1.709999999999999964e+00,0.000000000000000000e+00,0.000000000000000000e+00,0.000000000000000000e+00,0.000000000000000000e+00,0.000000000000000000e+00,5.000000000000000278e-02,1.290000000000000036e+00,5.950000000000000178e+00,0.000000000000000000e+00,1.689999999999999947e+00,3.540000000000000036e+00,7.570000000000000284e+00,0.000000000000000000e+00,4.290000000000000036e+00,2.008999999999999986e+01,1.621999999999999886e+01,1.560000000000000053e+00,3.140000000000000124e+00,0.000000000000000000e+00,0.000000000000000000e+00,3.699999999999999956e-01,2.700000000000000178e+00,1.290000000000000036e+00,7.009999999999999787e+00,5.259999999999999787e+00,0.000000000000000000e+00,6.570000000000000284e+00,7.849999999999999645e+00,2.220000000000000195e+00,5.360000000000000320e+00,3.169999999999999929e+00,1.034999999999999964e+01,1.616000000000000014e+01,5.969999999999999751e+00,3.529999999999999805e+00,4.169999999999999929e+00,4.089999999999999858e+00,0.000000000000000000e+00,0.000000000000000000e+00,0.000000000000000000e+00,8.769999999999999574e+00,1.080000000000000071e+00,0.000000000000000000e+00,7.929999999999999716e+00,4.199999999999999845e-01,0.000000000000000000e+00,5.500000000000000444e-01,3.229999999999999982e+00,3.060000000000000053e+00,0.000000000000000000e+00,2.040000000000000036e+00,5.230000000000000426e+00,3.229999999999999982e+00,3.830000000000000071e+00,4.000000000000000083e-02,0.000000000000000000e+00,1.879999999999999893e+00,4.690000000000000391e+00,2.990000000000000213e+00,2.379999999999999893e+00,3.529999999999999805e+00,2.060000000000000053e+00,1.729999999999999982e+00,1.161999999999999922e+01,1.500000000000000000e+00,3.839999999999999858e+00,4.660000000000000142e+00,5.480000000000000426e+00,0.000000000000000000e+00,0.000000000000000000e+00,0.000000000000000000e+00,5.879999999999999893e+00,4.240000000000000213e+00,0.000000000000000000e+00,0.000000000000000000e+00,5.000000000000000000e+00
1.820000000000000062e+00,1.949999999999999956e+00,4.299999999999999933e-01,1.270000000000000018e+00,7.500000000000000000e-01,1.120000000000000107e+00,1.850000000000000089e+00,4.830000000000000071e+00,1.679999999999999938e+00,0.000000000000000000e+00,1.510000000000000009e+00,6.000000000000000000e+00,4.080000000000000071e+00,0.000000000000000000e+00,5.300000000000000266e-01,0.000000000000000000e+00,5.300000000000000266e-01,1.860000000000000098e+00,1.169999999999999929e+00,5.699999999999999512e-01,1.400000000000000133e-01,1.080000000000000071e+00,2.600000000000000089e-01,8.699999999999999956e-01,3.350000000000000089e+00,1.330000000000000071e+00,5.500000000000000444e-01,1.000000000000000000e+00,0.000000000000000000e+00,1.070000000000000062e+00,7.620000000000000107e+00,1.229999999999999982e+00,0.000000000000000000e+00,1.360000000000000098e+00,5.750000000000000000e+00,1.307000000000000028e+01,1.969999999999999973e+00,1.500000000000000000e+00,1.050000000000000044e+00,2.399999999999999911e+00,0.000000000000000000e+00,2.600000000000000089e+00,1.469999999999999973e+00,0.000000000000000000e+00,1.429999999999999938e+00,2.109999999999999876e+00,0.000000000000000000e+00,3.830000000000000071e+00,7.629999999999999893e+00,6.110000000000000320e+00,4.629999999999999893e+00,3.740000000000000213e+00,2.990000000000000213e+00,7.530000000000000249e+00,1.790000000000000036e+00,1.520000000000000018e+00,0.000000000000000000e+00,9.499999999999999556e-01,2.790000000000000036e+00,4.190000000000000391e+00,3.689999999999999947e+00,0.000000000000000000e+00,1.889999999999999902e+00,4.400000000000000022e-01,9.799999999999999822e-01,1.149999999999999911e+00,6.400000000000000133e-01,2.470000000000000195e+00,1.879999999999999893e+00,3.560000000000000053e+00,0.000000000000000000e+00,1.179999999999999938e+00,3.189999999999999947e+00,3.149999999999999911e+00,3.259999999999999787e+00,3.020000000000000018e+00,2.259999999999999787e+00,1.199999999999999956e+00,3.359999999999999876e+00,1.020000000000000018e+00,0.000000000000000000e+00,2.910000000000000142e+00,1.090000000000000080e+00,2.189999999999999947e+00,2.490000000000000213e+00,3.029999999999999805e+00,2.229999999999999982e+00,3.950000000000000178e+00,6.400000000000000133e-01,1.989999999999999991e+00,2.520000000000000018e+00,5.419999999999999929e+00,1.700000000000000122e-01,1.159999999999999920e+00,7.259999999999999787e+00,1.340000000000000080e+00,1.969999999999999973e+00,1.100000000000000089e+00,3.609999999999999876e+00,7.700000000000000178e-01,1.860000000000000098e+00,0.000000000000000000e+00,2.259999999999999787e+00,1.030000000000000027e+00,2.759999999999999787e+00,1.669999999999999929e+00,0.000000000000000000e+00,2.629999999999999893e+00,1.260000000000000009e+00,1.270000000000000018e+00,0.000000000000000000e+00,0.000000000000000000e+00,2.509999999999999787e+00,1.340000000000000080e+00,2.439999999999999947e+00,2.040000000000000036e+00,2.259999999999999787e+00,6.530000000000000249e+00,1.520000000000000018e+00,1.540000000000000036e+00,4.400000000000000022e-01,4.000000000000000222e-01,4.040000000000000036e+00,6.700000000000000400e-01,2.680000000000000160e+00,0.000000000000000000e+00,0.000000000000000000e+00,3.400000000000000244e-01,6.200000000000000178e+00,2.410000000000000142e+00,2.649999999999999911e+00,2.919999999999999929e+00,3.319999999999999840e+00,0.000000000000000000e+00,1.399999999999999911e+00,3.699999999999999956e-01,0.000000000000000000e+00,2.999999999999999889e-02,1.100000000000000006e-01,5.179999999999999716e+00,8.299999999999999600e-01,1.000000000000000000e+00,1.229999999999999982e+00,0.000000000000000000e+00,0.000000000000000000e+00,2.470000000000000195e+00,2.870000000000000107e+00,2.140000000000000124e+00,1.799999999999999933e-01,1.830000000000000071e+00,1.659999999999999920e+00,1.969999999999999973e+00,1.719999999999999973e+00,0.000000000000000000e+00,6.290000000000000036e+00,7.000000000000000666e-02,2.089999999999999858e+00,2.069999999999999840e+00,1.090000000000000080e+00,1.669999999999999929e+00,2.009999999999999787e+00,2.140000000000000124e+00,1.500000000000000000e+00,7.099999999999999645e-01,1.260000000000000009e+00,1.939999999999999947e+00,1.679999999999999938e+00,1.189999999999999947e+00,3.169999999999999929e+00,7.509999999999999787e+00,3.870000000000000107e+00,2.169999999999999929e+00,0.000000000000000000e+00,0.000000000000000000e+00,6.269999999999999574e+00,4.200000000000000178e+00,3.899999999999999911e+00,6.300000000000000044e-01,2.240000000000000213e+00,3.160000000000000142e+00,5.330000000000000071e+00,2.899999999999999800e-01,2.680000000000000160e+00,1.760000000000000009e+00,6.469999999999999751e+00,2.180000000000000160e+00,0.000000000000000000e+00,2.080000000000000071e+00,2.509999999999999787e+00,9.599999999999999645e-01
8.167000000000000171e+01,7.329999999999999716e+01,5.300000000000000266e-01,1.290000000000000036e+00,1.330000000000000071e+00,3.259999999999999787e+00,8.369999999999999218e+00,7.230000000000000426e+00,5.580000000000000071e+00,3.299999999999999822e+00,1.812000000000000099e+01,9.470000000000000639e+00,1.108999999999999986e+01,2.351999999999999957e+01,3.329999999999999716e+01,1.250000000000000000e+00,9.699999999999999734e-01,2.129999999999999893e+00,8.189999999999999503e+00,4.799999999999999822e-01,2.100000000000000089e+00,2.490000000000000213e+00,4.465999999999999659e+01,3.614000000000000057e+01,5.599999999999999645e+00,4.060000000000000142e+01,3.793999999999999773e+01,4.792000000000000171e+01,2.470000000000000195e+00,9.499999999999999556e-01,1.290000000000000036e+00,2.162000000000000099e+01,5.879999999999999893e+00,6.780000000000000249e+00,3.740000000000000213e+00,1.580000000000000071e+00,2.729999999999999982e+00,1.500000000000000000e+00,1.939999999999999947e+00,3.459999999999999964e+00,1.419999999999999929e+00,7.860000000000000320e+00,3.814000000000000057e+01,1.782000000000000028e+01,2.092999999999999972e+01,1.671000000000000085e+01,1.330000000000000071e+00,3.109999999999999876e+00,2.759999999999999787e+00,1.407000000000000028e+01,5.980000000000000426e+00,6.370000000000000107e+00,7.700000000000000178e-01,2.323999999999999844e+01,3.029999999999999805e+00,1.870000000000000107e+00,4.740000000000000213e+00,5.080000000000000071e+00,6.469999999999999751e+00,1.000000000000000021e-02,4.743999999999999773e+01,8.449999999999999289e+00,1.403999999999999915e+01,1.214000000000000057e+01,3.910000000000000142e+00,4.857000000000000028e+01,0.000000000000000000e+00,7.192000000000000171e+01,6.631000000000000227e+01,2.308999999999999986e+01,4.703000000000000114e+01,3.779999999999999805e+00,1.090000000000000080e+00,0.000000000000000000e+00,9.399999999999999467e-01,5.089999999999999858e+00,0.000000000000000000e+00,2.069999999999999840e+00,4.889999999999999680e+00,2.629999999999999893e+00,2.200000000000000011e-01,4.363000000000000256e+01,1.551999999999999957e+01,7.293000000000002103e+01,8.480000000000000426e+00,2.240000000000000213e+00,5.690999999999999659e+01,2.770000000000000018e+00,3.890000000000000124e+00,3.130999999999999872e+01,1.340000000000000080e+00,2.000000000000000111e-01,4.059999999999999609e+00,3.459999999999999964e+00,2.359999999999999876e+00,3.109999999999999876e+00,2.470000000000000195e+00,7.900000000000000355e-01,1.889999999999999902e+00,7.600000000000000089e-01,4.250000000000000000e+00,1.550000000000000044e+00,4.780000000000000249e+00,2.020000000000000018e+00,2.379999999999999893e+00,1.676000000000000156e+01,1.292999999999999972e+01,2.305999999999999872e+01,3.935000000000000142e+01,2.873000000000000043e+01,2.876999999999999957e+01,0.000000000000000000e+00,4.035000000000000142e+01,2.060000000000000053e+00,1.600000000000000033e-01,1.110000000000000098e+00,3.990000000000000213e+00,5.540000000000000036e+00,6.690000000000000391e+00,5.530000000000000249e+00,3.959999999999999964e+00,4.393999999999999773e+01,7.169999999999999929e+00,1.010000000000000009e+00,2.689999999999999947e+00,1.679999999999999938e+00,1.280000000000000071e+01,5.899999999999999689e-01,4.228999999999999915e+01,6.243999999999999773e+01,2.520000000000000018e+00,5.750000000000000000e+00,3.319999999999999840e+00,0.000000000000000000e+00,2.479999999999999982e+00,4.519999999999999574e+00,1.530000000000000027e+00,1.700000000000000122e-01,5.000000000000000000e-01,1.500000000000000000e+00,2.299999999999999822e+00,2.290000000000000036e+00,1.030000000000000027e+00,1.199999999999999956e+00,2.633999999999999986e+01,2.089999999999999858e+00,2.500000000000000000e+00,2.629999999999999893e+00,2.790000000000000036e+00,4.280000000000000249e+00,1.320000000000000062e+00,5.719999999999999751e+00,9.980000000000000426e+00,2.109999999999999876e+00,2.237999999999999901e+01,3.700000000000000178e+00,5.290000000000000036e+00,1.117999999999999972e+01,1.479999999999999982e+00,1.889999999999999902e+00,8.900000000000000133e-01,1.320000000000000062e+00,3.259999999999999787e+00,2.379999999999999893e+00,4.610000000000000320e+00,8.849999999999999645e+00,6.049999999999999822e+00,3.220000000000000195e+00,1.828999999999999915e+01,3.456000000000000227e+01,6.498999999999999488e+01,2.520000000000000018e+00,0.000000000000000000e+00,1.280000000000000027e+00,2.301000000000000156e+01,4.330000000000000071e+00,4.599999999999999645e+00,0.000000000000000000e+00,2.759999999999999787e+00,4.740000000000000213e+00,8.619999999999999218e+00,2.339999999999999858e+00,1.350000000000000089e+00,0.000000000000000000e+00,3.479999999999999982e+00,7.490000000000000213e+00,0.000000000000000000e+00,1.655000000000000071e+01,5.854999999999999716e+01,0.000000000000000000e+00
4.780000000000000249e+00,4.870000000000000107e+00,3.839999999999999858e+00,3.500000000000000000e+00,1.719999999999999973e+00,6.309999999999999609e+00,3.620000000000000107e+00,3.640000000000000124e+00,3.830000000000000071e+00,0.000000000000000000e+00,3.209999999999999964e+00,5.929999999999999716e+00,7.219999999999999751e+00,4.759999999999999787e+00,4.110000000000000320e+00,0.000000000000000000e+00,2.029999999999999805e+00,4.910000000000000142e+00,6.419999999999999929e+00,0.000000000000000000e+00,4.339000000000000057e+01,5.975999999999999801e+01,3.120000000000000107e+00,5.129999999999999893e+00,6.870000000000000107e+00,5.030000000000000249e+00,4.759999999999999787e+00,0.000000000000000000e+00,8.320000000000000284e+00,2.899999999999999911e+00,7.269999999999999574e+00,6.200000000000000178e+00,2.129999999999999893e+00,1.249000000000000021e+01,3.089999999999999858e+00,3.560000000000000053e+00,5.740000000000000213e+00,3.490000000000000213e+00,2.049999999999999822e+00,7.019999999999999574e+00,0.000000000000000000e+00,2.779999999999999805e+00,8.529999999999999361e+00,5.660000000000000142e+00,3.410000000000000142e+00,1.729999999999999982e+00,4.899999999999999911e-01,7.000000000000000000e+00,9.539999999999999147e+00,6.629999999999999893e+00,7.610000000000000320e+00,2.229999999999999982e+00,2.390000000000000124e+00,1.626999999999999957e+01,3.009999999999999787e+00,1.276999999999999957e+01,4.070000000000000284e+00,6.500000000000000000e+00,9.589999999999999858e+00,0.000000000000000000e+00,1.729999999999999982e+00,1.080000000000000071e+00,1.229999999999999982e+00,6.129999999999999893e+00,1.830000000000000071e+00,1.239999999999999991e+00,5.509999999999999787e+00,2.557000000000000028e+01,1.814000000000000057e+01,6.259999999999999787e+00,1.510000000000000009e+00,5.709999999999999964e+00,8.869999999999997442e+00,5.509999999999999787e+00,8.460000000000000853e+00,3.810000000000000053e+00,0.000000000000000000e+00,1.669999999999999929e+00,4.990000000000000213e+00,1.949999999999999956e+00,0.000000000000000000e+00,1.047000000000000064e+01,5.809999999999999609e+00,3.810000000000000053e+00,1.719000000000000128e+01,5.219999999999999751e+00,6.219999999999999751e+00,8.089999999999999858e+00,3.620000000000000107e+00,1.006000000000000050e+01,6.450000000000000178e+00,5.070000000000000284e+00,3.520000000000000018e+00,2.200000000000000178e+00,4.719999999999999751e+00,4.410000000000000142e+00,7.980000000000000426e+00,1.780000000000000027e+00,4.330000000000000071e+00,1.500000000000000000e+00,6.360000000000000320e+00,4.089999999999999858e+00,5.759999999999999787e+00,4.490000000000000213e+00,3.389000000000000057e+01,1.500000000000000000e+00,5.160000000000000142e+00,1.116000000000000014e+01,4.410000000000000142e+00,1.060000000000000053e+00,2.950000000000000178e+00,9.499999999999999556e-01,6.419999999999999929e+00,3.180000000000000160e+00,6.169999999999999929e+00,3.509999999999999787e+00,7.269999999999999574e+00,2.319999999999999840e+00,1.820000000000000062e+00,3.109999999999999876e+00,3.140000000000000124e+00,4.910000000000000142e+00,1.200000000000000000e+01,3.240000000000000213e+00,5.940000000000000391e+00,0.000000000000000000e+00,0.000000000000000000e+00,0.000000000000000000e+00,1.019999999999999929e+01,9.080000000000000071e+00,2.609999999999999876e+00,7.709999999999999964e+00,6.790000000000000036e+00,0.000000000000000000e+00,4.809999999999999609e+00,3.689999999999999947e+00,3.438000000000000256e+01,8.179999999999999716e+00,1.635000000000000142e+01,3.750000000000000000e+00,6.070000000000000284e+00,1.042999999999999972e+01,4.700000000000000178e+00,2.908999999999999986e+01,4.150000000000000355e+00,8.160000000000000142e+00,8.580000000000000071e+00,8.560000000000000497e+00,6.049999999999999822e+00,1.597000000000000064e+01,5.919999999999999929e+00,1.125000000000000000e+01,5.040000000000000036e+00,8.419999999999999929e+00,5.690000000000000391e+00,8.059999999999998010e+01,8.293999999999999773e+01,1.527999999999999936e+01,5.625000000000000000e+01,5.550999999999999801e+01,4.343999999999999773e+01,2.008999999999999986e+01,5.471999999999999886e+01,1.002999999999999936e+01,2.126999999999999957e+01,5.320000000000000284e+00,5.179999999999999716e+00,3.680000000000000160e+00,5.740000000000000213e+00,5.870000000000000107e+00,9.830000000000000071e+00,0.000000000000000000e+00,0.000000000000000000e+00,0.000000000000000000e+00,8.160000000000000142e+00,1.024000000000000021e+01,9.890000000000000568e+00,0.000000000000000000e+00,4.349999999999999645e+00,4.690000000000000391e+00,2.680000000000000160e+00,1.929999999999999938e+00,9.679999999999999716e+00,3.060000000000000053e+00,1.939000000000000057e+01,1.780000000000000027e+00,0.000000000000000000e+00,1.870000000000000107e+00,2.600000000000000089e-01,0.000000000000000000e+00
4.639999999999999680e+00,4.040000000000000036e+00,4.000000000000000083e-02,1.520000000000000018e+00,2.009999999999999787e+00,2.910000000000000142e+00,4.040000000000000036e+00,3.049999999999999822e+00,2.709999999999999964e+00,4.099999999999999756e-01,2.040000000000000036e+00,2.450000000000000178e+00,3.919999999999999929e+00,2.629999999999999893e+00,1.870000000000000107e+00,1.780000000000000027e+00,3.129999999999999893e+00,4.799999999999999822e+00,4.879999999999999893e+00,3.220000000000000195e+00,1.040000000000000036e+00,1.370000000000000107e+00,6.700000000000000400e-01,8.800000000000000044e-01,2.339999999999999858e+00,2.370000000000000107e+00,1.189999999999999947e+00,3.790000000000000036e+00,6.059999999999999609e+00,1.330000000000000071e+00,0.000000000000000000e+00,2.009999999999999787e+00,9.399999999999999467e-01,0.000000000000000000e+00,2.720000000000000195e+00,4.320000000000000284e+00,1.719999999999999973e+00,3.499999999999999778e-01,2.209999999999999964e+00,3.759999999999999787e+00,3.450000000000000178e+00,3.790000000000000036e+00,6.999999999999999556e-01,9.599999999999999645e-01,1.770000000000000018e+00,1.064000000000000057e+01,2.020000000000000018e+00,5.500000000000000000e+00,8.349999999999999645e+00,6.790000000000000036e+00,5.370000000000000107e+00,1.610000000000000098e+00,0.000000000000000000e+00,1.330000000000000071e+01,5.549999999999999822e+00,3.080000000000000071e+00,3.660000000000000142e+00,2.750000000000000000e+00,4.110000000000000320e+00,0.000000000000000000e+00,2.069999999999999840e+00,2.970000000000000195e+00,2.200000000000000011e-01,3.839999999999999858e+00,1.900000000000000022e-01,0.000000000000000000e+00,0.000000000000000000e+00,1.780000000000000027e+00,1.780000000000000027e+00,5.780000000000000249e+00,0.000000000000000000e+00,1.729999999999999982e+00,3.290000000000000036e+00,1.750000000000000000e+00,3.350000000000000089e+00,3.129999999999999893e+00,0.000000000000000000e+00,1.949999999999999956e+00,9.939999999999999503e+00,3.279999999999999805e+00,7.800000000000000266e-01,7.879999999999999893e+00,4.540000000000000036e+00,1.489999999999999991e+00,6.209999999999999964e+00,6.700000000000000400e-01,2.899999999999999911e+00,4.370000000000000107e+00,2.779999999999999805e+00,2.479999999999999982e+00,3.779999999999999805e+00,4.589999999999999858e+00,0.000000000000000000e+00,1.770000000000000018e+00,5.360000000000000320e+00,2.549999999999999822e+00,5.740000000000000213e+00,3.699999999999999956e-01,1.780000000000000027e+00,6.899999999999999467e-01,1.969999999999999973e+00,3.400000000000000244e-01,3.700000000000000178e+00,1.510000000000000009e+00,1.919999999999999929e+00,1.629999999999999893e+00,4.530000000000000249e+00,4.929999999999999716e+00,1.780000000000000027e+00,3.200000000000000067e-01,0.000000000000000000e+00,1.409999999999999920e+00,6.009999999999999787e+00,1.909999999999999920e+00,3.040000000000000036e+00,3.509999999999999787e+00,4.389999999999999680e+00,0.000000000000000000e+00,2.299999999999999822e+00,8.800000000000000044e-01,1.799999999999999933e-01,2.830000000000000071e+00,6.650000000000000355e+00,2.089999999999999858e+00,4.219999999999999751e+00,0.000000000000000000e+00,4.339999999999999858e+00,1.330000000000000071e+00,1.225999999999999979e+01,6.660000000000000142e+00,3.799999999999999822e+00,5.300000000000000266e-01,3.979999999999999982e+00,3.970000000000000195e+00,1.350000000000000089e+00,1.889999999999999902e+00,0.000000000000000000e+00,1.020000000000000018e+00,2.223999999999999844e+01,3.000000000000000000e+00,3.319999999999999840e+00,3.209999999999999964e+00,9.599999999999999645e-01,1.169999999999999929e+00,3.680000000000000160e+00,1.969999999999999973e+00,1.979999999999999982e+00,2.250000000000000000e+00,4.549999999999999822e+00,2.620000000000000107e+00,2.100000000000000089e+00,3.319999999999999840e+00,1.790000000000000036e+00,4.269999999999999574e+00,5.500000000000000000e+00,1.639999999999999902e+00,1.310000000000000053e+00,6.219999999999999751e+00,1.590000000000000080e+00,0.000000000000000000e+00,1.120000000000000107e+00,1.189999999999999947e+00,2.759999999999999787e+00,0.000000000000000000e+00,0.000000000000000000e+00,3.140000000000000124e+00,1.320000000000000062e+00,2.990000000000000213e+00,3.080000000000000071e+00,2.729999999999999982e+00,2.300000000000000100e-01,2.600000000000000089e+00,0.000000000000000000e+00,1.949999999999999956e+00,7.269999999999999574e+00,6.919999999999999929e+00,5.759999999999999787e+00,0.000000000000000000e+00,1.750000000000000000e+00,4.179999999999999716e+00,1.790000000000000036e+00,2.299999999999999822e+00,1.439999999999999947e+00,0.000000000000000000e+00,2.819999999999999840e+00,4.639999999999999680e+00,1.370000000000000107e+00,1.419999999999999929e+00,1.310000000000000053e+00,2.479999999999999982e+00
4.269999999999999574e+00,4.440000000000000391e+00,1.719999999999999973e+00,6.800000000000000488e-01,1.820000000000000062e+00,4.259999999999999787e+00,3.859999999999999876e+00,4.160000000000000142e+00,1.830000000000000071e+00,0.000000000000000000e+00,2.160000000000000142e+00,3.029999999999999805e+00,5.540000000000000036e+00,3.669999999999999929e+00,3.060000000000000053e+00,0.000000000000000000e+00,1.300000000000000044e-01,1.699999999999999956e+00,3.319999999999999840e+00,4.899999999999999911e-01,1.729999999999999982e+00,0.000000000000000000e+00,4.320000000000000284e+00,7.429999999999999716e+00,0.000000000000000000e+00,6.610000000000000320e+00,3.589999999999999858e+00,0.000000000000000000e+00,9.580000000000000071e+00,7.490000000000000213e+00,4.610000000000000320e+00,1.889999999999999902e+00,8.299999999999999600e-01,0.000000000000000000e+00,1.129999999999999893e+00,2.220000000000000195e+00,3.549999999999999822e+00,3.339999999999999858e+00,2.520000000000000018e+00,1.234999999999999964e+01,0.000000000000000000e+00,1.760000000000000009e+00,2.899999999999999911e+00,6.600000000000000311e-01,3.450000000000000178e+00,1.879999999999999893e+00,6.300000000000000044e-01,1.179999999999999938e+00,6.290000000000000036e+00,5.639999999999999680e+00,4.519999999999999574e+00,1.580000000000000071e+00,6.099999999999999867e-01,3.339999999999999858e+00,0.000000000000000000e+00,2.729999999999999982e+00,6.089999999999999858e+00,5.799999999999999822e+00,5.690000000000000391e+00,1.179999999999999938e+00,1.439999999999999947e+00,0.000000000000000000e+00,2.740000000000000213e+00,2.979999999999999982e+00,2.569999999999999840e+00,3.580000000000000071e+00,1.409999999999999920e+00,5.129999999999999893e+00,4.549999999999999822e+00,4.209999999999999964e+00,0.000000000000000000e+00,1.530000000000000027e+00,4.019999999999999574e+00,8.400000000000000355e+00,3.069999999999999840e+00,1.820000000000000062e+00,1.389999999999999902e+00,1.350000000000000089e+00,4.070000000000000284e+00,1.969999999999999973e+00,0.000000000000000000e+00,7.900000000000000355e-01,5.610000000000000320e+00,3.939999999999999947e+00,1.659999999999999920e+00,4.250000000000000000e+00,4.009999999999999787e+00,3.810000000000000053e+00,2.470000000000000195e+00,4.110000000000000320e+00,3.310000000000000053e+00,1.199999999999999956e+00,3.450000000000000178e+00,4.650000000000000355e+00,8.449999999999999289e+00,1.189999999999999947e+00,4.129999999999999893e+00,4.580000000000000071e+00,8.980000000000000426e+00,1.149999999999999911e+00,2.319999999999999840e+00,1.949999999999999956e+00,0.000000000000000000e+00,1.429999999999999938e+00,4.709999999999999964e+00,1.260000000000000009e+00,3.200000000000000178e+00,5.599999999999999645e+00,2.140000000000000124e+00,2.500000000000000000e-01,9.119999999999999218e+00,0.000000000000000000e+00,3.930000000000000160e+00,1.750000000000000000e+00,4.320000000000000284e+00,0.000000000000000000e+00,3.330000000000000071e+00,8.490000000000000213e+00,1.540000000000000036e+00,3.049999999999999822e+00,1.790000000000000036e+00,7.799999999999999822e+00,6.290000000000000036e+00,1.419999999999999929e+00,4.830000000000000071e+00,0.000000000000000000e+00,2.589999999999999858e+00,0.000000000000000000e+00,6.480000000000000426e+00,4.299999999999999822e+00,1.270000000000000018e+00,2.759999999999999787e+00,4.320000000000000284e+00,6.700000000000000400e-01,4.019999999999999574e+00,2.310000000000000053e+00,2.000000000000000111e-01,0.000000000000000000e+00,0.000000000000000000e+00,7.826000000000001933e+01,7.190000000000000391e+00,1.399999999999999911e+00,1.580000000000000071e+00,0.000000000000000000e+00,1.379999999999999893e+00,5.360000000000000320e+00,7.730000000000000426e+00,5.799999999999999822e+00,3.410000000000000142e+00,3.609999999999999876e+00,3.189999999999999947e+00,7.339999999999999858e+00,1.739999999999999991e+00,3.399999999999999911e+00,9.369999999999999218e+00,2.060000000000000053e+00,2.129999999999999893e+00,7.480000000000000426e+00,1.320000000000000062e+00,3.500000000000000000e+00,1.560000000000000053e+00,2.120000000000000107e+00,8.609999999999999432e+00,2.089999999999999858e+00,1.520000000000000018e+00,2.259999999999999787e+00,4.320000000000000284e+00,1.989999999999999991e+00,4.469999999999999751e+00,3.549999999999999822e+00,7.250000000000000000e+00,0.000000000000000000e+00,0.000000000000000000e+00,0.000000000000000000e+00,1.735999999999999943e+01,4.030000000000000249e+00,1.820000000000000062e+00,2.600000000000000089e-01,3.800000000000000044e-01,4.599999999999999645e+00,2.000000000000000000e+00,6.800000000000000488e-01,3.189999999999999947e+00,5.999999999999999778e-01,1.063000000000000078e+01,3.339999999999999858e+00,0.000000000000000000e+00,1.169999999999999929e+00,2.410000000000000142e+00,0.000000000000000000e+00
3.160000000000000142e+00,1.810000000000000053e+00,9.100000000000000311e-01,2.910000000000000142e+00,2.049999999999999822e+00,3.589999999999999858e+00,5.209999999999999964e+00,3.660000000000000142e+00,0.000000000000000000e+00,0.000000000000000000e+00,2.720000000000000195e+00,6.750000000000000000e+00,9.150000000000000355e+00,2.379999999999999893e+00,0.000000000000000000e+00,0.000000000000000000e+00,7.900000000000000355e-01,4.620000000000000107e+00,4.290000000000000036e+00,0.000000000000000000e+00,5.330000000000000071e+00,3.599999999999999867e-01,2.629999999999999893e+00,3.939999999999999947e+00,0.000000000000000000e+00,2.779999999999999805e+00,7.900000000000000355e-01,0.000000000000000000e+00,6.549999999999999822e+00,2.959999999999999964e+00,1.050000000000000044e+00,2.040000000000000036e+00,2.419999999999999929e+00,4.419999999999999929e+00,4.389999999999999680e+00,6.740000000000000213e+00,5.019999999999999574e+00,4.429999999999999716e+00,3.459999999999999964e+00,8.699999999999999289e+00,8.399999999999999689e-01,1.629999999999999893e+00,3.490000000000000213e+00,2.800000000000000266e-01,4.349999999999999645e+00,1.080000000000000071e+00,1.290000000000000036e+00,3.569999999999999840e+00,9.140000000000000568e+00,1.010999999999999943e+01,3.359999999999999876e+00,2.939999999999999947e+00,3.821999999999999886e+01,9.029999999999999361e+00,1.530000000000000027e+00,5.219999999999999751e+00,7.759999999999999787e+00,1.176999999999999957e+01,1.233999999999999986e+01,4.669999999999999929e+00,1.290000000000000036e+00,6.999999999999999556e-01,5.990000000000000213e+00,5.860000000000000320e+00,3.810000000000000053e+00,2.609999999999999876e+00,6.320000000000000284e+00,2.979999999999999982e+00,1.929999999999999938e+00,6.759999999999999787e+00,0.000000000000000000e+00,8.859999999999997655e+00,6.459999999999999964e+00,1.224000000000000021e+01,1.048000000000000043e+01,4.059999999999999609e+00,2.740000000000000213e+00,2.629999999999999893e+00,4.280000000000000249e+00,4.030000000000000249e+00,0.000000000000000000e+00,3.990000000000000213e+00,7.950000000000000178e+00,3.560000000000000053e+00,1.689999999999999947e+00,5.179999999999999716e+00,5.290000000000000036e+00,5.610000000000000320e+00,1.510000000000000009e+00,3.109999999999999876e+00,8.160000000000000142e+00,5.860000000000000320e+00,3.729999999999999982e+00,6.150000000000000355e+00,1.447000000000000064e+01,6.650000000000000355e+00,5.309999999999999609e+00,2.839999999999999858e+00,6.650000000000000355e+00,2.770000000000000018e+00,2.629999999999999893e+00,2.180000000000000160e+00,5.759999999999999787e+00,2.299999999999999822e+00,6.099999999999999645e+00,1.989999999999999991e+00,2.939999999999999947e+00,5.469999999999999751e+00,2.419999999999999929e+00,1.780000000000000027e+00,3.020000000000000018e+00,0.000000000000000000e+00,3.390000000000000124e+00,4.639999999999999680e+00,3.459999999999999964e+00,1.919999999999999929e+00,2.410000000000000142e+00,6.000000000000000000e+00,1.709999999999999964e+00,3.209999999999999964e+00,3.959999999999999964e+00,0.000000000000000000e+00,9.410000000000000142e+00,3.600000000000000089e+00,7.269999999999999574e+00,0.000000000000000000e+00,6.950000000000000178e+00,0.000000000000000000e+00,6.440000000000000391e+00,1.439999999999999947e+00,2.799999999999999822e+00,3.089999999999999858e+00,8.339999999999999858e+00,0.000000000000000000e+00,5.780000000000000249e+00,1.159999999999999920e+00,3.099999999999999978e-01,0.000000000000000000e+00,5.999999999999999778e-02,5.969999999999999751e+00,8.150000000000000355e+00,4.169999999999999929e+00,9.200000000000000400e-01,2.120000000000000107e+00,1.300000000000000044e+00,5.230000000000000426e+00,5.570000000000000284e+00,5.650000000000000355e+00,5.910000000000000142e+00,6.280000000000000249e+00,3.899999999999999911e+00,4.669999999999999929e+00,4.009999999999999787e+00,4.150000000000000355e+00,4.730000000000000426e+00,2.339999999999999858e+00,3.450000000000000178e+00,7.860000000000000320e+00,1.840000000000000080e+00,3.169999999999999929e+00,8.000000000000000444e-01,3.279999999999999805e+00,5.570000000000000284e+00,1.320000000000000062e+00,2.870000000000000107e+00,1.919999999999999929e+00,3.560000000000000053e+00,5.250000000000000000e+00,4.860000000000000320e+00,6.000000000000000000e+00,1.407000000000000028e+01,0.000000000000000000e+00,0.000000000000000000e+00,6.400000000000000133e-01,1.083999999999999986e+01,8.730000000000000426e+00,3.689999999999999947e+00,0.000000000000000000e+00,6.790000000000000036e+00,7.870000000000000107e+00,6.610000000000000320e+00,1.510000000000000009e+00,4.820000000000000284e+00,2.399999999999999911e+00,1.224000000000000021e+01,7.080000000000000071e+00,0.000000000000000000e+00,1.840000000000000080e+00,2.930000000000000160e+00,2.850000000000000089e+00
7.780000000000000249e+00,5.889999999999999680e+00,1.139999999999999902e+00,5.300000000000000266e-01,2.140000000000000124e+00,3.439999999999999947e+00,1.899999999999999911e+00,2.089999999999999858e+00,4.200000000000000178e+00,0.000000000000000000e+00,5.709999999999999964e+00,1.600000000000000089e+00,5.620000000000000107e+00,2.200000000000000178e+00,1.669999999999999929e+00,2.430000000000000160e+00,5.999999999999999778e-02,2.419999999999999929e+00,2.750000000000000000e+00,0.000000000000000000e+00,2.459999999999999964e+00,7.500000000000000000e-01,3.709999999999999964e+00,2.140000000000000124e+00,0.000000000000000000e+00,6.049999999999999822e+00,3.270000000000000018e+00,1.939999999999999947e+00,4.620000000000000107e+00,2.620000000000000107e+00,5.759999999999999787e+00,9.499999999999999556e-01,5.000000000000000000e-01,1.449999999999999956e+00,1.729999999999999982e+00,3.470000000000000195e+00,6.089999999999999858e+00,2.750000000000000000e+00,2.009999999999999787e+00,6.160000000000000142e+00,0.000000000000000000e+00,1.219999999999999973e+00,2.500000000000000000e+00,2.580000000000000071e+00,3.689999999999999947e+00,2.000000000000000000e+00,5.899999999999999689e-01,3.500000000000000000e+00,6.160000000000000142e+00,5.940000000000000391e+00,2.220000000000000195e+00,1.860000000000000098e+00,0.000000000000000000e+00,8.800000000000002487e+00,0.000000000000000000e+00,3.529999999999999805e+00,1.350000000000000089e+00,4.219999999999999751e+00,5.339999999999999858e+00,2.419999999999999929e+00,2.370000000000000107e+00,0.000000000000000000e+00,5.830000000000000071e+00,9.279999999999999361e+00,1.590000000000000080e+00,4.530000000000000249e+00,5.669999999999999929e+00,5.730000000000000426e+00,5.719999999999999751e+00,7.160000000000000142e+00,1.030000000000000027e+00,1.653000000000000114e+01,4.370000000000000107e+00,7.410000000000000142e+00,5.700000000000000178e+00,6.600000000000000311e-01,1.969999999999999973e+00,8.199999999999999512e-01,4.469999999999999751e+00,2.080000000000000071e+00,1.600000000000000033e-01,3.450000000000000178e+00,4.889999999999999680e+00,4.469999999999999751e+00,1.500000000000000000e+00,4.419999999999999929e+00,3.330000000000000071e+00,3.040000000000000036e+00,0.000000000000000000e+00,2.479999999999999982e+00,4.919999999999999929e+00,3.450000000000000178e+00,3.270000000000000018e+00,4.849999999999999645e+00,7.589999999999999858e+00,5.709999999999999964e+00,5.129999999999999893e+00,2.229999999999999982e+00,4.190000000000000391e+00,1.219999999999999973e+00,1.239999999999999991e+00,1.020000000000000018e+00,2.149999999999999911e+00,2.520000000000000018e+00,4.280000000000000249e+00,0.000000000000000000e+00,2.879999999999999893e+00,2.689999999999999947e+00,2.080000000000000071e+00,7.600000000000000089e-01,3.669999999999999929e+00,0.000000000000000000e+00,3.020000000000000018e+00,1.600000000000000089e+00,5.750000000000000000e+00,7.800000000000000266e-01,2.680000000000000160e+00,5.240000000000000213e+00,2.229999999999999982e+00,3.939999999999999947e+00,1.489999999999999991e+00,2.950000000000000178e+00,6.379999999999999893e+00,1.949999999999999956e+00,4.900000000000000355e+00,0.000000000000000000e+00,1.639999999999999902e+00,0.000000000000000000e+00,4.620000000000000107e+00,4.530000000000000249e+00,0.000000000000000000e+00,3.509999999999999787e+00,1.500000000000000000e+00,0.000000000000000000e+00,3.799999999999999822e+00,4.099999999999999756e-01,1.729999999999999982e+00,1.000000000000000021e-02,1.129999999999999893e+00,5.019999999999999574e+00,6.429999999999999716e+00,1.629999999999999893e+00,9.899999999999999911e-01,5.400000000000000355e-01,1.570000000000000062e+00,6.679999999999999716e+00,6.870000000000000107e+00,6.269999999999999574e+00,3.509999999999999787e+00,2.459999999999999964e+00,2.000000000000000000e+00,3.750000000000000000e+00,9.429999999999999716e+00,1.479999999999999982e+00,5.879999999999999893e+00,2.040000000000000036e+00,1.110000000000000098e+00,9.509999999999999787e+00,0.000000000000000000e+00,4.000000000000000222e-01,0.000000000000000000e+00,4.600000000000000200e-01,3.339999999999999858e+00,0.000000000000000000e+00,4.400000000000000022e-01,6.700000000000000400e-01,3.279999999999999805e+00,4.480000000000000426e+00,1.892999999999999972e+01,5.339999999999999858e+00,7.700000000000000178e+00,0.000000000000000000e+00,0.000000000000000000e+00,0.000000000000000000e+00,6.349999999999999645e+00,3.700000000000000178e+00,3.879999999999999893e+00,0.000000000000000000e+00,3.589999999999999858e+00,4.669999999999999929e+00,2.009999999999999787e+00,3.200000000000000067e-01,4.230000000000000426e+00,1.850000000000000089e+00,1.131000000000000050e+01,2.930000000000000160e+00,0.000000000000000000e+00,1.000000000000000021e-02,1.129999999999999893e+00,3.620000000000000107e+00
3.046000000000000085e+01,5.730000000000000426e+00,0.000000000000000000e+00,0.000000000000000000e+00,0.000000000000000000e+00,0.000000000000000000e+00,1.139999999999999902e+00,1.689999999999999947e+00,1.040000000000000036e+00,0.000000000000000000e+00,0.000000000000000000e+00,0.000000000000000000e+00,2.040000000000000036e+00,8.000000000000000444e-01,6.199999999999999956e-01,3.099999999999999978e-01,0.000000000000000000e+00,0.000000000000000000e+00,0.000000000000000000e+00,1.000000000000000056e-01,0.000000000000000000e+00,1.020000000000000018e+00,0.000000000000000000e+00,1.030000000000000027e+00,2.330000000000000071e+00,1.860000000000000098e+00,1.110000000000000098e+00,1.429999999999999938e+00,0.000000000000000000e+00,0.000000000000000000e+00,4.990000000000000213e+00,6.099999999999999867e-01,3.950000000000000178e+00,2.609999999999999876e+00,1.000000000000000000e+00,3.330000000000000071e+00,6.899999999999999467e-01,8.299999999999999600e-01,4.199999999999999845e-01,0.000000000000000000e+00,6.530000000000000249e+00,3.599999999999999867e-01,3.790000000000000036e+00,3.099999999999999978e-01,0.000000000000000000e+00,2.500000000000000000e-01,0.000000000000000000e+00,0.000000000000000000e+00,1.799999999999999933e-01,0.000000000000000000e+00,1.399999999999999911e+00,4.000000000000000083e-02,3.300000000000000155e-01,0.000000000000000000e+00,1.510000000000000009e+00,0.000000000000000000e+00,0.000000000000000000e+00,4.699999999999999734e-01,1.790000000000000036e+00,1.449999999999999956e+00,7.800000000000000266e-01,5.660000000000000142e+00,0.000000000000000000e+00,5.330000000000000071e+00,1.689999999999999947e+00,2.859999999999999876e+00,1.729999999999999982e+00,1.149999999999999911e+00,1.159999999999999920e+00,1.800000000000000044e+00,0.000000000000000000e+00,6.589999999999999858e+00,3.699999999999999956e-01,8.599999999999999867e-01,2.910000000000000142e+00,0.000000000000000000e+00,4.919999999999999929e+00,1.000000000000000021e-02,3.400000000000000244e-01,3.800000000000000044e-01,0.000000000000000000e+00,1.992999999999999972e+01,1.620000000000000107e+00,8.900000000000000133e-01,7.900000000000000355e-01,8.000000000000000444e-01,2.200000000000000178e+00,5.950000000000000178e+00,3.669999999999999929e+00,4.260999999999999943e+01,1.600000000000000089e+00,1.389999999999999902e+00,1.959999999999999964e+00,5.100000000000000089e-01,9.400000000000000355e+00,2.999999999999999889e-01,2.700000000000000178e+00,0.000000000000000000e+00,0.000000000000000000e+00,4.799999999999999822e-01,1.590000000000000080e+00,0.000000000000000000e+00,0.000000000000000000e+00,1.489999999999999991e+00,2.120000000000000107e+00,8.000000000000000444e-01,4.900000000000000355e+00,3.189999999999999858e+01,7.500000000000000000e-01,5.000000000000000000e-01,3.799999999999999822e+00,0.000000000000000000e+00,3.400000000000000244e-01,3.499999999999999778e-01,5.100000000000000089e-01,4.899999999999999911e-01,2.270000000000000018e+00,2.129999999999999893e+00,2.169999999999999929e+00,6.400000000000000133e-01,2.000000000000000042e-02,0.000000000000000000e+00,1.760000000000000009e+00,0.000000000000000000e+00,0.000000000000000000e+00,0.000000000000000000e+00,0.000000000000000000e+00,0.000000000000000000e+00,1.418999999999999950e+01,1.528999999999999915e+01,2.200000000000000011e-01,2.850000000000000089e+00,0.000000000000000000e+00,0.000000000000000000e+00,6.700000000000000400e-01,1.429999999999999938e+00,3.200000000000000067e-01,5.600000000000000533e-01,5.100000000000000089e-01,1.199999999999999956e+00,2.919999999999999929e+00,3.900000000000000133e-01,3.499999999999999778e-01,3.099999999999999978e-01,1.700000000000000122e-01,9.500000000000000000e+00,1.461999999999999922e+01,7.070000000000000284e+00,5.899999999999999689e-01,1.040000000000000036e+00,2.319999999999999840e+00,2.990000000000000213e+00,2.689999999999999947e+00,0.000000000000000000e+00,2.000000000000000000e+00,4.129999999999999893e+00,5.639999999999999680e+00,3.080000000000000071e+00,6.600000000000000311e-01,1.320000000000000062e+00,6.400000000000000133e-01,7.600000000000000089e-01,0.000000000000000000e+00,7.500000000000000000e-01,3.200000000000000067e-01,9.699999999999999734e-01,5.600000000000000533e-01,5.500000000000000444e-01,1.639999999999999902e+00,8.000000000000000444e-01,0.000000000000000000e+00,1.600000000000000033e-01,4.199999999999999845e-01,0.000000000000000000e+00,2.540000000000000036e+00,0.000000000000000000e+00,0.000000000000000000e+00,0.000000000000000000e+00,5.999999999999999778e-01,4.199999999999999845e-01,2.800000000000000266e-01,0.000000000000000000e+00,1.729999999999999982e+00,2.080000000000000071e+00,3.259999999999999787e+00,6.999999999999999556e-01,1.040000000000000036e+00,1.129999999999999893e+00,1.050000000000000044e+00,2.149999999999999911e+00
6.059999999999999609e+00,7.299999999999999822e+00,1.900000000000000022e-01,1.030000000000000027e+00,6.400000000000000133e-01,1.669999999999999929e+00,1.469999999999999973e+00,3.109999999999999876e+00,1.169999999999999929e+00,0.000000000000000000e+00,1.350000000000000089e+00,9.399999999999999467e-01,3.069999999999999840e+00,1.219999999999999973e+00,1.679999999999999938e+00,0.000000000000000000e+00,1.499999999999999944e-01,8.599999999999999867e-01,1.580000000000000071e+00,1.010000000000000009e+00,0.000000000000000000e+00,0.000000000000000000e+00,2.229999999999999982e+00,7.800000000000000266e-01,6.700000000000000400e-01,1.250000000000000000e+00,2.080000000000000071e+00,1.989999999999999991e+00,7.570000000000000284e+00,5.440000000000000391e+00,3.790000000000000036e+00,1.459999999999999964e+00,1.510000000000000009e+00,7.800000000000000266e-01,1.979999999999999982e+00,1.489999999999999991e+00,1.239999999999999991e+00,7.600000000000000089e-01,0.000000000000000000e+00,8.240000000000000213e+00,9.499999999999999556e-01,1.060000000000000053e+00,4.830000000000000071e+00,4.870000000000000107e+00,1.929999999999999938e+00,7.759999999999998010e+01,0.000000000000000000e+00,2.560000000000000053e+00,5.969999999999999751e+00,4.709999999999999964e+00,4.419999999999999929e+00,3.870000000000000107e+00,1.910000000000000142e+01,7.634000000000000341e+01,2.140000000000000124e+00,1.379999999999999893e+00,3.020000000000000018e+00,0.000000000000000000e+00,3.560000000000000053e+00,1.610000000000000098e+00,3.689999999999999947e+00,0.000000000000000000e+00,8.800000000000000044e-01,0.000000000000000000e+00,4.899999999999999911e-01,1.129999999999999893e+00,5.120000000000000107e+00,7.549999999999999822e+00,6.849999999999999645e+00,4.400000000000000355e+00,6.459999999999999964e+00,5.799999999999999600e-01,5.300000000000000266e-01,2.169999999999999929e+00,5.379999999999999893e+00,9.000000000000000222e-01,0.000000000000000000e+00,4.899999999999999911e-01,0.000000000000000000e+00,6.899999999999999467e-01,2.000000000000000111e-01,4.889999999999999680e+00,2.870000000000000107e+00,2.060000000000000053e+00,3.720000000000000195e+00,2.120000000000000107e+00,4.639999999999999680e+00,1.530000000000000027e+00,8.399999999999999689e-01,1.659999999999999920e+00,1.679999999999999938e+00,7.800000000000000266e-01,9.000000000000000222e-01,4.349999999999999645e+00,1.035999999999999943e+01,1.750000000000000000e+00,2.740000000000000213e+00,3.339999999999999858e+00,7.910000000000000142e+00,4.000000000000000222e-01,8.000000000000000167e-02,0.000000000000000000e+00,0.000000000000000000e+00,5.799999999999999600e-01,3.569999999999999840e+00,4.129999999999999893e+00,2.910000000000000142e+00,2.959999999999999964e+00,3.790000000000000036e+00,2.979999999999999982e+00,2.959999999999999964e+00,5.799999999999999600e-01,3.540000000000000036e+00,2.399999999999999911e+00,3.319999999999999840e+00,0.000000000000000000e+00,3.689999999999999947e+00,6.940000000000000391e+00,2.549999999999999822e+00,1.499999999999999944e-01,2.200000000000000178e+00,0.000000000000000000e+00,5.019999999999999574e+00,7.199999999999999734e-01,1.580000000000000071e+00,0.000000000000000000e+00,3.250000000000000000e+00,1.499999999999999944e-01,7.209999999999999964e+00,3.140000000000000124e+00,1.250000000000000000e+00,1.090000000000000080e+00,1.929999999999999938e+00,1.729999999999999982e+00,8.199999999999999512e-01,5.999999999999999778e-02,8.299999999999999600e-01,0.000000000000000000e+00,7.900000000000000355e-01,1.280000000000000027e+00,2.470000000000000195e+00,6.700000000000000400e-01,8.000000000000000167e-02,2.600000000000000089e-01,1.250000000000000000e+00,1.100000000000000089e+00,9.499999999999999556e-01,1.290000000000000036e+00,1.659999999999999920e+00,9.499999999999999556e-01,1.889999999999999902e+00,3.279999999999999805e+00,4.080000000000000071e+00,1.570000000000000062e+00,4.679999999999999716e+00,4.199999999999999845e-01,1.919999999999999929e+00,2.720000000000000195e+00,1.360000000000000098e+00,1.590000000000000080e+00,4.000000000000000222e-01,1.760000000000000009e+00,7.139999999999999680e+00,1.429999999999999938e+00,1.209999999999999964e+00,8.800000000000000044e-01,1.600000000000000033e-01,2.209999999999999964e+00,5.690000000000000391e+00,4.139999999999999680e+00,3.799999999999999822e+00,1.100000000000000089e+00,0.000000000000000000e+00,0.000000000000000000e+00,2.220000000000000195e+00,8.699999999999999956e-01,2.669999999999999929e+00,0.000000000000000000e+00,2.459999999999999964e+00,2.930000000000000160e+00,1.560000000000000053e+00,3.200000000000000067e-01,2.580000000000000071e+00,9.699999999999999734e-01,2.140000000000000124e+00,2.270000000000000018e+00,0.000000000000000000e+00,2.080000000000000071e+00,1.860000000000000098e+00,0.000000000000000000e+00
3.490000000000000213e+00,3.740000000000000213e+00,8.000000000000000167e-02,1.520000000000000018e+00,1.610000000000000098e+00,1.239999999999999991e+00,2.919999999999999929e+00,9.399999999999999467e-01,5.839999999999999858e+00,0.000000000000000000e+00,2.330000000000000071e+00,8.419999999999999929e+00,5.480000000000000426e+00,0.000000000000000000e+00,1.729999999999999982e+00,0.000000000000000000e+00,0.000000000000000000e+00,3.399999999999999911e+00,1.449999999999999956e+00,0.000000000000000000e+00,1.429999999999999938e+00,1.499999999999999944e-01,2.399999999999999911e-01,2.000000000000000000e+00,3.540000000000000036e+00,1.469999999999999973e+00,0.000000000000000000e+00,0.000000000000000000e+00,8.100000000000000533e-01,2.390000000000000124e+00,2.509999999999999787e+00,3.200000000000000178e+00,1.120000000000000107e+00,0.000000000000000000e+00,1.290000000000000036e+00,1.070000000000000062e+00,2.319999999999999840e+00,2.250000000000000000e+00,1.590000000000000080e+00,3.479999999999999982e+00,7.900000000000000355e-01,3.060000000000000053e+00,1.219999999999999973e+00,0.000000000000000000e+00,1.929999999999999938e+00,1.439999999999999947e+00,7.399999999999999911e-01,5.419999999999999929e+00,8.740000000000000213e+00,5.830000000000000071e+00,1.060999999999999943e+01,7.900000000000000355e-01,2.660000000000000142e+00,7.299999999999999822e+00,3.459999999999999964e+00,2.129999999999999893e+00,3.459999999999999964e+00,8.429999999999999716e+00,6.790000000000000036e+00,0.000000000000000000e+00,5.150000000000000355e+00,2.609999999999999876e+00,3.910000000000000142e+00,3.319999999999999840e+00,0.000000000000000000e+00,4.299999999999999933e-01,4.669999999999999929e+00,3.278000000000000114e+01,2.617999999999999972e+01,3.569999999999999840e+00,2.029999999999999805e+00,2.140000000000000124e+00,3.729999999999999982e+00,6.559999999999999609e+00,4.570000000000000284e+00,1.750000000000000000e+00,3.689999999999999947e+00,1.100000000000000089e+00,4.750000000000000000e+00,6.400000000000000133e-01,0.000000000000000000e+00,6.040000000000000036e+00,6.540000000000000036e+00,1.820000000000000062e+00,2.149999999999999911e+00,2.509999999999999787e+00,3.890000000000000124e+00,5.299999999999999822e+00,3.900000000000000133e-01,2.669999999999999929e+00,1.101999999999999957e+01,3.660000000000000142e+00,5.900000000000000355e+00,1.209999999999999964e+00,1.439999999999999947e+00,5.360000000000000320e+00,1.139999999999999902e+00,1.729999999999999982e+00,2.959999999999999964e+00,1.729999999999999982e+00,2.350000000000000089e+00,0.000000000000000000e+00,3.319999999999999840e+00,2.600000000000000089e-01,0.000000000000000000e+00,1.120000000000000107e+00,1.379999999999999893e+00,4.740000000000000213e+00,3.319999999999999840e+00,2.609999999999999876e+00,5.570000000000000284e+00,5.500000000000000444e-01,2.040000000000000036e+00,2.390000000000000124e+00,3.910000000000000142e+00,2.529999999999999805e+00,2.649999999999999911e+00,0.000000000000000000e+00,9.399999999999999467e-01,8.800000000000000044e-01,1.020000000000000018e+00,0.000000000000000000e+00,4.410000000000000142e+00,2.040000000000000036e+00,3.529999999999999805e+00,0.000000000000000000e+00,5.999999999999999778e-02,2.500000000000000000e-01,5.360000000000000320e+00,1.550000000000000044e+00,1.280000000000000027e+00,3.549999999999999822e+00,4.580000000000000071e+00,6.899999999999999467e-01,3.629999999999999893e+00,1.719999999999999973e+00,0.000000000000000000e+00,0.000000000000000000e+00,5.400000000000000355e-01,4.929999999999999716e+00,0.000000000000000000e+00,2.100000000000000089e+00,3.599999999999999867e-01,6.099999999999999867e-01,4.019999999999999574e+00,2.500000000000000000e+00,3.100000000000000089e+00,2.220000000000000195e+00,1.110000000000000098e+00,0.000000000000000000e+00,2.509999999999999787e+00,7.049999999999999822e+00,3.640000000000000124e+00,2.729999999999999982e+00,7.269999999999999574e+00,0.000000000000000000e+00,1.949999999999999956e+00,2.000000000000000000e+00,1.510000000000000009e+00,1.790000000000000036e+00,1.250000000000000000e+00,2.509999999999999787e+00,3.029999999999999805e+00,1.239999999999999991e+00,5.100000000000000089e-01,3.350000000000000089e+00,8.399999999999999689e-01,2.770000000000000018e+00,4.049999999999999822e+00,1.068999999999999950e+01,8.460000000000000853e+00,4.299999999999999933e-01,0.000000000000000000e+00,0.000000000000000000e+00,4.750000000000000000e+00,6.049999999999999822e+00,5.129999999999999893e+00,1.850000000000000089e+00,2.240000000000000213e+00,3.379999999999999893e+00,1.750000000000000000e+00,7.800000000000000266e-01,4.879999999999999893e+00,3.029999999999999805e+00,5.469999999999999751e+00,2.810000000000000053e+00,0.000000000000000000e+00,1.770000000000000018e+00,4.030000000000000249e+00,4.889999999999999680e+00
0.000000000000000000e+00,0.000000000000000000e+00,0.000000000000000000e+00,0.000000000000000000e+00,0.000000000000000000e+00,0.000000000000000000e+00,0.000000000000000000e+00,0.000000000000000000e+00,0.000000000000000000e+00,0.000000000000000000e+00,0.000000000000000000e+00,0.000000000000000000e+00,3.819999999999999840e+00,4.570000000000000284e+00,4.019999999999999574e+00,0.000000000000000000e+00,4.099999999999999756e-01,5.699999999999999512e-01,2.629999999999999893e+00,1.350000000000000089e+00,5.860000000000000320e+00,9.269999999999999574e+00,0.000000000000000000e+00,1.120000000000000107e+00,1.860000000000000098e+00,0.000000000000000000e+00,0.000000000000000000e+00,0.000000000000000000e+00,5.899999999999999689e-01,1.530000000000000027e+00,3.819999999999999840e+00,3.189999999999999947e+00,0.000000000000000000e+00,1.250000000000000000e+00,3.479999999999999982e+00,4.089999999999999858e+00,0.000000000000000000e+00,0.000000000000000000e+00,0.000000000000000000e+00,0.000000000000000000e+00,0.000000000000000000e+00,1.250000000000000000e+00,2.005999999999999872e+01,1.074000000000000021e+01,3.220000000000000195e+00,0.000000000000000000e+00,0.000000000000000000e+00,0.000000000000000000e+00,5.790000000000000036e+00,2.910000000000000142e+00,1.120000000000000107e+00,0.000000000000000000e+00,4.000000000000000222e-01,2.220000000000000195e+00,1.260000000000000009e+00,9.799999999999999822e-01,2.250000000000000000e+00,0.000000000000000000e+00,1.459999999999999964e+00,0.000000000000000000e+00,3.540000000000000036e+00,2.459999999999999964e+00,3.300000000000000155e-01,0.000000000000000000e+00,1.010000000000000009e+00,0.000000000000000000e+00,3.640000000000000124e+00,2.121000000000000085e+01,1.764999999999999858e+01,2.649999999999999911e+00,3.900000000000000133e-01,0.000000000000000000e+00,2.149999999999999911e+00,3.839999999999999858e+00,4.690000000000000391e+00,3.900000000000000133e-01,2.379999999999999893e+00,0.000000000000000000e+00,6.199999999999999956e-01,1.120000000000000107e+00,0.000000000000000000e+00,1.382000000000000028e+01,2.580000000000000071e+00,0.000000000000000000e+00,8.000000000000000167e-02,1.070000000000000062e+00,1.560000000000000053e+00,3.580000000000000071e+00,3.379999999999999893e+00,7.769999999999999574e+00,2.359999999999999876e+00,1.620000000000000107e+00,2.609999999999999876e+00,4.509999999999999787e+00,3.520000000000000018e+00,2.959999999999999964e+00,4.400000000000000022e-01,1.399999999999999911e+00,2.540000000000000036e+00,1.060000000000000053e+00,4.730000000000000426e+00,0.000000000000000000e+00,5.910000000000000142e+00,2.399999999999999911e+00,1.264000000000000057e+01,1.340000000000000080e+00,2.470000000000000195e+00,8.380000000000000782e+00,1.610000000000000098e+00,1.550000000000000044e+00,3.720000000000000195e+00,0.000000000000000000e+00,1.449999999999999956e+00,1.479999999999999982e+00,2.839999999999999858e+00,0.000000000000000000e+00,4.500000000000000000e+00,3.359999999999999876e+00,0.000000000000000000e+00,3.089999999999999858e+00,1.889999999999999902e+00,1.550000000000000044e+00,4.450000000000000178e+00,1.090000000000000080e+00,2.779999999999999805e+00,3.540000000000000036e+00,4.240000000000000213e+00,0.000000000000000000e+00,5.540000000000000036e+00,2.990000000000000213e+00,2.379999999999999893e+00,3.930000000000000160e+00,2.660000000000000142e+00,1.330000000000000071e+00,6.820000000000000284e+00,8.169999999999999929e+00,1.378999999999999915e+01,0.000000000000000000e+00,4.219999999999999751e+00,2.819999999999999840e+00,3.939999999999999947e+00,2.089999999999999858e+00,0.000000000000000000e+00,4.793999999999999773e+01,3.290000000000000036e+00,2.899999999999999800e-01,2.999999999999999889e-01,1.260000000000000009e+00,1.539000000000000057e+01,4.020000000000000284e+01,4.709999999999999964e+00,1.119999999999999929e+01,2.919999999999999929e+00,2.660000000000000142e+00,4.160000000000000142e+00,4.617000000000000171e+01,5.432000000000000028e+01,4.440000000000000391e+00,6.363000000000000256e+01,6.945000000000000284e+01,4.704999999999999716e+01,4.888000000000000256e+01,7.165999999999999659e+01,1.167999999999999972e+01,6.859999999999999432e+01,2.549999999999999822e+00,8.470000000000000639e+00,2.207999999999999829e+01,2.660000000000000142e+00,5.709999999999999964e+00,0.000000000000000000e+00,0.000000000000000000e+00,0.000000000000000000e+00,0.000000000000000000e+00,3.140000000000000124e+00,2.580000000000000071e+00,2.319999999999999840e+00,0.000000000000000000e+00,1.979999999999999982e+00,0.000000000000000000e+00,1.270000000000000018e+00,5.000000000000000000e-01,4.379999999999999893e+00,1.100000000000000089e+00,5.019999999999999574e+00,0.000000000000000000e+00,8.999999999999999667e-02,1.580000000000000071e+00,1.100000000000000089e+00,0.000000000000000000e+00
6.320000000000000284e+00,3.100000000000000089e+00,5.600000000000000533e-01,1.449999999999999956e+00,1.389999999999999902e+00,1.381000000000000050e+01,7.280000000000000249e+00,2.066000000000000014e+01,1.239000000000000057e+01,1.096000000000000085e+01,6.139999999999999680e+00,0.000000000000000000e+00,5.049999999999999822e+00,7.126999999999999602e+01,9.218999999999999773e+01,7.000000000000000666e-02,6.959999999999999964e+00,6.990000000000000213e+00,1.744999999999999929e+01,0.000000000000000000e+00,8.399999999999999689e-01,0.000000000000000000e+00,1.700000000000000122e-01,1.850000000000000089e+00,2.310000000000000053e+00,2.560000000000000053e+00,1.110000000000000098e+00,2.910000000000000142e+00,2.235000000000000142e+01,8.115999999999999659e+01,5.280000000000000249e+00,5.120000000000000107e+00,2.169999999999999929e+00,1.292999999999999972e+01,4.299999999999999822e+00,2.149999999999999911e+00,4.820000000000000284e+00,2.319999999999999840e+00,4.059999999999999609e+00,2.000000000000000000e+00,1.239999999999999991e+00,2.799999999999999822e+00,1.011999999999999922e+01,2.549999999999999822e+00,6.809999999999999609e+00,2.870000000000000107e+00,2.520000000000000018e+00,5.780000000000000249e+00,1.006000000000000050e+01,1.073000000000000043e+01,8.399999999999999689e-01,0.000000000000000000e+00,1.760000000000000009e+00,1.451999999999999957e+01,2.912000000000000099e+01,3.430000000000000160e+00,1.760000000000000009e+00,4.750000000000000000e+00,7.700000000000000178e+00,2.259999999999999787e+00,1.082000000000000028e+01,2.459999999999999964e+00,2.862000000000000099e+01,1.846000000000000085e+01,0.000000000000000000e+00,3.620000000000000107e+00,2.019999999999999929e+01,1.750000000000000000e+00,3.919999999999999929e+00,2.014999999999999858e+01,5.169999999999999929e+00,5.280000000000000249e+00,3.540000000000000036e+00,1.349000000000000021e+01,6.910000000000000142e+00,3.270000000000000018e+00,0.000000000000000000e+00,1.850000000000000089e+00,9.599999999999999645e-01,0.000000000000000000e+00,0.000000000000000000e+00,4.253999999999999915e+01,3.126999999999999957e+01,4.719999999999999751e+00,2.080999999999999872e+01,3.782000000000000028e+01,1.081000000000000050e+01,4.860000000000000320e+00,2.060000000000000053e+00,8.459000000000000341e+01,3.500000000000000000e+00,3.149999999999999911e+00,4.160000000000000142e+00,8.000000000000000444e-01,4.650000000000000355e+00,4.929999999999999716e+00,4.650000000000000355e+00,2.609999999999999876e+00,5.009999999999999787e+00,2.479999999999999982e+00,7.990000000000000213e+00,1.570000000000000062e+00,3.919999999999999929e+00,3.930000000000000160e+00,2.228999999999999915e+01,1.066999999999999993e+01,1.050000000000000000e+01,8.134000000000000341e+01,6.389999999999999680e+00,8.339999999999999858e+00,6.280000000000000249e+00,4.269999999999999574e+00,4.969999999999999751e+00,7.600000000000000089e-01,4.360000000000000320e+00,5.360000000000000320e+00,3.709999999999999964e+00,2.959999999999999964e+00,3.470000000000000195e+00,7.790000000000000036e+00,8.830000000000000071e+00,7.798000000000000398e+01,5.410000000000000142e+00,1.429999999999999938e+00,4.000000000000000000e+00,4.490000000000000213e+00,5.429999999999999716e+00,0.000000000000000000e+00,8.107999999999999829e+01,7.820999999999997954e+01,2.976999999999999957e+01,4.838000000000000256e+01,9.060000000000000497e+00,0.000000000000000000e+00,6.769999999999999574e+00,4.480000000000000426e+00,2.873999999999999844e+01,2.137999999999999901e+01,6.667000000000000171e+01,3.009999999999999787e+00,1.785999999999999943e+01,4.030000000000000249e+00,4.269999999999999574e+00,1.550000000000000044e+00,4.070000000000000284e+00,5.019999999999999574e+00,8.150000000000000355e+00,5.309999999999999609e+00,6.129999999999999893e+00,6.950000000000000000e+01,9.070000000000000284e+00,2.946999999999999886e+01,6.370000000000000107e+00,0.000000000000000000e+00,4.052000000000000313e+01,1.149999999999999911e+00,6.620000000000000107e+00,5.581000000000000227e+01,5.389999999999999858e+01,7.345000000000000284e+01,4.485999999999999943e+01,1.176999999999999957e+01,1.871000000000000085e+01,5.822999999999999687e+01,4.557999999999999829e+01,2.176999999999999957e+01,1.664000000000000057e+01,9.759999999999999787e+00,2.694999999999999929e+01,5.643999999999999773e+01,0.000000000000000000e+00,3.339999999999999858e+00,0.000000000000000000e+00,1.229999999999999982e+00,9.720000000000000639e+00,1.423000000000000043e+01,1.300999999999999979e+01,0.000000000000000000e+00,1.085999999999999943e+01,6.889999999999999680e+00,1.360000000000000098e+00,5.570000000000000284e+00,3.959999999999999964e+00,3.410000000000000142e+00,1.547000000000000064e+01,2.509999999999999787e+00,0.000000000000000000e+00,1.708999999999999986e+01,6.750000000000000000e+00,2.680000000000000160e+00
1.200999999999999979e+01,3.520000000000000018e+00,0.000000000000000000e+00,0.000000000000000000e+00,0.000000000000000000e+00,0.000000000000000000e+00,0.000000000000000000e+00,0.000000000000000000e+00,0.000000000000000000e+00,0.000000000000000000e+00,0.000000000000000000e+00,1.680000000000000071e+01,4.040000000000000036e+00,2.830000000000000071e+00,2.689999999999999947e+00,0.000000000000000000e+00,5.100000000000000089e-01,1.189999999999999947e+00,2.520000000000000018e+00,9.399999999999999467e-01,1.000000000000000056e-01,1.199999999999999956e+00,1.439999999999999947e+00,3.770000000000000018e+00,4.000000000000000000e+00,2.999999999999999889e-02,3.399999999999999911e+00,0.000000000000000000e+00,1.949999999999999956e+00,1.449999999999999956e+00,0.000000000000000000e+00,2.250000000000000000e+00,0.000000000000000000e+00,0.000000000000000000e+00,1.189999999999999947e+00,2.350000000000000089e+00,0.000000000000000000e+00,0.000000000000000000e+00,0.000000000000000000e+00,0.000000000000000000e+00,0.000000000000000000e+00,1.219999999999999973e+00,2.009999999999999787e+00,0.000000000000000000e+00,4.290000000000000036e+00,5.300000000000000266e-01,0.000000000000000000e+00,0.000000000000000000e+00,4.809999999999999609e+00,3.169999999999999929e+00,9.499999999999999556e-01,0.000000000000000000e+00,1.570000000000000062e+00,1.080000000000000071e+00,2.759999999999999787e+00,1.310000000000000053e+00,0.000000000000000000e+00,0.000000000000000000e+00,5.400000000000000355e-01,0.000000000000000000e+00,7.309999999999999609e+00,0.000000000000000000e+00,4.400000000000000022e-01,0.000000000000000000e+00,1.840000000000000080e+00,4.019999999999999574e+00,3.439999999999999947e+00,5.449000000000000199e+01,4.467999999999999972e+01,5.129999999999999893e+00,0.000000000000000000e+00,0.000000000000000000e+00,2.270000000000000018e+00,3.600000000000000089e+00,6.330000000000000071e+00,8.100000000000000533e-01,3.279999999999999805e+00,0.000000000000000000e+00,2.370000000000000107e+00,1.219999999999999973e+00,0.000000000000000000e+00,1.007000000000000028e+01,3.250000000000000000e+00,7.820000000000000284e+00,0.000000000000000000e+00,9.200000000000000400e-01,1.386999999999999922e+01,3.459999999999999964e+00,1.550000000000000044e+00,7.450000000000000178e+00,1.939999999999999947e+00,3.189999999999999947e+00,4.040000000000000036e+00,2.140000000000000124e+00,0.000000000000000000e+00,1.610000000000000098e+00,1.229999999999999982e+00,0.000000000000000000e+00,1.020000000000000018e+00,6.300000000000000044e-01,2.189999999999999947e+00,5.000000000000000278e-02,1.700000000000000122e-01,1.820000000000000062e+00,4.240000000000000213e+00,3.400000000000000244e-01,7.490000000000000213e+00,7.280000000000000249e+00,2.810000000000000053e+00,1.919999999999999929e+00,7.019999999999999574e+00,0.000000000000000000e+00,3.520000000000000018e+00,2.189999999999999947e+00,3.270000000000000018e+00,2.560000000000000053e+00,4.530000000000000249e+00,3.600000000000000089e+00,3.270000000000000018e+00,2.750000000000000000e+00,2.970000000000000195e+00,3.919999999999999929e+00,6.150000000000000355e+00,5.000000000000000278e-02,1.510000000000000009e+00,1.268999999999999950e+01,0.000000000000000000e+00,0.000000000000000000e+00,1.358999999999999986e+01,1.224000000000000021e+01,1.330000000000000071e+00,5.059999999999999609e+00,2.060000000000000053e+00,2.020000000000000018e+00,2.470000000000000195e+00,2.149999999999999911e+00,0.000000000000000000e+00,0.000000000000000000e+00,0.000000000000000000e+00,3.319999999999999840e+00,4.700000000000000178e+00,0.000000000000000000e+00,0.000000000000000000e+00,8.499999999999999778e-01,2.399999999999999911e+00,0.000000000000000000e+00,0.000000000000000000e+00,0.000000000000000000e+00,2.149999999999999911e+00,2.399999999999999911e+00,1.689999999999999947e+00,9.509999999999999787e+00,0.000000000000000000e+00,6.899999999999999467e-01,2.640000000000000124e+00,3.400000000000000244e-01,1.840000000000000080e+00,3.120000000000000107e+00,1.590000000000000080e+00,2.850000000000000089e+00,2.200000000000000178e+00,2.399999999999999911e+00,4.099999999999999756e-01,1.479999999999999982e+00,6.500000000000000222e-01,1.300000000000000044e+00,0.000000000000000000e+00,0.000000000000000000e+00,5.559999999999999609e+00,5.110000000000000320e+00,4.000000000000000222e-01,0.000000000000000000e+00,0.000000000000000000e+00,0.000000000000000000e+00,3.910000000000000142e+00,2.890000000000000124e+00,3.890000000000000124e+00,9.400000000000000355e+00,1.919999999999999929e+00,0.000000000000000000e+00,1.489999999999999991e+00,2.399999999999999911e-01,2.140000000000000124e+00,6.300000000000000044e-01,6.879999999999999893e+00,0.000000000000000000e+00,0.000000000000000000e+00,3.080000000000000071e+00,6.169999999999999929e+00,0.000000000000000000e+00
6.410000000000000142e+00,4.570000000000000284e+00,7.399999999999999911e-01,1.020000000000000018e+00,1.290000000000000036e+00,2.169999999999999929e+00,1.330000000000000071e+00,1.629999999999999893e+00,1.739999999999999991e+00,0.000000000000000000e+00,2.069999999999999840e+00,2.120000000000000107e+00,6.346000000000000085e+01,0.000000000000000000e+00,5.999999999999999778e-01,7.600000000000000089e-01,2.500000000000000000e-01,2.790000000000000036e+00,1.280000000000000027e+00,4.000000000000000083e-02,0.000000000000000000e+00,4.600000000000000200e-01,1.590000000000000080e+00,1.860000000000000098e+00,3.779999999999999805e+00,2.939999999999999947e+00,2.410000000000000142e+00,7.360000000000000320e+00,2.479999999999999982e+00,1.939999999999999947e+00,6.610000000000000320e+00,0.000000000000000000e+00,1.969999999999999973e+00,0.000000000000000000e+00,6.250000000000000000e+00,3.410000000000000142e+00,2.509999999999999787e+00,2.259999999999999787e+00,3.080000000000000071e+00,3.990000000000000213e+00,6.999999999999999556e-01,1.409999999999999920e+00,4.169999999999999929e+00,2.859999999999999876e+00,2.040000000000000036e+00,2.890000000000000124e+00,1.489999999999999991e+00,2.419999999999999929e+00,6.959999999999999964e+00,5.219999999999999751e+00,3.830000000000000071e+00,1.850000000000000089e+00,2.459999999999999964e+00,1.000999999999999979e+01,1.860000000000000098e+00,2.160000000000000142e+00,6.049999999999999822e+00,4.669999999999999929e+00,5.889999999999999680e+00,2.300000000000000100e-01,2.200000000000000178e+00,2.370000000000000107e+00,2.669999999999999929e+00,1.850000000000000089e+00,2.180000000000000160e+00,2.000000000000000042e-02,3.129999999999999893e+00,5.080000000000000071e+00,4.700000000000000178e+00,3.040000000000000036e+00,6.000000000000000000e+00,4.589999999999999858e+00,9.300000000000000488e-01,9.220000000000000639e+00,5.620000000000000107e+00,6.120000000000000107e+00,0.000000000000000000e+00,7.700000000000000178e-01,3.430000000000000160e+00,1.760000000000000009e+00,0.000000000000000000e+00,3.500000000000000000e+00,4.230000000000000426e+00,2.080000000000000071e+00,2.629999999999999893e+00,2.540000000000000036e+00,6.259999999999999787e+00,4.370000000000000107e+00,6.899999999999999467e-01,9.589999999999999858e+00,3.959999999999999964e+00,2.370000000000000107e+00,1.540000000000000036e+00,9.799999999999999822e-01,3.870000000000000107e+00,1.969999999999999973e+00,0.000000000000000000e+00,1.679999999999999938e+00,2.569999999999999840e+00,1.419999999999999929e+00,2.540000000000000036e+00,1.340000000000000080e+00,2.629999999999999893e+00,4.400000000000000022e-01,1.610000000000000098e+00,8.900000000000000133e-01,3.759999999999999787e+00,8.740000000000000213e+00,1.300000000000000044e+00,1.419999999999999929e+00,0.000000000000000000e+00,0.000000000000000000e+00,2.950000000000000178e+00,8.100000000000000533e-01,2.720000000000000195e+00,3.810000000000000053e+00,1.620000000000000107e+00,4.080000000000000071e+00,2.020000000000000018e+00,1.830000000000000071e+00,1.520000000000000018e+00,1.229999999999999982e+00,4.610000000000000320e+00,2.660000000000000142e+00,3.850000000000000089e+00,0.000000000000000000e+00,7.400000000000000355e+00,0.000000000000000000e+00,8.099999999999999645e+00,4.839999999999999858e+00,7.700000000000000178e-01,1.179999999999999938e+00,3.649999999999999911e+00,0.000000000000000000e+00,3.080000000000000071e+00,1.620000000000000107e+00,1.129999999999999893e+00,0.000000000000000000e+00,0.000000000000000000e+00,2.080000000000000071e+00,0.000000000000000000e+00,1.459999999999999964e+00,5.799999999999999600e-01,1.270000000000000018e+00,1.850000000000000089e+00,3.259999999999999787e+00,2.549999999999999822e+00,3.580000000000000071e+00,2.169999999999999929e+00,2.689999999999999947e+00,1.159999999999999920e+00,5.759999999999999787e+00,4.889999999999999680e+00,1.249000000000000021e+01,5.959999999999999964e+00,5.100000000000000089e-01,3.189999999999999947e+00,3.609999999999999876e+00,2.140000000000000124e+00,1.899999999999999911e+00,1.070000000000000062e+00,2.359999999999999876e+00,3.390000000000000124e+00,8.599999999999999867e-01,1.370000000000000107e+00,2.169999999999999929e+00,2.439999999999999947e+00,2.890000000000000124e+00,2.529999999999999805e+00,6.150000000000000355e+00,2.500000000000000000e-01,0.000000000000000000e+00,0.000000000000000000e+00,1.129999999999999893e+00,2.214999999999999858e+01,4.629999999999999893e+00,4.669999999999999929e+00,0.000000000000000000e+00,1.689999999999999947e+00,4.780000000000000249e+00,2.290000000000000036e+00,1.209999999999999964e+00,1.850000000000000089e+00,3.339999999999999858e+00,6.910000000000000142e+00,2.319999999999999840e+00,0.000000000000000000e+00,3.439999999999999947e+00,3.060000000000000053e+00,0.000000000000000000e+00
2.830000000000000071e+00,2.770000000000000018e+00,0.000000000000000000e+00,0.000000000000000000e+00,0.000000000000000000e+00,2.410000000000000142e+00,3.009999999999999787e+00,0.000000000000000000e+00,0.000000000000000000e+00,5.999999999999999778e-02,1.510000000000000009e+00,6.999999999999999556e-01,1.610000000000000098e+00,0.000000000000000000e+00,7.600000000000000089e-01,6.800000000000000488e-01,4.500000000000000111e-01,1.370000000000000107e+00,0.000000000000000000e+00,1.449999999999999956e+00,0.000000000000000000e+00,2.200000000000000011e-01,8.699999999999999956e-01,4.899999999999999911e-01,0.000000000000000000e+00,4.799999999999999822e-01,5.300000000000000266e-01,0.000000000000000000e+00,0.000000000000000000e+00,0.000000000000000000e+00,0.000000000000000000e+00,0.000000000000000000e+00,2.700000000000000178e-01,0.000000000000000000e+00,8.800000000000000044e-01,1.020000000000000018e+00,1.010000000000000009e+00,6.199999999999999956e-01,9.000000000000000222e-01,1.919999999999999929e+00,0.000000000000000000e+00,0.000000000000000000e+00,0.000000000000000000e+00,0.000000000000000000e+00,0.000000000000000000e+00,3.319999999999999840e+00,1.360000000000000098e+00,0.000000000000000000e+00,1.639999999999999902e+00,0.000000000000000000e+00,3.900000000000000133e-01,1.799999999999999933e-01,3.009999999999999787e+00,2.029999999999999805e+00,4.169999999999999929e+00,1.750000000000000000e+00,0.000000000000000000e+00,1.689999999999999947e+00,0.000000000000000000e+00,1.399999999999999911e+00,3.129999999999999893e+00,0.000000000000000000e+00,1.310000000000000053e+00,1.370000000000000107e+00,0.000000000000000000e+00,1.300000000000000044e+00,0.000000000000000000e+00,3.599999999999999867e-01,5.000000000000000000e-01,1.620000000000000107e+00,0.000000000000000000e+00,0.000000000000000000e+00,3.609999999999999876e+00,4.219999999999999751e+00,6.099999999999999867e-01,1.360000000000000098e+00,0.000000000000000000e+00,0.000000000000000000e+00,0.000000000000000000e+00,0.000000000000000000e+00,0.000000000000000000e+00,0.000000000000000000e+00,0.000000000000000000e+00,1.770000000000000018e+00,4.450000000000000178e+00,1.510000000000000009e+00,1.979999999999999982e+00,3.020000000000000018e+00,1.389999999999999902e+00,1.070000000000000062e+00,1.320000000000000062e+00,3.140000000000000124e+00,9.000000000000000222e-01,7.700000000000000178e-01,1.459999999999999964e+00,3.629999999999999893e+00,1.020000000000000018e+00,5.200000000000000178e-01,1.419999999999999929e+00,4.099999999999999756e-01,1.070000000000000062e+00,1.909999999999999920e+00,0.000000000000000000e+00,1.350000000000000089e+00,1.300000000000000044e+00,2.600000000000000089e-01,4.919999999999999929e+00,1.500000000000000000e+00,3.160000000000000142e+00,4.580000000000000071e+00,1.679999999999999938e+00,1.060000000000000053e+00,0.000000000000000000e+00,1.340000000000000080e+00,1.030000000000000027e+00,5.300000000000000266e-01,0.000000000000000000e+00,3.250000000000000000e+00,0.000000000000000000e+00,0.000000000000000000e+00,0.000000000000000000e+00,0.000000000000000000e+00,1.260000000000000009e+00,0.000000000000000000e+00,7.600000000000000089e-01,5.790000000000000036e+00,0.000000000000000000e+00,1.320000000000000062e+00,5.559999999999999609e+00,5.000000000000000278e-02,0.000000000000000000e+00,3.399999999999999911e+00,1.330000000000000071e+00,0.000000000000000000e+00,0.000000000000000000e+00,1.600000000000000033e-01,1.400000000000000133e-01,5.699999999999999512e-01,1.199999999999999956e-01,1.219999999999999973e+00,2.500000000000000000e-01,0.000000000000000000e+00,1.499999999999999944e-01,0.000000000000000000e+00,1.799999999999999933e-01,5.799999999999999600e-01,9.699999999999999734e-01,2.089999999999999858e+00,0.000000000000000000e+00,2.300000000000000100e-01,6.899999999999999467e-01,1.239999999999999991e+00,1.100000000000000006e-01,0.000000000000000000e+00,1.879999999999999893e+00,8.399999999999999689e-01,7.600000000000000089e-01,2.709999999999999964e+00,7.500000000000000000e-01,1.439999999999999947e+00,6.700000000000000400e-01,1.300000000000000044e-01,0.000000000000000000e+00,0.000000000000000000e+00,9.699999999999999734e-01,2.779999999999999805e+00,0.000000000000000000e+00,0.000000000000000000e+00,0.000000000000000000e+00,0.000000000000000000e+00,2.379999999999999893e+00,7.600000000000000089e-01,0.000000000000000000e+00,0.000000000000000000e+00,2.240000000000000213e+00,0.000000000000000000e+00,2.600000000000000089e-01,5.000000000000000278e-02,3.599999999999999867e-01,0.000000000000000000e+00,2.399999999999999911e+00,5.799999999999999600e-01,1.699999999999999956e+00,1.459999999999999964e+00,4.500000000000000000e+00,0.000000000000000000e+00,5.999999999999999778e-02,3.699999999999999956e-01,1.679999999999999938e+00,0.000000000000000000e+00
6.259999999999999787e+00,4.849999999999999645e+00,5.200000000000000178e-01,2.140000000000000124e+00,1.439999999999999947e+00,1.699999999999999956e+00,2.580000000000000071e+00,7.280000000000000249e+00,3.080000000000000071e+00,0.000000000000000000e+00,2.939999999999999947e+00,0.000000000000000000e+00,3.040000000000000036e+00,2.979999999999999982e+00,3.479999999999999982e+00,1.280000000000000027e+00,0.000000000000000000e+00,3.259999999999999787e+00,3.560000000000000053e+00,2.129999999999999893e+00,2.000000000000000042e-02,8.299999999999999600e-01,1.020000000000000018e+00,2.509999999999999787e+00,1.399999999999999911e+00,2.020000000000000018e+00,1.189999999999999947e+00,0.000000000000000000e+00,5.839999999999999858e+00,0.000000000000000000e+00,5.209999999999999964e+00,2.350000000000000089e+00,0.000000000000000000e+00,1.520000000000000018e+00,4.080000000000000071e+00,1.939999999999999947e+00,1.260000000000000009e+00,1.030000000000000027e+00,8.599999999999999867e-01,3.930000000000000160e+00,3.470000000000000195e+00,4.000000000000000000e+00,1.639999999999999902e+00,1.149999999999999911e+00,2.939999999999999947e+00,3.089999999999999858e+00,2.129999999999999893e+00,6.480000000000000426e+00,8.990000000000000213e+00,9.339999999999999858e+00,5.259999999999999787e+00,3.229999999999999982e+00,1.350000000000000089e+00,9.240000000000000213e+00,3.430000000000000160e+00,1.750000000000000000e+00,1.310000000000000053e+00,4.820000000000000284e+00,3.740000000000000213e+00,0.000000000000000000e+00,2.919999999999999929e+00,2.209999999999999964e+00,2.140000000000000124e+00,4.709999999999999964e+00,0.000000000000000000e+00,3.229999999999999982e+00,3.759999999999999787e+00,6.929999999999999716e+00,6.110000000000000320e+00,4.540000000000000036e+00,3.200000000000000067e-01,2.540000000000000036e+00,6.049999999999999822e+00,2.770000000000000018e+00,2.680000000000000160e+00,2.709999999999999964e+00,0.000000000000000000e+00,1.429999999999999938e+00,4.519999999999999574e+00,1.699999999999999956e+00,0.000000000000000000e+00,7.059999999999999609e+00,4.120000000000000107e+00,3.689999999999999947e+00,4.809999999999999609e+00,2.930000000000000160e+00,4.080000000000000071e+00,2.740000000000000213e+00,2.390000000000000124e+00,6.120000000000000107e+00,2.759999999999999787e+00,3.379999999999999893e+00,4.709999999999999964e+00,1.600000000000000089e+00,5.830000000000000071e+00,3.479999999999999982e+00,0.000000000000000000e+00,5.200000000000000178e-01,8.699999999999999956e-01,5.899999999999999689e-01,1.149999999999999911e+00,0.000000000000000000e+00,2.669999999999999929e+00,1.250000000000000000e+00,3.839999999999999858e+00,1.699999999999999956e+00,1.870000000000000107e+00,6.610000000000000320e+00,4.179999999999999716e+00,2.200000000000000178e+00,4.099999999999999645e+00,8.000000000000000167e-02,8.599999999999999645e+00,2.109999999999999876e+00,2.600000000000000089e+00,2.430000000000000160e+00,3.870000000000000107e+00,1.138000000000000078e+01,2.879999999999999893e+00,1.590000000000000080e+00,2.729999999999999982e+00,1.620000000000000107e+00,2.770000000000000018e+00,1.729999999999999982e+00,0.000000000000000000e+00,7.179999999999999716e+00,3.140000000000000124e+00,8.299999999999999600e-01,1.180000000000000071e+01,5.759999999999999787e+00,4.179999999999999716e+00,3.089999999999999858e+00,2.549999999999999822e+00,0.000000000000000000e+00,1.770000000000000018e+00,1.590000000000000080e+00,1.209999999999999964e+00,2.999999999999999889e-02,0.000000000000000000e+00,5.150000000000000355e+00,1.570000000000000062e+00,1.979999999999999982e+00,2.800000000000000266e-01,6.700000000000000400e-01,1.750000000000000000e+00,1.610000000000000098e+00,0.000000000000000000e+00,6.370000000000000107e+00,2.649999999999999911e+00,1.739999999999999991e+00,1.770000000000000018e+00,5.040000000000000036e+00,2.850000000000000089e+00,6.230000000000000426e+00,8.480000000000000426e+00,5.500000000000000444e-01,1.810000000000000053e+00,3.040000000000000036e+00,1.879999999999999893e+00,2.800000000000000266e-01,1.250000000000000000e+00,1.389999999999999902e+00,2.000000000000000000e+00,1.120000000000000107e+00,3.900000000000000133e-01,1.709999999999999964e+00,0.000000000000000000e+00,4.429999999999999716e+00,9.449999999999999289e+00,4.339999999999999858e+00,1.659999999999999920e+00,9.799999999999999822e-01,0.000000000000000000e+00,1.600000000000000089e+00,3.870000000000000107e+00,3.569999999999999840e+00,3.390000000000000124e+00,0.000000000000000000e+00,1.360000000000000098e+00,3.839999999999999858e+00,5.650000000000000355e+00,1.449999999999999956e+00,4.049999999999999822e+00,2.080000000000000071e+00,1.199999999999999956e+00,2.919999999999999929e+00,0.000000000000000000e+00,3.450000000000000178e+00,4.400000000000000022e-01,1.810000000000000053e+00
1.689000000000000057e+01,2.505000000000000071e+01,4.799999999999999822e-01,5.000000000000000000e-01,3.209999999999999964e+00,1.739999999999999991e+00,7.387000000000000455e+01,7.640999999999999659e+01,0.000000000000000000e+00,4.330000000000000071e+00,3.720000000000000284e+01,4.713000000000000256e+01,1.790000000000000036e+00,8.399999999999999689e-01,2.740000000000000213e+00,1.876000000000000156e+01,1.340000000000000080e+00,2.560000000000000053e+00,1.219999999999999973e+00,0.000000000000000000e+00,1.560000000000000053e+00,4.299999999999999933e-01,5.799999999999999600e-01,3.620000000000000107e+00,6.999999999999999556e-01,0.000000000000000000e+00,4.299999999999999933e-01,3.569999999999999840e+00,1.989999999999999991e+00,1.008999999999999986e+01,0.000000000000000000e+00,3.629999999999999893e+00,0.000000000000000000e+00,9.206000000000000227e+01,1.055000000000000071e+01,1.149999999999999911e+00,3.900000000000000133e-01,1.060000000000000053e+00,1.669999999999999929e+00,4.549999999999999822e+00,3.640000000000000124e+00,1.108000000000000007e+01,0.000000000000000000e+00,0.000000000000000000e+00,2.279999999999999805e+00,2.379999999999999893e+00,3.500000000000000000e+00,7.330000000000000071e+00,1.057000000000000028e+01,4.120000000000000107e+00,2.020000000000000018e+00,2.859999999999999876e+00,1.879999999999999893e+00,1.123000000000000043e+01,5.185000000000000142e+01,1.108000000000000007e+01,6.139999999999999680e+00,3.910000000000000142e+00,1.400000000000000133e-01,2.620000000000000107e+00,2.430999999999999872e+01,3.849000000000000199e+01,7.820999999999997954e+01,2.296000000000000085e+01,3.859999999999999876e+00,2.740000000000000213e+00,3.240000000000000213e+00,4.089999999999999858e+00,4.110000000000000320e+00,2.246999999999999886e+01,2.009999999999999787e+00,5.469999999999999751e+00,3.109999999999999876e+00,6.910000000000000142e+00,1.489999999999999991e+00,2.729999999999999982e+00,1.700000000000000122e-01,5.407999999999999829e+01,8.339999999999999858e+00,2.350000000000000089e+00,5.300000000000000266e-01,2.457999999999999829e+01,8.846999999999999886e+01,4.549000000000000199e+01,1.217999999999999972e+01,5.400000000000000355e-01,2.967999999999999972e+01,5.730000000000000426e+00,1.150000000000000000e+01,3.428999999999999915e+01,3.029999999999999805e+00,1.500000000000000000e+00,0.000000000000000000e+00,1.530000000000000027e+00,2.390000000000000124e+00,2.560000000000000053e+00,5.559999999999999609e+00,4.600000000000000200e-01,4.199999999999999845e-01,1.580000000000000071e+00,3.520000000000000018e+00,0.000000000000000000e+00,2.640000000000000124e+00,2.819999999999999840e+00,3.729999999999999982e+00,1.463000000000000078e+01,8.076000000000001933e+01,2.123000000000000043e+01,1.021000000000000085e+01,2.035000000000000142e+01,6.876000000000000512e+01,3.900000000000000133e-01,7.284000000000000341e+01,1.379999999999999893e+00,1.199999999999999956e-01,6.400000000000000133e-01,1.010000000000000009e+00,0.000000000000000000e+00,4.968999999999999773e+01,3.012000000000000099e+01,3.173000000000000043e+01,9.509999999999999787e+00,0.000000000000000000e+00,1.790000000000000036e+00,1.560000000000000053e+00,7.139999999999999680e+00,4.309999999999999609e+00,6.800000000000000488e-01,6.932999999999999829e+01,5.240999999999999659e+01,9.039999999999999147e+00,2.509999999999999787e+00,2.799999999999999822e+00,3.660000000000000142e+00,5.300000000000000266e-01,1.199999999999999956e-01,0.000000000000000000e+00,2.999999999999999889e-02,1.100000000000000089e+00,5.699999999999999512e-01,0.000000000000000000e+00,2.359999999999999876e+00,1.139999999999999902e+00,6.700000000000000400e-01,3.609999999999999876e+00,2.399999999999999911e+00,5.699999999999999512e-01,1.300000000000000044e+00,3.109999999999999876e+00,1.899999999999999911e+00,1.959999999999999964e+00,5.507000000000000028e+01,1.083000000000000007e+01,6.999999999999999556e-01,2.382999999999999829e+01,8.499999999999999778e-01,3.459999999999999964e+00,1.482000000000000028e+01,2.339999999999999858e+00,0.000000000000000000e+00,2.080000000000000071e+00,2.240000000000000213e+00,2.919999999999999929e+00,4.500000000000000111e-01,0.000000000000000000e+00,1.729999999999999982e+00,5.919999999999999929e+00,3.729999999999999982e+00,5.709999999999999964e+00,9.599999999999999645e+00,4.067000000000000171e+01,2.979999999999999982e+00,0.000000000000000000e+00,9.699999999999999734e-01,9.084000000000000341e+01,8.369999999999999218e+00,8.060000000000000497e+00,2.770000000000000018e+00,3.740000000000000213e+00,1.011999999999999922e+01,6.425000000000000000e+01,1.129999999999999893e+00,1.899999999999999911e+00,5.500000000000000444e-01,3.899999999999999911e+00,9.279999999999999361e+00,0.000000000000000000e+00,4.610000000000000320e+00,1.764000000000000057e+01,4.969999999999999751e+00
1.175999999999999979e+01,1.040000000000000036e+01,5.000000000000000278e-02,1.989999999999999991e+00,8.800000000000000044e-01,4.639999999999999680e+00,2.979999999999999982e+00,4.259999999999999787e+00,1.040000000000000036e+00,0.000000000000000000e+00,1.444999999999999929e+01,1.502999999999999936e+01,1.158999999999999986e+01,4.799999999999999822e-01,2.099999999999999922e-01,0.000000000000000000e+00,0.000000000000000000e+00,3.810000000000000053e+00,3.799999999999999822e+00,9.799999999999999822e-01,1.989999999999999991e+00,0.000000000000000000e+00,1.400000000000000133e-01,1.250000000000000000e+00,3.589999999999999858e+00,1.889999999999999902e+00,4.500000000000000111e-01,0.000000000000000000e+00,1.260000000000000009e+00,3.899999999999999911e+00,9.880000000000000782e+00,1.149999999999999911e+00,1.149999999999999911e+00,1.439000000000000057e+01,3.810000000000000053e+00,3.947999999999999687e+01,1.475999999999999979e+01,1.108000000000000007e+01,2.391000000000000014e+01,2.300000000000000100e-01,1.429999999999999938e+00,3.720000000000000284e+01,1.500000000000000000e+00,9.899999999999999911e-01,3.560000000000000053e+00,5.949000000000000199e+01,2.479999999999999982e+00,7.690000000000000391e+00,1.714000000000000057e+01,3.425999999999999801e+01,0.000000000000000000e+00,2.010000000000000142e+01,1.100000000000000000e+01,8.429999999999999716e+01,1.709999999999999964e+00,3.450000000000000178e+00,4.679999999999999716e+00,5.019999999999999574e+00,4.660000000000000142e+00,0.000000000000000000e+00,6.825000000000000000e+01,7.669999999999999929e+00,2.790000000000000036e+00,7.500000000000000000e+00,5.639999999999999680e+00,4.695000000000000284e+01,2.140000000000000124e+00,1.964999999999999858e+01,3.902000000000000313e+01,2.628999999999999915e+01,0.000000000000000000e+00,8.140000000000000568e+00,5.459999999999999964e+00,5.660000000000000142e+00,7.040000000000000036e+00,2.609999999999999876e+00,2.790000000000000036e+00,1.510000000000000009e+00,3.020000000000000018e+00,3.400000000000000244e-01,0.000000000000000000e+00,3.058999999999999986e+01,6.071000000000000085e+01,4.470000000000000284e+01,3.629999999999999893e+00,3.990000000000000213e+00,3.246999999999999886e+01,5.799999999999999822e+00,1.139999999999999902e+00,2.014999999999999858e+01,2.509999999999999787e+00,4.860999999999999943e+01,2.919999999999999929e+00,3.529999999999999805e+00,7.196999999999999886e+01,5.610000000000000320e+00,5.843999999999999773e+01,1.560000000000000053e+00,3.439000000000000057e+01,6.300000000000000044e-01,1.969999999999999973e+00,0.000000000000000000e+00,4.240000000000000213e+00,2.209999999999999964e+00,3.620000000000000107e+00,5.860000000000000320e+00,4.889999999999999680e+00,1.642000000000000171e+01,3.009999999999999787e+00,5.799999999999999600e-01,0.000000000000000000e+00,0.000000000000000000e+00,3.020000000000000018e+00,2.450000000000000178e+00,5.030000000000000249e+00,6.400000000000000133e-01,6.980000000000000426e+00,6.559999999999999609e+00,2.819999999999999840e+00,4.940000000000000391e+00,3.720000000000000195e+00,0.000000000000000000e+00,5.700000000000000178e+00,1.459999999999999964e+00,4.830000000000000071e+00,0.000000000000000000e+00,0.000000000000000000e+00,0.000000000000000000e+00,1.507000000000000028e+01,2.933999999999999986e+01,1.870000000000000107e+00,4.490000000000000213e+00,4.660000000000000142e+00,0.000000000000000000e+00,3.439999999999999947e+00,3.640000000000000124e+00,3.699999999999999956e-01,2.600000000000000089e-01,0.000000000000000000e+00,3.500000000000000000e+00,3.529999999999999805e+00,2.220000000000000195e+00,1.500000000000000000e+00,1.429999999999999938e+00,0.000000000000000000e+00,4.889999999999999680e+00,8.869999999999997442e+00,8.000000000000000000e+00,2.529999999999999805e+00,2.029999999999999805e+00,4.299999999999999933e-01,1.644999999999999929e+01,1.705999999999999872e+01,2.300000000000000100e-01,2.353000000000000114e+01,0.000000000000000000e+00,1.489999999999999991e+00,4.110000000000000320e+00,1.149999999999999911e+00,2.299999999999999822e+00,3.699999999999999956e-01,6.700000000000000400e-01,2.729999999999999982e+00,2.060000000000000053e+00,1.729999999999999982e+00,3.850000000000000089e+00,1.700000000000000122e-01,4.450000000000000178e+00,1.049000000000000021e+01,1.876999999999999957e+01,4.018999999999999773e+01,0.000000000000000000e+00,0.000000000000000000e+00,0.000000000000000000e+00,1.083000000000000007e+01,3.680000000000000160e+00,3.270000000000000018e+00,0.000000000000000000e+00,5.889999999999999680e+00,1.130000000000000071e+01,6.259999999999999787e+00,1.350000000000000089e+00,4.059999999999999609e+00,1.300000000000000044e+00,8.439999999999999503e+00,1.075000000000000000e+01,0.000000000000000000e+00,5.849999999999999645e+00,8.632999999999999829e+01,3.100000000000000089e+00
8.129000000000002046e+01,8.076000000000001933e+01,7.900000000000000355e-01,2.359999999999999876e+00,1.870000000000000107e+00,2.560000000000000053e+00,1.959999999999999964e+00,2.160000000000000142e+00,9.300000000000000488e-01,0.000000000000000000e+00,4.279999999999999716e+01,7.651999999999999602e+01,1.526999999999999957e+01,5.000000000000000000e-01,2.100000000000000089e+00,6.384000000000000341e+01,0.000000000000000000e+00,2.939999999999999947e+00,3.189999999999999947e+00,0.000000000000000000e+00,0.000000000000000000e+00,0.000000000000000000e+00,1.719999999999999973e+00,2.819999999999999840e+00,2.709999999999999964e+00,3.240000000000000213e+00,3.599999999999999867e-01,0.000000000000000000e+00,8.750000000000000000e+00,8.099999999999999645e+00,5.419999999999999929e+00,2.470000000000000195e+00,1.750000000000000000e+00,5.709999999999999964e+00,7.029000000000000625e+01,1.186999999999999922e+01,4.049999999999999822e+00,4.129999999999999893e+00,3.709999999999999964e+00,1.218999999999999950e+01,2.109999999999999876e+00,5.981000000000000227e+01,4.160000000000000142e+00,5.500000000000000444e-01,3.029999999999999805e+00,1.267999999999999972e+01,9.134000000000000341e+01,9.225000000000000000e+01,8.931000000000000227e+01,8.362999999999999545e+01,9.687999999999999545e+01,9.164000000000000057e+01,4.440000000000000391e+00,2.021000000000000085e+01,4.910000000000000142e+00,8.109999999999999432e+00,7.679999999999999716e+00,5.740000000000000213e+00,6.009999999999999787e+00,0.000000000000000000e+00,7.620999999999997954e+01,2.217000000000000171e+01,2.729999999999999982e+00,2.130999999999999872e+01,8.895000000000000284e+01,9.243000000000000682e+01,6.059999999999999609e+00,2.640000000000000124e+00,1.889999999999999902e+00,8.717000000000000171e+01,0.000000000000000000e+00,4.410000000000000142e+00,6.570000000000000284e+00,6.639999999999999680e+00,6.629999999999999893e+00,3.290000000000000036e+00,4.589999999999999858e+00,1.100000000000000089e+00,3.669999999999999929e+00,1.330000000000000071e+00,0.000000000000000000e+00,7.010999999999999943e+01,1.321000000000000085e+01,8.631999999999997897e+01,4.799999999999999822e+00,4.660000000000000142e+00,9.320000000000000284e+01,7.839999999999999858e+00,5.179999999999999716e+00,8.019999999999999574e+00,5.910000000000000142e+00,9.000000000000000000e+00,6.199999999999999956e-01,2.609999999999999876e+00,1.399000000000000021e+01,5.259999999999999787e+00,4.769999999999999574e+00,4.780000000000000249e+00,1.417999999999999972e+01,2.479999999999999982e+00,4.730000000000000426e+00,2.649999999999999911e+00,2.700000000000000178e+00,2.229999999999999982e+00,4.230000000000000426e+00,3.149999999999999911e+00,5.509999999999999787e+00,1.044999999999999929e+01,3.850000000000000089e+00,1.969999999999999973e+00,5.150000000000000355e+00,0.000000000000000000e+00,2.399999999999999911e+00,2.870000000000000107e+00,5.759999999999999787e+00,1.229999999999999982e+00,5.320000000000000284e+00,4.299999999999999822e+00,2.689999999999999947e+00,3.220000000000000195e+00,6.410000000000000142e+00,2.000000000000000000e+00,9.269999999999999574e+00,2.819999999999999840e+00,5.790000000000000036e+00,0.000000000000000000e+00,1.800000000000000044e+00,0.000000000000000000e+00,7.217000000000000171e+01,6.384000000000000341e+01,1.129999999999999893e+00,6.200000000000000178e+00,5.570000000000000284e+00,0.000000000000000000e+00,9.669999999999999929e+00,1.091999999999999993e+01,9.499999999999999556e-01,2.300000000000000100e-01,6.899999999999999467e-01,4.219999999999999751e+00,3.060000000000000053e+00,3.250000000000000000e+00,1.780000000000000027e+00,1.929999999999999938e+00,8.299999999999999600e-01,5.190000000000000391e+00,7.070000000000000284e+00,6.860000000000000320e+00,2.839999999999999858e+00,1.709999999999999964e+00,2.750000000000000000e+00,1.572000000000000064e+01,9.531000000000000227e+01,0.000000000000000000e+00,8.181000000000000227e+01,1.340000000000000080e+00,4.280000000000000249e+00,5.410000000000000142e+00,2.399999999999999911e+00,3.520000000000000018e+00,8.000000000000000444e-01,2.549999999999999822e+00,1.141999999999999993e+01,2.129999999999999893e+00,3.759999999999999787e+00,3.759999999999999787e+00,4.309999999999999609e+00,4.360000000000000320e+00,4.717000000000000171e+01,1.580000000000000071e+01,9.221999999999999886e+01,2.737000000000000099e+01,0.000000000000000000e+00,0.000000000000000000e+00,8.900000000000000355e+00,5.450000000000000178e+00,4.650000000000000355e+00,0.000000000000000000e+00,2.399999999999999911e+00,7.790999999999999659e+01,2.710999999999999943e+01,9.970000000000000639e+00,3.950000000000000178e+00,2.410000000000000142e+00,8.169999999999999929e+00,8.104999999999999716e+01,0.000000000000000000e+00,4.419999999999999929e+00,8.931999999999997897e+01,2.399999999999999911e+00
0.000000000000000000e+00,2.399999999999999911e-01,0.000000000000000000e+00,1.719999999999999973e+00,0.000000000000000000e+00,0.000000000000000000e+00,0.000000000000000000e+00,4.625000000000000000e+00,0.000000000000000000e+00,0.000000000000000000e+00,0.000000000000000000e+00,0.000000000000000000e+00,0.000000000000000000e+00,0.000000000000000000e+00,3.245000000000000107e+00,3.449999999999999734e-01,7.379999999999999893e+00,1.150000000000000050e-01,0.000000000000000000e+00,0.000000000000000000e+00,0.000000000000000000e+00,0.000000000000000000e+00,4.735000000000000320e+00,1.485000000000000098e+00,1.070000000000000062e+00,0.000000000000000000e+00,4.240000000000000213e+00,8.189999999999999503e+00,9.499999999999999556e-01,5.544999999999999929e+00,1.455000000000000071e+00,8.050000000000000488e-01,5.825000000000000178e+00,3.126999999999999957e+01,2.299999999999999822e+00,3.080000000000000071e+00,4.594999999999999751e+00,0.000000000000000000e+00,1.790000000000000036e+00,4.050000000000000266e-01,0.000000000000000000e+00,0.000000000000000000e+00,0.000000000000000000e+00,3.509999999999999787e+00,3.115000000000000213e+00,3.669999999999999929e+00,0.000000000000000000e+00,0.000000000000000000e+00,2.404999999999999805e+00,0.000000000000000000e+00,6.550000000000000266e-01,0.000000000000000000e+00,0.000000000000000000e+00,0.000000000000000000e+00,0.000000000000000000e+00,2.075000000000000178e+00,6.828000000000000114e+01,6.945499999999999829e+01,4.471500000000000341e+01,5.400000000000000355e+00,0.000000000000000000e+00,0.000000000000000000e+00,3.390000000000000124e+00,6.230000000000000426e+00,5.155000000000000249e+00,0.000000000000000000e+00,3.950000000000000178e-01,0.000000000000000000e+00,1.500000000000000000e+00,2.234999999999999876e+00,0.000000000000000000e+00,2.390000000000000124e+00,0.000000000000000000e+00,1.625000000000000000e+00,5.190000000000000391e+00,1.864999999999999991e+00,0.000000000000000000e+00,7.924999999999999822e+00,2.240000000000000213e+00,3.495000000000000107e+00,0.000000000000000000e+00,1.008999999999999986e+01,2.130999999999999872e+01,3.509999999999999787e+00,0.000000000000000000e+00,0.000000000000000000e+00,0.000000000000000000e+00,2.470000000000000195e+00,3.515000000000000124e+00,3.750000000000000000e-01,1.780000000000000027e+00,0.000000000000000000e+00,1.024999999999999911e+00,2.349999999999999867e-01,3.649999999999999911e+00,1.094999999999999973e+00,0.000000000000000000e+00,7.525000000000000355e+00,0.000000000000000000e+00,3.790000000000000036e+00,1.199999999999999956e-01,2.200000000000000011e-01,3.240000000000000213e+00,0.000000000000000000e+00,2.819999999999999840e+00,9.544999999999999929e+00,1.544999999999999929e+00,0.000000000000000000e+00,4.099999999999999645e+00,3.305000000000000160e+00,5.969999999999999751e+00,1.016000000000000014e+01,0.000000000000000000e+00,7.205000000000000071e+00,3.189999999999999947e+00,1.064999999999999947e+00,0.000000000000000000e+00,4.000000000000000083e-02,2.600000000000000089e+00,4.250000000000000000e+00,0.000000000000000000e+00,5.860000000000000320e+00,4.199999999999999845e-01,0.000000000000000000e+00,4.030000000000000249e+00,5.999999999999999778e-01,1.419999999999999929e+00,1.600000000000000089e+00,6.309999999999999609e+00,5.649999999999999467e-01,0.000000000000000000e+00,0.000000000000000000e+00,5.450000000000000178e+00,2.180000000000000160e+00,0.000000000000000000e+00,2.763500000000000156e+01,2.300000000000000100e-01,9.649999999999999689e-01,0.000000000000000000e+00,2.080000000000000071e+00,9.599999999999999645e-01,3.665000000000000036e+00,6.750000000000000444e-01,4.254999999999999893e+00,3.549999999999999822e-01,0.000000000000000000e+00,1.415000000000000036e+00,3.575000000000000178e+00,1.844999999999999973e+00,0.000000000000000000e+00,1.465000000000000080e+00,3.209999999999999964e+00,3.044999999999999929e+00,1.150000000000000050e-01,1.894000000000000128e+01,1.080000000000000071e+00,0.000000000000000000e+00,2.290000000000000036e+00,0.000000000000000000e+00,4.169999999999999929e+00,1.120000000000000107e+00,1.719999999999999973e+00,1.685000000000000053e+00,9.799999999999999822e-01,2.285000000000000142e+00,1.199999999999999956e-01,7.700000000000000178e-01,1.540000000000000036e+00,2.140000000000000124e+00,3.685000000000000053e+00,0.000000000000000000e+00,0.000000000000000000e+00,0.000000000000000000e+00,4.299999999999999933e-01,0.000000000000000000e+00,2.910000000000000142e+00,1.080000000000000071e+00,0.000000000000000000e+00,0.000000000000000000e+00,1.935000000000000053e+00,1.294999999999999929e+00,0.000000000000000000e+00,2.314999999999999947e+00,2.509999999999999787e+00,0.000000000000000000e+00,1.669999999999999929e+00,3.484999999999999876e+00,6.000000000000000000e+00,2.580000000000000071e+00,0.000000000000000000e+00
7.685500000000000398e+01,4.145000000000000284e+01,0.000000000000000000e+00,1.250000000000000000e-01,0.000000000000000000e+00,0.000000000000000000e+00,1.528500000000000014e+01,3.225000000000000000e+01,7.019999999999999574e+00,2.742000000000000171e+01,0.000000000000000000e+00,0.000000000000000000e+00,0.000000000000000000e+00,6.905000000000000249e+00,7.200000000000000178e+00,3.604999999999999982e+00,2.550000000000000044e-01,0.000000000000000000e+00,1.637000000000000099e+01,0.000000000000000000e+00,2.399999999999999911e+00,3.375000000000000000e+00,4.605000000000000426e+00,7.099999999999999645e-01,7.809999999999999609e+00,7.745000000000000107e+00,5.804999999999999716e+00,6.349000000000000199e+01,0.000000000000000000e+00,4.009999999999999787e+00,3.950000000000000178e-01,2.601500000000000057e+01,4.035000000000000142e+00,5.794500000000000028e+01,4.205000000000000071e+00,3.240000000000000213e+00,1.479999999999999982e+00,4.050000000000000266e-01,0.000000000000000000e+00,0.000000000000000000e+00,1.614999999999999991e+00,8.384999999999999787e+00,3.936500000000000199e+01,2.123499999999999943e+01,5.472500000000000142e+01,0.000000000000000000e+00,2.685000000000000053e+00,0.000000000000000000e+00,0.000000000000000000e+00,1.006000000000000050e+01,0.000000000000000000e+00,6.945000000000000284e+00,0.000000000000000000e+00,0.000000000000000000e+00,1.449999999999999900e-01,0.000000000000000000e+00,1.260500000000000043e+01,2.553000000000000114e+01,9.195000000000000284e+00,0.000000000000000000e+00,1.543999999999999950e+01,5.462500000000000000e+01,9.521500000000000341e+01,4.628499999999999659e+01,5.674999999999999822e+00,3.036499999999999844e+01,0.000000000000000000e+00,0.000000000000000000e+00,5.250000000000000222e-01,1.448000000000000043e+01,1.076500000000000057e+01,0.000000000000000000e+00,2.129999999999999893e+00,2.495000000000000107e+00,4.750000000000000000e+00,0.000000000000000000e+00,0.000000000000000000e+00,3.048000000000000043e+01,0.000000000000000000e+00,0.000000000000000000e+00,0.000000000000000000e+00,5.139999999999999858e+01,3.743500000000000227e+01,3.842999999999999972e+01,7.985000000000000320e+00,0.000000000000000000e+00,4.250000000000000000e+00,0.000000000000000000e+00,7.940000000000001990e+01,6.664499999999999602e+01,0.000000000000000000e+00,0.000000000000000000e+00,0.000000000000000000e+00,0.000000000000000000e+00,0.000000000000000000e+00,0.000000000000000000e+00,0.000000000000000000e+00,5.665000000000000036e+00,0.000000000000000000e+00,2.109999999999999876e+00,3.185000000000000142e+01,3.896999999999999886e+01,4.211999999999999744e+01,5.214500000000000313e+01,3.018499999999999872e+01,5.445000000000000284e+00,1.719999999999999973e+00,5.439000000000000057e+01,5.298499999999999943e+01,5.689000000000000057e+01,2.015000000000000124e+00,0.000000000000000000e+00,4.681499999999999773e+01,9.949999999999999956e-01,0.000000000000000000e+00,0.000000000000000000e+00,0.000000000000000000e+00,2.305000000000000160e+00,1.135000000000000009e+00,2.265000000000000124e+00,0.000000000000000000e+00,5.147999999999999687e+01,0.000000000000000000e+00,0.000000000000000000e+00,0.000000000000000000e+00,0.000000000000000000e+00,0.000000000000000000e+00,0.000000000000000000e+00,4.700500000000000256e+01,6.958499999999999375e+01,0.000000000000000000e+00,4.021999999999999886e+01,2.312500000000000000e+01,1.115499999999999936e+01,2.456500000000000128e+01,4.001500000000000057e+01,0.000000000000000000e+00,3.549999999999999822e-01,1.280000000000000027e+00,8.000000000000000167e-02,9.294999999999999929e+00,1.084999999999999964e+00,0.000000000000000000e+00,0.000000000000000000e+00,1.125000000000000000e+00,0.000000000000000000e+00,0.000000000000000000e+00,7.800000000000000266e-01,2.029999999999999805e+00,1.100000000000000000e+01,1.098000000000000043e+01,0.000000000000000000e+00,1.937999999999999901e+01,1.849999999999999978e-01,1.898999999999999844e+01,3.750000000000000000e-01,0.000000000000000000e+00,3.750000000000000000e+00,1.445000000000000062e+00,1.610000000000000098e+00,2.099999999999999922e-01,0.000000000000000000e+00,2.060000000000000053e+00,1.010000000000000009e+00,3.174999999999999822e+00,1.622500000000000142e+01,3.935000000000000053e+00,1.979999999999999982e+00,1.109999999999999964e+01,5.729500000000000171e+01,2.319999999999999929e+01,4.849999999999999867e-01,0.000000000000000000e+00,5.969999999999999751e+00,2.307000000000000028e+01,0.000000000000000000e+00,0.000000000000000000e+00,0.000000000000000000e+00,3.500000000000000000e+00,4.149999999999999800e-01,2.550000000000000044e-01,0.000000000000000000e+00,0.000000000000000000e+00,5.649999999999999467e-01,7.344999999999999751e+00,2.205000000000000071e+01,1.750000000000000000e+00,8.730000000000000426e+00,4.717499999999999716e+01,3.834999999999999964e+00
0.000000000000000000e+00,0.000000000000000000e+00,0.000000000000000000e+00,0.000000000000000000e+00,0.000000000000000000e+00,0.000000000000000000e+00,1.820000000000000062e+00,0.000000000000000000e+00,0.000000000000000000e+00,0.000000000000000000e+00,0.000000000000000000e+00,9.799999999999999822e-01,3.069999999999999840e+00,2.759999999999999787e+00,3.560000000000000053e+00,0.000000000000000000e+00,0.000000000000000000e+00,2.099999999999999922e-01,2.479999999999999982e+00,0.000000000000000000e+00,3.699999999999999956e-01,2.600000000000000089e-01,3.263000000000000256e+01,8.579999999999999716e+01,4.999000000000000199e+01,6.570000000000000284e+00,5.021999999999999886e+01,9.490000000000000213e+00,0.000000000000000000e+00,9.200000000000000400e-01,1.419999999999999929e+00,5.360000000000000320e+00,0.000000000000000000e+00,4.759999999999999787e+00,2.160000000000000142e+00,4.600000000000000200e-01,0.000000000000000000e+00,0.000000000000000000e+00,0.000000000000000000e+00,0.000000000000000000e+00,0.000000000000000000e+00,1.590000000000000080e+00,2.932000000000000028e+01,4.080000000000000071e+00,9.210000000000000853e+00,9.519999999999999574e+00,0.000000000000000000e+00,0.000000000000000000e+00,5.129999999999999893e+00,6.730000000000000426e+00,0.000000000000000000e+00,0.000000000000000000e+00,4.900000000000000355e+00,5.790000000000000036e+00,1.030000000000000027e+00,2.999999999999999889e-01,0.000000000000000000e+00,0.000000000000000000e+00,0.000000000000000000e+00,0.000000000000000000e+00,3.250000000000000000e+00,0.000000000000000000e+00,5.929999999999999716e+00,0.000000000000000000e+00,1.590000000000000080e+00,0.000000000000000000e+00,0.000000000000000000e+00,3.157000000000000028e+01,2.635000000000000142e+01,5.080000000000000071e+00,0.000000000000000000e+00,0.000000000000000000e+00,2.620000000000000107e+00,5.679999999999999716e+00,1.719999999999999973e+00,0.000000000000000000e+00,3.099999999999999978e-01,0.000000000000000000e+00,1.959999999999999964e+00,3.800000000000000044e-01,0.000000000000000000e+00,6.940000000000000391e+00,5.830000000000000071e+00,0.000000000000000000e+00,9.369999999999999218e+00,1.239999999999999991e+00,3.330000000000000071e+00,2.180000000000000160e+00,1.489999999999999991e+00,6.506000000000000227e+01,3.209999999999999964e+00,4.299999999999999933e-01,2.220000000000000195e+00,2.149999999999999911e+00,2.879999999999999893e+00,2.359999999999999876e+00,6.500000000000000222e-01,0.000000000000000000e+00,0.000000000000000000e+00,1.080000000000000071e+00,2.299999999999999822e+00,1.729999999999999982e+00,2.609999999999999876e+00,4.349999999999999645e+00,5.799999999999999822e+00,1.310000000000000053e+00,6.219999999999999751e+00,5.160999999999999943e+01,1.409999999999999920e+00,2.140000000000000124e+00,7.459999999999999964e+00,6.099999999999999867e-01,4.179999999999999716e+00,9.000000000000000222e-01,2.640000000000000124e+00,1.550000000000000044e+00,2.600000000000000089e+00,2.339999999999999858e+00,4.490000000000000213e+00,9.380000000000000782e+00,1.334999999999999964e+01,5.259999999999999787e+00,2.520000000000000018e+00,3.300000000000000155e-01,1.699999999999999956e+00,0.000000000000000000e+00,2.700000000000000178e-01,1.600000000000000033e-01,1.393999999999999950e+01,1.208000000000000007e+01,2.950000000000000178e+00,5.169999999999999929e+00,1.939999999999999947e+00,1.439999999999999947e+00,1.340000000000000080e+00,7.199999999999999734e-01,4.650000000000000355e+00,0.000000000000000000e+00,1.419999999999999929e+00,3.709999999999999964e+00,5.379999999999999893e+00,0.000000000000000000e+00,0.000000000000000000e+00,1.260000000000000009e+00,0.000000000000000000e+00,0.000000000000000000e+00,0.000000000000000000e+00,0.000000000000000000e+00,2.419999999999999929e+00,1.060000000000000053e+00,1.530000000000000027e+00,9.589999999999999858e+00,3.529999999999999805e+00,6.700000000000000400e-01,7.980000000000000426e+00,6.059999999999999609e+00,1.628999999999999915e+01,6.830000000000000071e+00,0.000000000000000000e+00,1.500000000000000000e+00,0.000000000000000000e+00,7.399999999999999911e-01,0.000000000000000000e+00,2.999999999999999889e-02,7.900000000000000355e-01,1.679999999999999938e+00,1.110000000000000098e+00,1.340000000000000080e+00,1.709999999999999964e+00,0.000000000000000000e+00,3.759999999999999787e+00,3.800000000000000044e-01,0.000000000000000000e+00,0.000000000000000000e+00,2.549999999999999822e+00,3.342000000000000171e+01,4.377000000000000313e+01,7.199999999999999734e-01,7.169999999999999929e+00,0.000000000000000000e+00,3.919999999999999929e+00,0.000000000000000000e+00,2.729999999999999982e+00,1.000000000000000021e-02,1.508999999999999986e+01,0.000000000000000000e+00,0.000000000000000000e+00,2.479999999999999982e+00,2.120000000000000107e+00,0.000000000000000000e+00
8.060000000000000497e+00,3.870000000000000107e+00,7.700000000000000178e-01,1.229999999999999982e+00,1.030000000000000027e+00,2.020000000000000018e+00,2.629999999999999893e+00,2.399999999999999911e+00,1.199999999999999956e-01,0.000000000000000000e+00,1.379999999999999893e+00,1.689999999999999947e+00,5.099999999999999645e+00,2.169999999999999929e+00,3.029999999999999805e+00,0.000000000000000000e+00,0.000000000000000000e+00,1.959999999999999964e+00,3.100000000000000089e+00,1.860000000000000098e+00,0.000000000000000000e+00,0.000000000000000000e+00,1.120000000000000107e+00,2.009999999999999787e+00,2.319999999999999840e+00,1.959999999999999964e+00,6.800000000000000488e-01,4.690000000000000391e+00,0.000000000000000000e+00,2.669999999999999929e+00,8.060000000000000497e+00,0.000000000000000000e+00,1.100000000000000006e-01,0.000000000000000000e+00,3.870000000000000107e+00,7.900000000000000355e-01,3.279999999999999805e+00,2.529999999999999805e+00,1.270000000000000018e+00,0.000000000000000000e+00,1.870000000000000107e+00,2.609999999999999876e+00,2.370000000000000107e+00,0.000000000000000000e+00,2.200000000000000178e+00,1.179999999999999938e+00,0.000000000000000000e+00,1.659999999999999920e+00,5.230000000000000426e+00,6.320000000000000284e+00,8.169999999999999929e+00,2.319999999999999840e+00,3.319999999999999840e+00,8.070000000000000284e+00,2.979999999999999982e+00,2.890000000000000124e+00,5.300000000000000266e-01,1.350000000000000089e+00,3.509999999999999787e+00,0.000000000000000000e+00,3.330000000000000071e+00,5.999999999999999778e-01,1.120000000000000107e+00,3.300000000000000155e-01,2.439999999999999947e+00,2.470000000000000195e+00,2.609999999999999876e+00,7.070000000000000284e+00,3.479999999999999982e+00,7.730000000000000426e+00,0.000000000000000000e+00,5.400000000000000355e-01,4.950000000000000178e+00,4.290000000000000036e+00,7.129999999999999893e+00,1.560000000000000053e+00,2.209999999999999964e+00,2.160000000000000142e+00,3.490000000000000213e+00,1.639999999999999902e+00,0.000000000000000000e+00,6.280000000000000249e+00,4.009999999999999787e+00,1.370000000000000107e+00,2.330000000000000071e+00,6.639999999999999680e+00,5.219999999999999751e+00,4.620000000000000107e+00,3.900000000000000133e-01,1.642999999999999972e+01,2.240000000000000213e+00,3.950000000000000178e+00,3.400000000000000244e-01,0.000000000000000000e+00,1.760000000000000009e+00,4.009999999999999787e+00,4.379999999999999893e+00,1.649999999999999911e+00,3.839999999999999858e+00,7.399999999999999911e-01,2.470000000000000195e+00,0.000000000000000000e+00,2.759999999999999787e+00,2.500000000000000000e+00,2.109999999999999876e+00,8.199999999999999512e-01,6.120000000000000107e+00,1.160999999999999943e+01,3.390000000000000124e+00,1.250000000000000000e+00,4.709999999999999964e+00,0.000000000000000000e+00,3.350000000000000089e+00,1.229999999999999982e+00,3.529999999999999805e+00,1.919999999999999929e+00,6.280000000000000249e+00,1.158000000000000007e+01,3.750000000000000000e+00,3.770000000000000018e+00,3.770000000000000018e+00,0.000000000000000000e+00,5.030000000000000249e+00,4.199999999999999845e-01,2.859999999999999876e+00,2.839999999999999858e+00,3.419999999999999929e+00,0.000000000000000000e+00,7.530000000000000249e+00,3.600000000000000089e+00,2.950000000000000178e+00,4.900000000000000355e+00,3.060000000000000053e+00,0.000000000000000000e+00,1.919999999999999929e+00,2.220000000000000195e+00,0.000000000000000000e+00,5.000000000000000278e-02,0.000000000000000000e+00,4.330000000000000071e+00,3.839999999999999858e+00,2.319999999999999840e+00,6.700000000000000400e-01,4.299999999999999933e-01,2.770000000000000018e+00,2.950000000000000178e+00,3.729999999999999982e+00,3.609999999999999876e+00,3.549999999999999822e+00,2.470000000000000195e+00,1.139999999999999902e+00,9.570000000000000284e+00,1.780000000000000027e+00,0.000000000000000000e+00,6.139999999999999680e+00,0.000000000000000000e+00,1.389999999999999902e+00,5.509999999999999787e+00,6.400000000000000133e-01,1.040000000000000036e+00,3.099999999999999978e-01,1.800000000000000044e+00,1.909999999999999920e+00,0.000000000000000000e+00,1.010000000000000009e+00,2.459999999999999964e+00,3.400000000000000244e-01,2.009999999999999787e+00,5.250000000000000000e+00,1.088000000000000078e+01,0.000000000000000000e+00,0.000000000000000000e+00,0.000000000000000000e+00,0.000000000000000000e+00,4.839999999999999858e+00,2.459999999999999964e+00,1.850000000000000089e+00,0.000000000000000000e+00,3.979999999999999982e+00,2.720000000000000195e+00,3.350000000000000089e+00,0.000000000000000000e+00,2.750000000000000000e+00,1.219999999999999973e+00,8.839999999999999858e+00,2.250000000000000000e+00,0.000000000000000000e+00,3.799999999999999822e+00,2.250000000000000000e+00,4.000000000000000083e-02
1.909999999999999920e+00,4.929999999999999716e+00,0.000000000000000000e+00,0.000000000000000000e+00,9.200000000000000400e-01,5.171000000000000085e+01,6.400000000000000133e-01,6.600000000000000311e-01,2.700000000000000178e-01,1.699999999999999956e+00,1.000000000000000056e-01,5.259999999999999787e+00,0.000000000000000000e+00,0.000000000000000000e+00,0.000000000000000000e+00,0.000000000000000000e+00,1.820000000000000062e+00,0.000000000000000000e+00,0.000000000000000000e+00,1.219999999999999973e+00,0.000000000000000000e+00,8.499999999999999778e-01,1.379999999999999893e+00,1.959999999999999964e+00,1.330000000000000071e+00,0.000000000000000000e+00,1.689999999999999947e+00,1.040000000000000036e+00,2.999999999999999889e-01,0.000000000000000000e+00,4.099999999999999645e+00,4.179999999999999716e+00,0.000000000000000000e+00,1.899999999999999911e+00,0.000000000000000000e+00,0.000000000000000000e+00,0.000000000000000000e+00,0.000000000000000000e+00,0.000000000000000000e+00,0.000000000000000000e+00,0.000000000000000000e+00,4.809999999999999609e+00,1.900000000000000022e-01,1.409999999999999920e+00,0.000000000000000000e+00,1.360000000000000098e+00,0.000000000000000000e+00,1.499999999999999944e-01,2.099999999999999922e-01,5.059999999999999609e+00,1.159999999999999920e+00,1.700000000000000122e-01,0.000000000000000000e+00,0.000000000000000000e+00,7.700000000000000178e+00,4.400000000000000022e-01,0.000000000000000000e+00,0.000000000000000000e+00,2.999999999999999889e-01,5.999999999999999778e-01,0.000000000000000000e+00,1.510000000000000009e+00,8.000000000000000167e-02,1.900000000000000022e-01,8.199999999999999512e-01,2.060000000000000053e+00,0.000000000000000000e+00,5.999999999999999778e-02,3.099999999999999978e-01,7.900000000000000355e-01,0.000000000000000000e+00,1.203999999999999915e+01,1.050000000000000044e+00,0.000000000000000000e+00,2.262999999999999901e+01,0.000000000000000000e+00,5.389999999999999680e+00,0.000000000000000000e+00,0.000000000000000000e+00,0.000000000000000000e+00,1.350000000000000089e+00,1.959999999999999964e+00,0.000000000000000000e+00,4.199999999999999845e-01,1.300000000000000000e+01,3.467000000000000171e+01,4.099999999999999756e-01,0.000000000000000000e+00,2.020000000000000018e+00,1.879999999999999893e+00,0.000000000000000000e+00,0.000000000000000000e+00,0.000000000000000000e+00,0.000000000000000000e+00,1.439999999999999947e+00,0.000000000000000000e+00,1.700000000000000122e-01,0.000000000000000000e+00,0.000000000000000000e+00,2.099999999999999922e-01,4.799999999999999822e-01,0.000000000000000000e+00,2.000000000000000111e-01,4.699999999999999734e-01,0.000000000000000000e+00,5.400000000000000355e-01,0.000000000000000000e+00,5.600000000000000533e-01,5.000000000000000278e-02,0.000000000000000000e+00,0.000000000000000000e+00,0.000000000000000000e+00,5.110000000000000320e+00,0.000000000000000000e+00,0.000000000000000000e+00,0.000000000000000000e+00,1.540000000000000036e+00,4.559999999999999609e+00,1.860000000000000098e+00,7.299999999999999822e-01,8.699999999999999956e-01,1.322000000000000064e+01,2.999999999999999889e-01,8.699999999999999956e-01,0.000000000000000000e+00,1.570000000000000062e+00,0.000000000000000000e+00,0.000000000000000000e+00,2.959999999999999964e+00,1.300000000000000044e+00,0.000000000000000000e+00,2.930000000000000160e+00,0.000000000000000000e+00,5.900000000000000355e+00,0.000000000000000000e+00,0.000000000000000000e+00,1.199999999999999956e-01,0.000000000000000000e+00,0.000000000000000000e+00,0.000000000000000000e+00,5.699999999999999512e-01,1.000000000000000021e-02,0.000000000000000000e+00,0.000000000000000000e+00,0.000000000000000000e+00,0.000000000000000000e+00,6.800000000000000488e-01,0.000000000000000000e+00,0.000000000000000000e+00,8.399999999999999689e-01,2.000000000000000042e-02,1.515000000000000036e+01,0.000000000000000000e+00,2.000000000000000042e-02,4.549999999999999822e+00,1.199999999999999956e-01,2.000000000000000042e-02,7.820000000000000284e+00,1.900000000000000022e-01,1.370000000000000107e+00,1.659999999999999920e+00,1.010000000000000009e+00,1.000000000000000056e-01,5.799999999999999600e-01,3.599999999999999867e-01,1.179999999999999938e+00,0.000000000000000000e+00,4.199999999999999845e-01,0.000000000000000000e+00,0.000000000000000000e+00,2.000000000000000000e+00,4.000000000000000083e-02,0.000000000000000000e+00,0.000000000000000000e+00,1.540000000000000036e+00,2.999999999999999889e-02,0.000000000000000000e+00,0.000000000000000000e+00,0.000000000000000000e+00,9.300000000000000488e-01,3.149999999999999911e+00,1.120000000000000107e+00,5.219999999999999751e+00,3.099999999999999978e-01,5.210000000000000142e+01,4.799999999999999822e-01,0.000000000000000000e+00,0.000000000000000000e+00,0.000000000000000000e+00,0.000000000000000000e+00
5.519999999999999574e+00,2.350000000000000089e+00,2.999999999999999889e-01,0.000000000000000000e+00,8.100000000000000533e-01,1.989999999999999991e+00,3.979999999999999982e+00,2.589999999999999858e+00,3.060000000000000053e+00,0.000000000000000000e+00,1.770000000000000018e+00,3.600000000000000089e+00,2.930000000000000160e+00,3.049999999999999822e+00,1.620000000000000107e+00,2.399999999999999911e-01,1.120000000000000107e+00,2.890000000000000124e+00,2.509999999999999787e+00,3.709999999999999964e+00,3.740000000000000213e+00,1.179999999999999938e+00,2.520000000000000018e+00,3.240000000000000213e+00,0.000000000000000000e+00,5.469999999999999751e+00,7.900000000000000355e-01,1.600000000000000033e-01,2.020000000000000018e+00,1.639999999999999902e+00,3.609999999999999876e+00,1.000000000000000056e-01,3.099999999999999978e-01,2.720000000000000195e+00,8.499999999999999778e-01,4.299999999999999822e+00,1.080000000000000071e+00,1.320000000000000062e+00,1.239999999999999991e+00,3.500000000000000000e+00,0.000000000000000000e+00,1.020000000000000018e+00,1.949999999999999956e+00,1.010000000000000009e+00,1.810000000000000053e+00,2.779999999999999805e+00,5.200000000000000178e-01,2.399999999999999911e+00,4.799999999999999822e+00,0.000000000000000000e+00,2.180000000000000160e+00,1.209999999999999964e+00,3.580000000000000071e+00,3.419999999999999929e+00,5.000000000000000000e-01,1.570000000000000062e+00,1.580000000000000071e+00,8.210000000000000853e+00,6.709999999999999964e+00,4.639999999999999680e+00,3.490000000000000213e+00,2.000000000000000042e-02,3.160000000000000142e+00,4.929999999999999716e+00,1.899999999999999911e+00,1.739999999999999991e+00,3.009999999999999787e+00,6.959999999999999964e+00,6.179999999999999716e+00,5.269999999999999574e+00,0.000000000000000000e+00,1.939999999999999947e+00,4.780000000000000249e+00,4.469999999999999751e+00,2.330000000000000071e+00,2.319999999999999840e+00,1.419999999999999929e+00,1.280000000000000027e+00,1.350000000000000089e+00,9.000000000000000222e-01,0.000000000000000000e+00,3.910000000000000142e+00,3.600000000000000089e+00,2.819999999999999840e+00,1.100000000000000006e-01,3.020000000000000018e+00,2.129999999999999893e+00,2.649999999999999911e+00,9.599999999999999645e-01,6.199999999999999956e-01,1.850000000000000089e+00,5.639999999999999680e+00,2.350000000000000089e+00,3.240000000000000213e+00,4.190000000000000391e+00,0.000000000000000000e+00,2.470000000000000195e+00,1.439999999999999947e+00,1.729999999999999982e+00,6.600000000000000311e-01,8.900000000000000133e-01,1.310000000000000053e+00,4.699999999999999734e-01,2.149999999999999911e+00,2.140000000000000124e+00,3.919999999999999929e+00,6.929999999999999716e+00,3.109999999999999876e+00,5.419999999999999929e+00,2.689999999999999947e+00,6.259999999999999787e+00,0.000000000000000000e+00,1.520000000000000018e+00,3.100000000000000089e+00,3.319999999999999840e+00,2.160000000000000142e+00,1.989999999999999991e+00,2.259999999999999787e+00,5.100000000000000089e-01,0.000000000000000000e+00,1.719999999999999973e+00,0.000000000000000000e+00,3.359999999999999876e+00,1.850000000000000089e+00,3.089999999999999858e+00,0.000000000000000000e+00,0.000000000000000000e+00,1.030000000000000027e+00,4.589999999999999858e+00,4.030000000000000249e+00,1.729999999999999982e+00,1.419999999999999929e+00,2.149999999999999911e+00,5.110000000000000320e+00,1.280000000000000027e+00,7.000000000000000666e-02,1.900000000000000022e-01,2.899999999999999800e-01,6.700000000000000400e-01,1.290000000000000036e+00,2.140000000000000124e+00,7.800000000000000266e-01,3.499999999999999778e-01,1.020000000000000018e+00,9.499999999999999556e-01,2.350000000000000089e+00,2.359999999999999876e+00,1.729999999999999982e+00,1.919999999999999929e+00,9.599999999999999645e-01,1.659999999999999920e+00,0.000000000000000000e+00,0.000000000000000000e+00,3.900000000000000133e-01,3.640000000000000124e+00,6.600000000000000311e-01,1.739999999999999991e+00,4.860000000000000320e+00,1.290000000000000036e+00,3.180000000000000160e+00,1.540000000000000036e+00,1.260000000000000009e+00,4.099999999999999756e-01,1.439999999999999947e+00,1.120000000000000107e+00,2.680000000000000160e+00,2.800000000000000266e-01,2.220000000000000195e+00,5.999999999999999778e-01,4.199999999999999845e-01,6.379999999999999893e+00,1.770000000000000018e+00,0.000000000000000000e+00,0.000000000000000000e+00,3.950000000000000178e+00,1.750000000000000000e+00,1.739999999999999991e+00,6.300000000000000044e-01,2.109999999999999876e+00,3.410000000000000142e+00,4.139999999999999680e+00,1.219999999999999973e+00,1.979999999999999982e+00,1.820000000000000062e+00,0.000000000000000000e+00,3.609999999999999876e+00,0.000000000000000000e+00,0.000000000000000000e+00,1.199999999999999956e+00,1.020000000000000018e+00
2.350000000000000089e+00,3.850000000000000089e+00,5.500000000000000444e-01,1.620000000000000107e+00,1.120000000000000107e+00,2.220000000000000195e+00,2.649999999999999911e+00,4.059999999999999609e+00,1.199999999999999956e+00,0.000000000000000000e+00,3.390000000000000124e+00,0.000000000000000000e+00,5.440000000000000391e+00,4.570000000000000284e+00,5.620000000000000107e+00,2.109999999999999876e+00,0.000000000000000000e+00,2.250000000000000000e+00,3.189999999999999947e+00,0.000000000000000000e+00,0.000000000000000000e+00,0.000000000000000000e+00,6.999999999999999556e-01,3.129999999999999893e+00,2.350000000000000089e+00,1.780000000000000027e+00,1.129999999999999893e+00,3.140000000000000124e+00,1.229999999999999982e+00,6.469999999999999751e+00,0.000000000000000000e+00,3.779999999999999805e+00,1.229999999999999982e+00,3.292000000000000171e+01,4.480000000000000426e+00,7.780000000000000249e+00,2.939999999999999947e+00,2.069999999999999840e+00,2.450000000000000178e+00,0.000000000000000000e+00,7.600000000000000089e-01,3.099999999999999978e-01,4.110000000000000320e+00,3.800000000000000044e-01,2.729999999999999982e+00,0.000000000000000000e+00,4.320000000000000284e+00,6.019999999999999574e+00,2.244000000000000128e+01,1.714000000000000057e+01,6.459999999999999964e+00,5.849999999999999645e+00,8.199999999999999512e-01,5.339999999999999858e+00,3.270000000000000018e+00,2.740000000000000213e+00,7.900000000000000355e-01,1.870000000000000107e+00,3.250000000000000000e+00,6.600000000000000311e-01,7.219999999999999751e+00,2.189999999999999947e+00,6.139999999999999680e+00,0.000000000000000000e+00,1.360000000000000098e+00,6.790000000000000036e+00,1.330000000000000071e+00,2.879999999999999893e+00,4.089999999999999858e+00,6.200000000000000178e+00,4.839999999999999858e+00,2.620000000000000107e+00,3.580000000000000071e+00,1.059999999999999964e+01,5.919999999999999929e+00,1.639999999999999902e+00,0.000000000000000000e+00,2.020000000000000018e+00,3.020000000000000018e+00,1.270000000000000018e+00,0.000000000000000000e+00,4.259999999999999787e+00,1.113000000000000078e+01,3.240000000000000213e+00,8.039999999999999147e+00,4.179999999999999716e+00,8.460000000000000853e+00,4.450000000000000178e+00,0.000000000000000000e+00,1.127999999999999936e+01,5.549999999999999822e+00,3.990000000000000213e+00,2.099999999999999922e-01,0.000000000000000000e+00,1.250000000000000000e+00,4.860000000000000320e+00,4.500000000000000111e-01,1.860000000000000098e+00,4.679999999999999716e+00,1.189999999999999947e+00,2.700000000000000178e+00,2.600000000000000089e-01,1.840000000000000080e+00,1.280000000000000027e+00,1.305000000000000071e+01,1.709999999999999964e+00,8.250000000000000000e+00,1.048000000000000043e+01,3.560000000000000053e+00,2.939999999999999947e+00,0.000000000000000000e+00,9.699999999999999734e-01,3.850000000000000089e+00,4.759999999999999787e+00,7.769999999999999574e+00,4.400000000000000355e+00,5.910000000000000142e+00,5.489000000000000057e+01,2.689999999999999947e+00,4.540000000000000036e+00,4.759999999999999787e+00,3.542000000000000171e+01,6.009999999999999787e+00,1.459999999999999964e+00,3.310000000000000053e+00,0.000000000000000000e+00,5.750000000000000000e+00,0.000000000000000000e+00,1.296000000000000085e+01,1.026999999999999957e+01,3.640000000000000124e+00,5.080000000000000071e+00,4.940000000000000391e+00,7.160000000000000142e+00,1.320000000000000062e+00,1.179999999999999938e+00,2.800000000000000266e-01,3.400000000000000244e-01,3.419999999999999929e+00,4.717000000000000171e+01,5.379999999999999893e+00,2.660000000000000142e+00,0.000000000000000000e+00,9.300000000000000488e-01,2.470000000000000195e+00,1.479999999999999982e+00,1.810000000000000053e+00,2.479999999999999982e+00,9.599999999999999645e-01,4.610000000000000320e+00,3.000000000000000000e+00,1.181000000000000050e+01,3.479999999999999982e+00,3.020000000000000018e+00,7.139999999999999680e+00,0.000000000000000000e+00,2.600000000000000089e+00,6.639999999999999680e+00,5.190000000000000391e+00,7.089999999999999858e+00,5.910000000000000142e+00,2.890000000000000124e+00,2.790000000000000036e+00,5.570000000000000284e+00,2.169999999999999929e+00,3.850000000000000089e+00,0.000000000000000000e+00,5.080000000000000071e+00,3.899999999999999911e+00,1.088000000000000078e+01,2.255999999999999872e+01,1.580000000000000071e+00,0.000000000000000000e+00,0.000000000000000000e+00,6.360000000000000320e+00,6.690000000000000391e+00,7.120000000000000107e+00,0.000000000000000000e+00,1.639999999999999902e+00,3.549999999999999822e+00,2.149999999999999911e+00,7.500000000000000000e-01,4.459999999999999964e+00,4.530000000000000249e+00,8.359999999999999432e+00,3.450000000000000178e+00,0.000000000000000000e+00,4.040000000000000036e+00,1.155000000000000071e+01,1.780000000000000027e+00
3.669999999999999929e+00,3.069999999999999840e+00,6.999999999999999556e-01,1.300000000000000044e+00,1.330000000000000071e+00,3.709999999999999964e+00,1.699999999999999956e+00,4.230000000000000426e+00,1.219999999999999973e+00,0.000000000000000000e+00,3.740000000000000213e+00,0.000000000000000000e+00,5.280000000000000249e+00,1.040000000000000036e+00,2.240000000000000213e+00,9.599999999999999645e-01,0.000000000000000000e+00,8.050000000000000711e+00,1.320000000000000062e+00,0.000000000000000000e+00,1.400000000000000133e-01,0.000000000000000000e+00,3.699999999999999956e-01,1.689999999999999947e+00,1.129999999999999893e+00,2.069999999999999840e+00,6.700000000000000400e-01,3.750000000000000000e+00,1.600000000000000089e+00,4.099999999999999645e+00,2.600000000000000089e+00,1.020000000000000018e+00,3.290000000000000036e+00,3.250000000000000000e+00,7.330000000000000071e+00,3.700000000000000000e+01,4.150000000000000355e+00,2.939999999999999947e+00,4.269999999999999574e+00,4.370000000000000107e+00,1.629999999999999893e+00,2.100000000000000089e+00,3.359999999999999876e+00,0.000000000000000000e+00,2.569999999999999840e+00,5.999999999999999778e-01,2.310000000000000053e+00,5.299999999999999822e+00,7.759999999999999787e+00,8.259999999999999787e+00,4.669999999999999929e+00,1.850000000000000089e+00,9.300000000000000488e-01,9.259999999999999787e+00,7.030000000000000249e+00,2.720000000000000195e+00,3.140000000000000124e+00,3.729999999999999982e+00,7.570000000000000284e+00,0.000000000000000000e+00,5.330000000000000071e+00,1.320000000000000062e+00,1.500000000000000000e+00,4.639999999999999680e+00,1.700000000000000122e-01,2.959999999999999964e+00,4.709999999999999964e+00,3.169999999999999929e+00,3.169999999999999929e+00,3.069999999999999840e+00,3.910000000000000142e+00,3.649999999999999911e+00,5.839999999999999858e+00,7.530000000000000249e+00,2.629999999999999893e+00,3.339999999999999858e+00,0.000000000000000000e+00,1.659999999999999920e+00,4.929999999999999716e+00,4.600000000000000200e-01,0.000000000000000000e+00,5.299999999999999822e+00,4.450000000000000178e+00,2.000000000000000000e+00,3.060000000000000053e+00,4.620000000000000107e+00,5.639999999999999680e+00,4.129999999999999893e+00,1.010000000000000009e+00,7.519999999999999574e+00,2.939999999999999947e+00,1.293999999999999950e+01,3.939999999999999947e+00,2.890000000000000124e+00,6.628000000000000114e+01,3.899999999999999911e+00,8.580000000000000071e+00,2.060000000000000053e+00,2.764999999999999858e+01,1.699999999999999956e+00,3.310000000000000053e+00,0.000000000000000000e+00,4.030000000000000249e+00,8.599999999999999867e-01,2.149999999999999911e+00,2.220000000000000195e+00,3.200000000000000067e-01,7.759999999999999787e+00,4.709999999999999964e+00,2.629999999999999893e+00,0.000000000000000000e+00,0.000000000000000000e+00,3.319999999999999840e+00,2.520000000000000018e+00,5.200000000000000178e+00,3.540000000000000036e+00,2.959999999999999964e+00,5.089999999999999858e+00,2.109999999999999876e+00,2.350000000000000089e+00,4.759999999999999787e+00,1.510000000000000009e+00,5.860000000000000320e+00,2.029999999999999805e+00,3.990000000000000213e+00,3.379999999999999893e+00,6.999999999999999556e-01,8.199999999999999512e-01,1.357000000000000028e+01,8.619999999999999218e+00,1.229999999999999982e+00,2.339999999999999858e+00,4.559999999999999609e+00,0.000000000000000000e+00,3.910000000000000142e+00,1.870000000000000107e+00,3.400000000000000244e-01,9.499999999999999556e-01,1.550000000000000044e+00,1.489999999999999991e+00,1.250000000000000000e+00,2.279999999999999805e+00,1.139999999999999902e+00,7.800000000000000266e-01,3.490000000000000213e+00,5.799999999999999822e+00,4.750000000000000000e+00,6.160000000000000142e+00,1.300000000000000044e+00,2.549999999999999822e+00,3.060000000000000053e+00,6.769999999999999574e+00,3.290000000000000036e+00,0.000000000000000000e+00,1.169999999999999929e+00,6.999999999999999556e-01,3.229999999999999982e+00,6.650000000000000355e+00,1.810000000000000053e+00,3.089999999999999858e+00,9.000000000000000222e-01,1.860000000000000098e+00,3.350000000000000089e+00,1.560000000000000053e+00,6.899999999999999467e-01,3.609999999999999876e+00,4.000000000000000083e-02,5.139999999999999680e+00,2.040000000000000036e+00,4.440000000000000391e+00,2.310000000000000053e+00,0.000000000000000000e+00,0.000000000000000000e+00,0.000000000000000000e+00,4.559999999999999609e+00,7.549999999999999822e+00,7.059999999999999609e+00,0.000000000000000000e+00,0.000000000000000000e+00,6.049999999999999822e+00,1.800000000000000044e+00,1.699999999999999956e+00,4.440000000000000391e+00,3.069999999999999840e+00,0.000000000000000000e+00,2.500000000000000000e+00,0.000000000000000000e+00,3.689999999999999947e+00,2.549999999999999822e+00,2.899999999999999911e+00
1.510000000000000009e+00,5.349999999999999645e+00,1.550000000000000044e+00,2.000000000000000111e-01,1.600000000000000089e+00,6.999999999999999556e-01,6.300000000000000044e-01,7.199999999999999734e-01,5.600000000000000533e-01,0.000000000000000000e+00,1.600000000000000089e+00,1.469999999999999973e+00,3.819999999999999840e+00,0.000000000000000000e+00,0.000000000000000000e+00,5.899999999999999689e-01,1.449999999999999956e+00,1.280000000000000027e+00,1.080000000000000071e+00,1.129999999999999893e+00,0.000000000000000000e+00,0.000000000000000000e+00,5.000000000000000278e-02,7.800000000000000266e-01,0.000000000000000000e+00,1.810000000000000053e+00,0.000000000000000000e+00,5.780000000000000249e+00,0.000000000000000000e+00,0.000000000000000000e+00,1.929999999999999938e+00,2.600000000000000089e-01,0.000000000000000000e+00,6.400000000000000133e-01,1.030000000000000027e+00,8.299999999999999600e-01,8.999999999999999667e-02,4.799999999999999822e-01,0.000000000000000000e+00,0.000000000000000000e+00,4.179999999999999716e+00,9.109999999999999432e+00,0.000000000000000000e+00,2.080000000000000071e+00,7.199999999999999734e-01,8.999999999999999667e-02,1.919999999999999929e+00,4.320000000000000284e+00,6.450000000000000178e+00,4.280000000000000249e+00,3.120000000000000107e+00,6.700000000000000400e-01,0.000000000000000000e+00,2.999999999999999889e-02,1.610000000000000098e+00,3.499999999999999778e-01,5.250000000000000000e+00,4.600000000000000200e-01,4.400000000000000022e-01,4.129999999999999893e+00,7.199999999999999734e-01,4.000000000000000222e-01,9.599999999999999645e-01,3.089999999999999858e+00,7.000000000000000666e-02,2.200000000000000011e-01,4.849999999999999645e+00,9.899999999999999911e-01,1.969999999999999973e+00,3.459999999999999964e+00,7.299999999999999822e-01,2.629999999999999893e+00,0.000000000000000000e+00,2.049999999999999822e+00,1.649999999999999911e+00,4.049999999999999822e+00,0.000000000000000000e+00,7.900000000000000355e-01,3.740000000000000213e+00,2.879999999999999893e+00,7.000000000000000666e-02,2.350000000000000089e+00,0.000000000000000000e+00,1.810000000000000053e+00,0.000000000000000000e+00,1.320000000000000062e+00,8.800000000000000044e-01,0.000000000000000000e+00,2.330000000000000071e+00,1.629999999999999893e+00,0.000000000000000000e+00,6.850000000000000000e+01,4.899999999999999911e-01,1.659999999999999920e+00,6.545000000000000284e+01,2.250000000000000000e+00,3.390000000000000124e+00,0.000000000000000000e+00,2.235000000000000142e+01,0.000000000000000000e+00,5.500000000000000444e-01,0.000000000000000000e+00,0.000000000000000000e+00,0.000000000000000000e+00,0.000000000000000000e+00,0.000000000000000000e+00,4.849999999999999645e+00,4.799999999999999822e-01,5.000000000000000278e-02,7.800000000000000266e-01,5.650000000000000355e+00,1.169999999999999929e+00,2.640000000000000124e+00,4.799999999999999822e-01,0.000000000000000000e+00,4.080000000000000071e+00,0.000000000000000000e+00,5.750000000000000000e+00,1.439999999999999947e+00,0.000000000000000000e+00,1.600000000000000033e-01,7.099999999999999645e-01,0.000000000000000000e+00,1.000000000000000021e-02,0.000000000000000000e+00,5.719999999999999751e+00,4.509999999999999787e+00,1.270000000000000018e+00,3.720000000000000195e+00,3.390000000000000124e+00,1.810000000000000053e+00,0.000000000000000000e+00,1.409999999999999920e+00,7.459999999999999964e+00,0.000000000000000000e+00,2.069999999999999840e+00,1.120000000000000107e+00,0.000000000000000000e+00,3.400000000000000244e-01,8.699999999999999956e-01,0.000000000000000000e+00,1.499999999999999944e-01,4.500000000000000111e-01,9.699999999999999734e-01,0.000000000000000000e+00,1.189999999999999947e+00,5.200000000000000178e-01,6.500000000000000222e-01,7.900000000000000355e-01,7.099999999999999645e-01,9.699999999999999734e-01,0.000000000000000000e+00,1.340000000000000080e+00,0.000000000000000000e+00,1.949999999999999956e+00,0.000000000000000000e+00,8.299999999999999600e-01,0.000000000000000000e+00,4.199999999999999845e-01,5.699999999999999512e-01,3.200000000000000067e-01,2.399999999999999911e-01,0.000000000000000000e+00,5.300000000000000266e-01,2.180000000000000160e+00,3.099999999999999978e-01,2.410000000000000142e+00,0.000000000000000000e+00,5.190000000000000391e+00,8.100000000000000533e-01,0.000000000000000000e+00,9.000000000000000222e-01,0.000000000000000000e+00,9.799999999999999822e-01,3.129999999999999893e+00,2.300000000000000100e-01,8.499999999999999778e-01,3.979999999999999982e+00,1.330000000000000071e+00,2.020000000000000018e+00,1.560000000000000053e+00,0.000000000000000000e+00,1.159999999999999920e+00,5.300000000000000266e-01,0.000000000000000000e+00,1.750000000000000000e+00,0.000000000000000000e+00,9.899999999999999911e-01,4.899999999999999911e-01,4.699999999999999734e-01
0.000000000000000000e+00,0.000000000000000000e+00,0.000000000000000000e+00,2.999999999999999889e-02,7.000000000000000666e-02,0.000000000000000000e+00,0.000000000000000000e+00,0.000000000000000000e+00,0.000000000000000000e+00,0.000000000000000000e+00,0.000000000000000000e+00,2.049999999999999822e+00,5.549999999999999822e+00,0.000000000000000000e+00,1.169999999999999929e+00,0.000000000000000000e+00,0.000000000000000000e+00,2.600000000000000089e+00,2.750000000000000000e+00,3.400000000000000244e-01,1.600000000000000033e-01,6.899999999999999467e-01,0.000000000000000000e+00,0.000000000000000000e+00,4.599999999999999645e+00,0.000000000000000000e+00,0.000000000000000000e+00,0.000000000000000000e+00,1.360000000000000098e+00,1.429999999999999938e+00,8.210000000000000853e+00,0.000000000000000000e+00,0.000000000000000000e+00,2.430000000000000160e+00,3.379999999999999893e+00,2.790000000000000036e+00,7.099999999999999645e-01,0.000000000000000000e+00,0.000000000000000000e+00,2.850000000000000089e+00,0.000000000000000000e+00,2.200000000000000011e-01,3.200000000000000067e-01,0.000000000000000000e+00,2.100000000000000089e+00,0.000000000000000000e+00,0.000000000000000000e+00,0.000000000000000000e+00,6.290000000000000036e+00,2.729999999999999982e+00,1.149999999999999911e+00,0.000000000000000000e+00,5.389999999999999680e+00,3.419999999999999929e+00,3.339999999999999858e+00,2.319999999999999840e+00,0.000000000000000000e+00,7.000000000000000666e-02,1.780000000000000027e+00,0.000000000000000000e+00,4.759999999999999787e+00,2.479999999999999982e+00,2.129999999999999893e+00,0.000000000000000000e+00,1.520000000000000018e+00,0.000000000000000000e+00,5.169999999999999929e+00,3.599999999999999867e-01,0.000000000000000000e+00,4.389999999999999680e+00,0.000000000000000000e+00,0.000000000000000000e+00,6.950000000000000178e+00,5.660000000000000142e+00,5.650000000000000355e+00,1.929999999999999938e+00,4.089999999999999858e+00,0.000000000000000000e+00,4.610000000000000320e+00,1.060000000000000053e+00,0.000000000000000000e+00,4.610000000000000320e+00,4.950000000000000178e+00,0.000000000000000000e+00,0.000000000000000000e+00,1.830000000000000071e+00,3.850000000000000089e+00,6.349999999999999645e+00,1.459999999999999964e+00,5.650000000000000355e+00,8.300000000000000711e+00,6.730000000000000426e+00,1.419999999999999929e+00,1.959999999999999964e+00,9.970000000000000639e+00,2.959999999999999964e+00,4.089999999999999858e+00,1.409999999999999920e+00,5.019999999999999574e+00,1.560000000000000053e+00,2.819999999999999840e+00,1.600000000000000089e+00,1.400000000000000133e-01,2.020000000000000018e+00,4.870000000000000107e+00,2.040000000000000036e+00,4.089999999999999858e+00,5.419999999999999929e+00,2.029999999999999805e+00,8.599999999999999867e-01,1.100000000000000089e+00,0.000000000000000000e+00,2.379999999999999893e+00,2.479999999999999982e+00,4.280000000000000249e+00,3.459999999999999964e+00,5.570000000000000284e+00,6.679999999999999716e+00,2.649999999999999911e+00,3.470000000000000195e+00,2.790000000000000036e+00,1.000000000000000000e+00,7.919999999999999929e+00,1.550000000000000044e+00,4.160000000000000142e+00,0.000000000000000000e+00,0.000000000000000000e+00,0.000000000000000000e+00,4.509999999999999787e+00,1.360000000000000098e+00,1.139999999999999902e+00,4.660000000000000142e+00,5.440000000000000391e+00,0.000000000000000000e+00,3.660000000000000142e+00,2.020000000000000018e+00,2.000000000000000111e-01,0.000000000000000000e+00,6.400000000000000133e-01,3.200000000000000178e+00,3.740000000000000213e+00,0.000000000000000000e+00,0.000000000000000000e+00,8.499999999999999778e-01,2.609999999999999876e+00,1.000000000000000000e+00,2.800000000000000266e-01,2.089999999999999858e+00,2.069999999999999840e+00,3.250000000000000000e+00,2.660000000000000142e+00,6.589999999999999858e+00,2.200000000000000178e+00,8.410000000000000142e+00,8.830000000000000071e+00,1.510000000000000009e+00,3.859999999999999876e+00,4.750000000000000000e+00,2.779999999999999805e+00,3.069999999999999840e+00,2.000000000000000000e+00,3.069999999999999840e+00,1.449999999999999956e+00,1.590000000000000080e+00,1.209999999999999964e+00,5.070000000000000284e+00,2.669999999999999929e+00,1.379999999999999893e+00,1.090000000000000080e+00,5.110000000000000320e+00,0.000000000000000000e+00,0.000000000000000000e+00,0.000000000000000000e+00,0.000000000000000000e+00,2.709999999999999964e+00,4.120000000000000107e+00,3.279999999999999805e+00,0.000000000000000000e+00,1.159999999999999920e+00,1.000000000000000021e-02,4.450000000000000178e+00,6.500000000000000222e-01,4.059999999999999609e+00,1.649999999999999911e+00,1.166999999999999993e+01,0.000000000000000000e+00,0.000000000000000000e+00,2.850000000000000089e+00,2.580000000000000071e+00,0.000000000000000000e+00
8.299999999999999600e-01,3.629999999999999893e+00,7.600000000000000089e-01,2.189999999999999947e+00,0.000000000000000000e+00,8.900000000000000133e-01,2.870000000000000107e+00,1.050000000000000044e+00,1.159999999999999920e+00,0.000000000000000000e+00,2.899999999999999800e-01,1.939999999999999947e+00,5.100000000000000089e-01,2.870000000000000107e+00,3.089999999999999858e+00,4.199999999999999845e-01,2.350000000000000089e+00,2.020000000000000018e+00,1.199999999999999956e+00,1.050000000000000044e+00,2.200000000000000011e-01,0.000000000000000000e+00,3.509999999999999787e+00,2.700000000000000000e+01,1.485999999999999943e+01,1.360000000000000098e+00,9.160000000000000142e+00,0.000000000000000000e+00,2.500000000000000000e-01,4.000000000000000083e-02,8.720000000000000639e+00,1.979999999999999982e+00,0.000000000000000000e+00,2.640000000000000124e+00,0.000000000000000000e+00,7.000000000000000666e-02,7.800000000000000266e-01,3.099999999999999978e-01,1.810000000000000053e+00,4.600000000000000200e-01,6.620000000000000107e+00,0.000000000000000000e+00,0.000000000000000000e+00,0.000000000000000000e+00,4.299999999999999933e-01,0.000000000000000000e+00,1.340000000000000080e+00,0.000000000000000000e+00,0.000000000000000000e+00,0.000000000000000000e+00,2.459999999999999964e+00,6.500000000000000222e-01,1.000000000000000056e-01,6.450000000000000178e+00,1.020000000000000018e+00,0.000000000000000000e+00,1.000000000000000056e-01,2.390000000000000124e+00,4.040000000000000036e+00,0.000000000000000000e+00,0.000000000000000000e+00,8.299999999999999600e-01,1.356000000000000050e+01,2.089999999999999858e+00,0.000000000000000000e+00,1.219999999999999973e+00,0.000000000000000000e+00,4.099999999999999645e+00,1.899999999999999911e+00,1.399999999999999911e+00,0.000000000000000000e+00,0.000000000000000000e+00,1.919999999999999929e+00,0.000000000000000000e+00,0.000000000000000000e+00,0.000000000000000000e+00,2.089999999999999858e+00,6.600000000000000311e-01,0.000000000000000000e+00,0.000000000000000000e+00,3.300000000000000155e-01,2.620000000000000107e+00,2.782000000000000028e+01,1.149999999999999911e+00,6.440000000000000391e+00,2.099999999999999922e-01,1.199999999999999956e-01,1.300000000000000044e-01,1.010000000000000009e+00,2.728999999999999915e+01,0.000000000000000000e+00,3.100000000000000089e+00,2.700000000000000178e-01,0.000000000000000000e+00,1.290000000000000036e+00,2.339999999999999858e+00,2.379999999999999893e+00,0.000000000000000000e+00,2.899999999999999911e+00,2.000000000000000042e-02,5.000000000000000000e-01,0.000000000000000000e+00,0.000000000000000000e+00,1.510000000000000009e+00,0.000000000000000000e+00,0.000000000000000000e+00,1.070000000000000062e+00,1.619999999999999929e+01,2.000000000000000042e-02,0.000000000000000000e+00,0.000000000000000000e+00,6.600000000000000311e-01,2.689999999999999947e+00,0.000000000000000000e+00,9.399999999999999467e-01,0.000000000000000000e+00,2.580000000000000071e+00,2.000000000000000000e+00,0.000000000000000000e+00,3.810000000000000053e+00,4.950000000000000178e+00,2.173999999999999844e+01,0.000000000000000000e+00,1.600000000000000033e-01,2.099999999999999922e-01,0.000000000000000000e+00,0.000000000000000000e+00,3.800000000000000044e-01,1.219999999999999929e+01,8.119999999999999218e+00,1.900000000000000022e-01,1.320000000000000062e+00,1.110000000000000098e+00,6.339999999999999858e+00,0.000000000000000000e+00,1.229999999999999982e+00,7.700000000000000178e-01,2.800000000000000266e-01,0.000000000000000000e+00,6.700000000000000400e-01,5.899999999999999689e-01,2.700000000000000178e-01,1.300000000000000044e-01,0.000000000000000000e+00,0.000000000000000000e+00,9.599999999999999645e-01,1.620000000000000107e+00,8.699999999999999956e-01,2.600000000000000089e-01,3.599999999999999867e-01,0.000000000000000000e+00,1.760000000000000009e+00,0.000000000000000000e+00,2.600000000000000089e-01,3.850000000000000089e+00,9.699999999999999734e-01,0.000000000000000000e+00,2.419999999999999929e+00,2.099999999999999922e-01,5.000000000000000278e-02,3.400000000000000244e-01,0.000000000000000000e+00,9.499999999999999556e-01,1.620000000000000107e+00,5.200000000000000178e-01,9.699999999999999734e-01,1.129999999999999893e+00,0.000000000000000000e+00,1.139999999999999902e+00,0.000000000000000000e+00,5.899999999999999689e-01,0.000000000000000000e+00,0.000000000000000000e+00,0.000000000000000000e+00,3.200000000000000067e-01,1.101999999999999957e+01,1.637999999999999901e+01,2.169999999999999929e+00,0.000000000000000000e+00,1.520000000000000018e+00,0.000000000000000000e+00,0.000000000000000000e+00,0.000000000000000000e+00,0.000000000000000000e+00,7.530000000000000249e+00,1.239999999999999991e+00,1.199999999999999956e+00,0.000000000000000000e+00,0.000000000000000000e+00,1.310000000000000053e+00
5.763000000000000256e+01,4.182999999999999829e+01,1.290000000000000036e+00,1.219999999999999973e+00,1.479999999999999982e+00,8.499999999999999778e-01,4.070000000000000284e+00,9.330000000000000071e+00,1.316000000000000014e+01,0.000000000000000000e+00,7.629999999999999893e+00,8.130000000000000782e+00,3.100000000000000089e+00,3.830000000000000071e+00,4.820000000000000284e+00,8.800000000000000044e-01,2.109999999999999876e+00,3.479999999999999982e+00,3.839999999999999858e+00,1.550000000000000044e+00,7.099999999999999645e-01,9.200000000000000400e-01,4.200000000000000000e+01,3.035000000000000142e+01,6.610000000000000320e+00,1.048000000000000043e+01,3.878999999999999915e+01,1.216999999999999993e+01,7.709999999999999964e+00,5.730000000000000426e+00,9.759999999999999787e+00,2.830000000000000071e+00,2.109999999999999876e+00,2.157999999999999829e+01,4.780000000000000249e+00,5.650000000000000355e+00,1.209999999999999964e+00,5.999999999999999778e-01,1.090000000000000080e+00,9.179999999999999716e+00,1.169999999999999929e+00,3.819999999999999840e+00,1.610999999999999943e+01,1.134999999999999964e+01,1.172000000000000064e+01,7.019999999999999574e+00,3.620000000000000107e+00,3.439999999999999947e+00,8.169999999999999929e+00,1.030000000000000071e+01,3.319999999999999840e+00,3.209999999999999964e+00,2.600000000000000089e-01,8.939999999999999503e+00,4.269999999999999574e+00,1.820000000000000062e+00,7.399999999999999911e-01,1.790000000000000036e+00,4.629999999999999893e+00,4.929999999999999716e+00,1.415000000000000036e+01,2.080000000000000071e+00,6.900000000000000355e+00,4.349999999999999645e+00,1.610000000000000098e+00,1.435999999999999943e+01,0.000000000000000000e+00,7.890000000000001990e+01,7.660999999999999943e+01,1.275000000000000000e+01,5.990000000000000213e+00,5.000000000000000278e-02,2.819999999999999840e+00,2.959999999999999964e+00,1.169999999999999929e+00,3.250000000000000000e+00,0.000000000000000000e+00,1.149999999999999911e+00,4.400000000000000355e+00,1.760000000000000009e+00,3.200000000000000067e-01,1.760999999999999943e+01,4.546999999999999886e+01,3.514999999999999858e+01,4.339999999999999858e+00,3.149999999999999911e+00,4.010000000000000142e+01,1.760000000000000009e+00,3.339999999999999858e+00,2.596999999999999886e+01,1.550000000000000044e+00,2.439999999999999947e+00,1.879999999999999893e+00,6.190000000000000391e+00,7.040000000000000036e+00,1.780000000000000027e+00,2.080000000000000071e+00,2.939999999999999947e+00,9.720000000000000639e+00,1.600000000000000033e-01,2.740000000000000213e+00,9.899999999999999911e-01,6.059999999999999609e+00,1.969999999999999973e+00,8.199999999999999512e-01,2.089999999999999858e+00,4.889999999999999680e+00,1.746999999999999886e+01,1.540000000000000036e+01,1.175999999999999979e+01,9.369999999999999218e+00,2.299999999999999822e+00,1.344999999999999929e+01,1.939999999999999947e+00,2.569999999999999840e+00,3.569999999999999840e+00,2.879999999999999893e+00,4.669999999999999929e+00,6.490000000000000213e+00,2.410000000000000142e+00,4.040000000000000036e+00,4.849999999999999645e+00,2.350000000000000089e+00,9.399999999999999467e-01,1.830000000000000071e+00,5.900000000000000355e+00,4.600000000000000200e-01,9.399999999999999467e-01,6.396000000000000085e+01,5.496999999999999886e+01,6.080000000000000071e+00,3.009999999999999787e+00,3.450000000000000178e+00,0.000000000000000000e+00,1.139999999999999902e+00,9.399999999999999467e-01,1.649999999999999911e+00,0.000000000000000000e+00,7.099999999999999645e-01,2.359999999999999876e+00,2.000000000000000042e-02,1.570000000000000062e+00,2.000000000000000042e-02,2.330000000000000071e+00,2.270000000000000018e+00,1.300000000000000044e+00,1.260000000000000009e+00,1.850000000000000089e+00,2.910000000000000142e+00,1.709999999999999964e+00,1.129999999999999893e+00,2.759999999999999787e+00,2.509999999999999787e+00,2.819999999999999840e+00,1.072000000000000064e+01,1.939999999999999947e+00,3.520000000000000018e+00,4.610000000000000320e+00,2.759999999999999787e+00,2.279999999999999805e+00,1.209999999999999964e+00,2.850000000000000089e+00,8.980000000000000426e+00,1.629999999999999893e+00,2.850000000000000089e+00,4.360000000000000320e+00,4.849999999999999645e+00,2.689999999999999947e+00,1.065000000000000036e+01,2.862000000000000099e+01,2.976000000000000156e+01,1.919999999999999929e+00,7.099999999999999645e-01,1.360000000000000098e+00,8.900000000000000355e+00,4.969999999999999751e+00,5.589999999999999858e+00,0.000000000000000000e+00,3.259999999999999787e+00,3.870000000000000107e+00,4.980000000000000426e+00,1.629999999999999893e+00,1.820000000000000062e+00,7.299999999999999822e-01,7.429999999999999716e+00,4.870000000000000107e+00,1.209999999999999964e+00,7.299999999999999822e+00,1.962000000000000099e+01,1.260000000000000009e+00
1.235999999999999943e+01,1.992999999999999972e+01,0.000000000000000000e+00,0.000000000000000000e+00,0.000000000000000000e+00,0.000000000000000000e+00,0.000000000000000000e+00,0.000000000000000000e+00,0.000000000000000000e+00,0.000000000000000000e+00,8.299999999999999600e-01,1.117999999999999972e+01,7.690000000000000391e+00,3.459999999999999964e+00,2.490000000000000213e+00,0.000000000000000000e+00,1.799999999999999933e-01,6.309999999999999609e+00,4.519999999999999574e+00,0.000000000000000000e+00,0.000000000000000000e+00,4.699999999999999734e-01,0.000000000000000000e+00,0.000000000000000000e+00,2.819999999999999840e+00,0.000000000000000000e+00,0.000000000000000000e+00,0.000000000000000000e+00,0.000000000000000000e+00,3.379999999999999893e+00,4.820000000000000284e+00,2.779999999999999805e+00,0.000000000000000000e+00,8.019999999999999574e+00,8.080000000000000071e+00,7.750000000000000000e+00,1.820000000000000062e+00,5.899999999999999689e-01,0.000000000000000000e+00,3.160000000000000142e+00,0.000000000000000000e+00,1.729999999999999982e+00,1.169999999999999929e+00,0.000000000000000000e+00,2.240000000000000213e+00,0.000000000000000000e+00,3.945000000000000284e+01,1.238000000000000078e+01,3.735000000000000142e+01,1.511999999999999922e+01,0.000000000000000000e+00,3.890000000000000124e+00,1.860000000000000098e+00,1.207000000000000028e+01,4.179999999999999716e+00,2.279999999999999805e+00,2.339999999999999858e+00,1.540000000000000036e+00,3.740000000000000213e+00,0.000000000000000000e+00,9.400000000000000355e+00,3.270000000000000018e+00,2.500000000000000000e+00,0.000000000000000000e+00,6.950000000000000178e+00,3.990000000000000213e+00,1.060000000000000053e+00,0.000000000000000000e+00,0.000000000000000000e+00,2.064000000000000057e+01,0.000000000000000000e+00,0.000000000000000000e+00,5.959999999999999964e+00,5.040000000000000036e+00,7.589999999999999858e+00,2.979999999999999982e+00,1.459999999999999964e+00,0.000000000000000000e+00,1.699999999999999956e+00,1.659999999999999920e+00,0.000000000000000000e+00,4.580000000000000071e+00,1.194999999999999929e+01,1.969999999999999973e+00,1.540000000000000036e+00,6.070000000000000284e+00,2.194000000000000128e+01,6.509999999999999787e+00,1.250000000000000000e+00,8.400000000000000355e+00,4.589999999999999858e+00,3.520000000000000018e+00,1.459999999999999964e+00,3.419999999999999929e+00,8.410000000000000142e+00,4.379999999999999893e+00,7.469999999999999751e+00,2.390000000000000124e+00,6.110000000000000320e+00,1.580000000000000071e+00,4.549999999999999822e+00,3.699999999999999956e-01,5.870000000000000107e+00,2.370000000000000107e+00,4.830000000000000071e+00,2.279999999999999805e+00,3.290000000000000036e+00,9.230000000000000426e+00,2.062999999999999901e+01,2.262999999999999901e+01,3.430000000000000160e+00,0.000000000000000000e+00,2.580000000000000071e+00,3.129999999999999893e+00,5.360000000000000320e+00,1.260000000000000009e+00,4.959999999999999964e+00,4.650000000000000355e+00,3.089999999999999858e+00,3.700000000000000178e+00,3.609999999999999876e+00,3.069999999999999840e+00,6.830000000000000071e+00,2.279999999999999805e+00,4.549999999999999822e+00,7.169999999999999929e+00,1.469999999999999973e+00,0.000000000000000000e+00,1.072000000000000064e+01,9.660000000000000142e+00,2.020000000000000018e+00,6.070000000000000284e+00,4.780000000000000249e+00,0.000000000000000000e+00,3.189999999999999947e+00,2.189999999999999947e+00,6.600000000000000311e-01,0.000000000000000000e+00,0.000000000000000000e+00,3.410000000000000142e+00,3.689999999999999947e+00,0.000000000000000000e+00,0.000000000000000000e+00,1.000000000000000056e-01,0.000000000000000000e+00,1.379999999999999893e+00,2.350000000000000089e+00,2.660000000000000142e+00,2.149999999999999911e+00,2.470000000000000195e+00,1.590000000000000080e+00,1.283000000000000007e+01,2.955000000000000071e+01,4.509999999999999787e+00,1.139999999999999902e+00,1.379999999999999893e+00,2.660000000000000142e+00,6.660000000000000142e+00,2.970000000000000195e+00,3.529999999999999805e+00,1.939999999999999947e+00,1.459999999999999964e+00,3.790000000000000036e+00,2.100000000000000089e+00,1.110000000000000098e+00,3.169999999999999929e+00,0.000000000000000000e+00,1.959999999999999964e+00,5.621000000000000085e+01,6.009999999999999787e+00,1.140000000000000036e+01,9.679999999999999716e+00,0.000000000000000000e+00,2.500000000000000000e-01,5.299999999999999822e+00,4.450000000000000178e+00,3.479999999999999982e+00,0.000000000000000000e+00,1.570000000000000062e+00,1.510999999999999943e+01,4.000000000000000000e+00,1.679999999999999938e+00,2.790000000000000036e+00,1.179999999999999938e+00,7.110000000000000320e+00,5.730000000000000426e+00,0.000000000000000000e+00,3.720000000000000195e+00,5.570000000000000284e+00,0.000000000000000000e+00
2.896000000000000085e+01,1.268999999999999950e+01,0.000000000000000000e+00,0.000000000000000000e+00,0.000000000000000000e+00,0.000000000000000000e+00,0.000000000000000000e+00,6.400000000000000133e-01,7.299999999999999822e-01,3.990000000000000213e+00,0.000000000000000000e+00,0.000000000000000000e+00,0.000000000000000000e+00,0.000000000000000000e+00,0.000000000000000000e+00,0.000000000000000000e+00,5.400000000000000355e-01,5.799999999999999600e-01,0.000000000000000000e+00,0.000000000000000000e+00,1.590000000000000080e+00,3.800000000000000044e-01,0.000000000000000000e+00,0.000000000000000000e+00,0.000000000000000000e+00,0.000000000000000000e+00,0.000000000000000000e+00,0.000000000000000000e+00,3.400000000000000244e-01,0.000000000000000000e+00,8.399999999999999689e-01,3.040000000000000036e+00,0.000000000000000000e+00,4.429999999999999716e+00,1.909999999999999920e+00,1.700000000000000122e-01,0.000000000000000000e+00,0.000000000000000000e+00,0.000000000000000000e+00,0.000000000000000000e+00,0.000000000000000000e+00,0.000000000000000000e+00,0.000000000000000000e+00,0.000000000000000000e+00,7.900000000000000355e-01,2.020000000000000018e+00,0.000000000000000000e+00,0.000000000000000000e+00,3.180000000000000160e+00,2.419999999999999929e+00,0.000000000000000000e+00,0.000000000000000000e+00,9.399999999999999467e-01,0.000000000000000000e+00,4.179999999999999716e+00,0.000000000000000000e+00,0.000000000000000000e+00,0.000000000000000000e+00,0.000000000000000000e+00,0.000000000000000000e+00,6.790000000000000036e+00,0.000000000000000000e+00,8.800000000000000044e-01,0.000000000000000000e+00,0.000000000000000000e+00,0.000000000000000000e+00,2.450000000000000178e+00,3.640000000000000124e+00,3.020000000000000018e+00,9.000000000000000222e-01,0.000000000000000000e+00,0.000000000000000000e+00,1.120000000000000107e+00,3.810000000000000053e+00,0.000000000000000000e+00,1.000000000000000000e+00,0.000000000000000000e+00,0.000000000000000000e+00,4.440000000000000391e+00,2.700000000000000178e-01,0.000000000000000000e+00,0.000000000000000000e+00,3.336999999999999744e+01,3.689999999999999947e+00,0.000000000000000000e+00,0.000000000000000000e+00,7.169999999999999929e+00,0.000000000000000000e+00,1.189999999999999947e+00,1.219999999999999973e+00,0.000000000000000000e+00,1.350000000000000089e+00,0.000000000000000000e+00,0.000000000000000000e+00,2.629999999999999893e+00,8.299999999999999600e-01,0.000000000000000000e+00,0.000000000000000000e+00,0.000000000000000000e+00,5.899999999999999689e-01,1.010000000000000009e+00,9.899999999999999911e-01,1.080000000000000071e+00,8.399999999999999689e-01,0.000000000000000000e+00,1.199999999999999956e-01,8.699999999999999956e-01,2.270000000000000018e+00,4.299999999999999933e-01,3.129999999999999893e+00,8.900000000000000133e-01,9.799999999999999822e-01,2.399999999999999911e+00,0.000000000000000000e+00,0.000000000000000000e+00,2.370000000000000107e+00,0.000000000000000000e+00,9.799999999999999822e-01,0.000000000000000000e+00,2.200000000000000011e-01,5.799999999999999600e-01,2.390000000000000124e+00,2.370000000000000107e+00,0.000000000000000000e+00,0.000000000000000000e+00,5.990000000000000213e+00,6.089999999999999858e+00,1.870000000000000107e+00,1.792999999999999972e+01,1.317999999999999972e+01,7.700000000000000178e-01,0.000000000000000000e+00,1.830000000000000071e+00,5.839999999999999858e+00,0.000000000000000000e+00,0.000000000000000000e+00,0.000000000000000000e+00,0.000000000000000000e+00,3.669999999999999929e+00,0.000000000000000000e+00,0.000000000000000000e+00,0.000000000000000000e+00,0.000000000000000000e+00,3.240000000000000213e+00,9.300000000000000488e-01,0.000000000000000000e+00,0.000000000000000000e+00,0.000000000000000000e+00,6.700000000000000400e-01,3.290000000000000036e+00,1.919999999999999929e+00,0.000000000000000000e+00,4.299999999999999933e-01,0.000000000000000000e+00,3.890000000000000124e+00,5.899999999999999689e-01,3.270000000000000018e+00,0.000000000000000000e+00,2.620000000000000107e+00,0.000000000000000000e+00,2.120000000000000107e+00,2.439999999999999947e+00,0.000000000000000000e+00,0.000000000000000000e+00,0.000000000000000000e+00,1.300000000000000044e+00,1.669999999999999929e+00,3.189999999999999947e+00,1.879999999999999893e+00,9.070000000000000284e+00,1.248000000000000043e+01,2.470000000000000195e+00,1.409999999999999920e+00,0.000000000000000000e+00,4.490000000000000213e+00,4.459999999999999964e+00,3.600000000000000089e+00,1.899999999999999911e+00,9.899999999999999911e-01,0.000000000000000000e+00,0.000000000000000000e+00,5.999999999999999778e-02,4.099999999999999756e-01,3.699999999999999956e-01,2.500000000000000000e-01,0.000000000000000000e+00,3.069999999999999840e+00,1.070000000000000062e+00,7.549999999999999822e+00,0.000000000000000000e+00
3.899999999999999911e+00,3.799999999999999822e+00,1.300000000000000044e-01,6.400000000000000133e-01,1.219999999999999973e+00,2.799999999999999822e+00,9.000000000000000222e-01,3.600000000000000089e+00,1.350000000000000089e+00,0.000000000000000000e+00,3.970000000000000195e+00,0.000000000000000000e+00,2.689999999999999947e+00,5.999999999999999778e-02,0.000000000000000000e+00,8.000000000000000444e-01,2.399999999999999911e+00,9.499999999999999556e-01,1.699999999999999956e+00,4.889999999999999680e+00,0.000000000000000000e+00,7.600000000000000089e-01,5.600000000000000533e-01,1.429999999999999938e+00,1.030000000000000027e+00,1.449999999999999956e+00,6.600000000000000311e-01,1.159999999999999920e+00,0.000000000000000000e+00,5.200000000000000178e-01,0.000000000000000000e+00,0.000000000000000000e+00,1.629999999999999893e+00,4.299999999999999822e+00,4.699999999999999734e-01,5.519999999999999574e+00,3.830000000000000071e+00,2.300000000000000100e-01,1.600000000000000089e+00,4.199999999999999845e-01,1.899999999999999911e+00,3.000000000000000000e+00,2.680000000000000160e+00,1.649999999999999911e+00,1.340000000000000080e+00,1.321000000000000085e+01,0.000000000000000000e+00,1.689999999999999947e+00,3.450000000000000178e+00,8.109999999999999432e+00,4.870000000000000107e+00,6.019999999999999574e+00,0.000000000000000000e+00,2.794000000000000128e+01,1.860000000000000098e+00,8.699999999999999956e-01,0.000000000000000000e+00,5.799999999999999600e-01,4.849999999999999645e+00,1.520000000000000018e+00,2.514000000000000057e+01,4.389999999999999680e+00,8.000000000000000444e-01,4.990000000000000213e+00,9.499999999999999556e-01,9.119999999999999218e+00,2.850000000000000089e+00,1.790000000000000036e+00,2.609999999999999876e+00,7.639999999999999680e+00,1.350000000000000089e+00,3.709999999999999964e+00,0.000000000000000000e+00,1.229999999999999982e+00,2.640000000000000124e+00,6.500000000000000222e-01,0.000000000000000000e+00,1.379999999999999893e+00,0.000000000000000000e+00,1.439999999999999947e+00,4.199999999999999845e-01,1.118999999999999950e+01,1.165000000000000036e+01,1.392999999999999972e+01,1.229999999999999982e+00,1.379999999999999893e+00,7.570000000000000284e+00,1.320000000000000062e+00,1.090000000000000080e+00,5.070000000000000284e+00,0.000000000000000000e+00,1.309999999999999964e+01,2.109999999999999876e+00,8.999999999999999667e-02,4.649000000000000199e+01,0.000000000000000000e+00,1.657999999999999829e+01,4.199999999999999845e-01,2.237999999999999901e+01,5.699999999999999512e-01,1.310000000000000053e+00,7.399999999999999911e-01,0.000000000000000000e+00,1.000000000000000056e-01,2.470000000000000195e+00,1.100000000000000006e-01,4.950000000000000178e+00,5.910000000000000142e+00,8.000000000000000444e-01,5.300000000000000266e-01,0.000000000000000000e+00,1.399999999999999911e+00,1.489999999999999991e+00,1.790000000000000036e+00,2.529999999999999805e+00,2.549999999999999822e+00,2.069999999999999840e+00,5.900000000000000355e+00,3.459999999999999964e+00,2.339999999999999858e+00,1.689999999999999947e+00,7.900000000000000355e-01,2.290000000000000036e+00,1.120000000000000107e+00,5.799999999999999600e-01,7.889999999999999680e+00,7.849999999999999645e+00,0.000000000000000000e+00,6.500000000000000000e+00,6.839999999999999858e+00,5.300000000000000266e-01,1.219999999999999973e+00,8.499999999999999778e-01,0.000000000000000000e+00,2.479999999999999982e+00,4.919999999999999929e+00,1.300000000000000044e-01,3.400000000000000244e-01,3.120000000000000107e+00,0.000000000000000000e+00,1.860000000000000098e+00,1.669999999999999929e+00,1.229999999999999982e+00,6.500000000000000222e-01,0.000000000000000000e+00,1.649999999999999911e+00,1.229999999999999982e+00,1.780000000000000027e+00,3.299999999999999822e+00,1.459999999999999964e+00,2.160000000000000142e+00,7.959999999999999964e+00,7.500000000000000000e+00,0.000000000000000000e+00,8.759999999999999787e+00,2.279999999999999805e+00,2.189999999999999947e+00,4.169999999999999929e+00,1.560000000000000053e+00,4.899999999999999911e-01,4.699999999999999734e-01,1.000000000000000000e+00,6.400000000000000133e-01,6.400000000000000133e-01,5.699999999999999512e-01,3.140000000000000124e+00,1.580000000000000071e+00,1.919999999999999929e+00,3.669999999999999929e+00,0.000000000000000000e+00,6.500000000000000000e+00,1.989999999999999991e+00,0.000000000000000000e+00,0.000000000000000000e+00,4.200000000000000178e+00,0.000000000000000000e+00,7.700000000000000178e-01,0.000000000000000000e+00,1.290000000000000036e+00,2.779999999999999805e+00,3.839999999999999858e+00,7.700000000000000178e-01,8.399999999999999689e-01,2.189999999999999947e+00,3.629999999999999893e+00,3.540000000000000036e+00,2.800000000000000266e-01,1.139999999999999902e+00,4.492000000000000171e+01,2.000000000000000111e-01
0.000000000000000000e+00,9.399999999999999467e-01,7.700000000000000178e-01,1.400000000000000133e-01,5.600000000000000533e-01,9.200000000000000400e-01,8.399999999999999689e-01,6.999999999999999556e-01,8.100000000000000533e-01,0.000000000000000000e+00,0.000000000000000000e+00,1.169999999999999929e+00,2.600000000000000089e+00,0.000000000000000000e+00,0.000000000000000000e+00,0.000000000000000000e+00,0.000000000000000000e+00,0.000000000000000000e+00,1.300000000000000044e-01,1.700000000000000122e-01,7.900000000000000355e-01,1.300000000000000044e-01,1.499999999999999944e-01,1.260000000000000009e+00,0.000000000000000000e+00,0.000000000000000000e+00,0.000000000000000000e+00,0.000000000000000000e+00,0.000000000000000000e+00,0.000000000000000000e+00,3.970000000000000195e+00,0.000000000000000000e+00,0.000000000000000000e+00,0.000000000000000000e+00,1.649999999999999911e+00,3.720000000000000195e+00,1.850000000000000089e+00,2.000000000000000000e+00,2.060000000000000053e+00,1.330000000000000071e+00,0.000000000000000000e+00,4.320000000000000284e+00,1.909999999999999920e+00,0.000000000000000000e+00,6.400000000000000133e-01,1.520000000000000018e+00,0.000000000000000000e+00,1.290000000000000036e+00,5.959999999999999964e+00,8.800000000000002487e+00,5.620000000000000107e+00,0.000000000000000000e+00,1.969999999999999973e+00,5.500000000000000000e+00,0.000000000000000000e+00,1.050000000000000044e+00,0.000000000000000000e+00,1.159999999999999920e+00,1.760000000000000009e+00,1.179999999999999938e+00,1.679999999999999938e+00,1.229999999999999982e+00,3.200000000000000067e-01,0.000000000000000000e+00,1.439999999999999947e+00,0.000000000000000000e+00,1.669999999999999929e+00,5.269999999999999574e+00,8.490000000000000213e+00,1.949999999999999956e+00,0.000000000000000000e+00,1.580000000000000071e+00,2.189999999999999947e+00,1.800000000000000044e+00,2.000000000000000042e-02,0.000000000000000000e+00,2.999999999999999889e-02,2.000000000000000042e-02,4.600000000000000200e-01,0.000000000000000000e+00,0.000000000000000000e+00,1.860000000000000098e+00,3.020000000000000018e+00,1.080000000000000071e+00,2.100000000000000089e+00,1.050000000000000044e+00,0.000000000000000000e+00,8.499999999999999778e-01,1.900000000000000022e-01,5.830000000000000071e+00,1.330000000000000071e+00,4.453999999999999915e+01,1.000000000000000000e+00,1.169999999999999929e+00,7.537999999999999545e+01,7.000000000000000666e-02,1.725000000000000000e+01,5.000000000000000000e-01,3.271999999999999886e+01,6.099999999999999867e-01,4.199999999999999845e-01,0.000000000000000000e+00,2.939999999999999947e+00,8.100000000000000533e-01,0.000000000000000000e+00,4.299999999999999933e-01,3.339999999999999858e+00,6.000000000000000000e+00,1.979999999999999982e+00,0.000000000000000000e+00,2.339999999999999858e+00,0.000000000000000000e+00,5.799999999999999600e-01,8.699999999999999956e-01,2.220000000000000195e+00,1.629999999999999893e+00,1.729999999999999982e+00,3.270000000000000018e+00,0.000000000000000000e+00,1.199999999999999956e-01,0.000000000000000000e+00,0.000000000000000000e+00,0.000000000000000000e+00,7.399999999999999911e-01,1.370000000000000107e+00,0.000000000000000000e+00,1.729999999999999982e+00,1.110000000000000098e+00,2.759999999999999787e+00,2.339999999999999858e+00,1.000000000000000021e-02,4.199999999999999845e-01,1.290000000000000036e+00,0.000000000000000000e+00,6.999999999999999556e-01,0.000000000000000000e+00,0.000000000000000000e+00,0.000000000000000000e+00,0.000000000000000000e+00,2.660000000000000142e+00,3.599999999999999867e-01,1.590000000000000080e+00,1.499999999999999944e-01,0.000000000000000000e+00,1.399999999999999911e+00,5.969999999999999751e+00,5.959999999999999964e+00,6.500000000000000000e+00,1.199999999999999956e+00,6.899999999999999467e-01,1.649999999999999911e+00,0.000000000000000000e+00,0.000000000000000000e+00,0.000000000000000000e+00,5.410000000000000142e+00,6.199999999999999956e-01,9.899999999999999911e-01,1.209999999999999964e+00,5.699999999999999512e-01,1.030000000000000027e+00,8.000000000000000167e-02,9.200000000000000400e-01,7.700000000000000178e-01,1.229999999999999982e+00,5.999999999999999778e-02,1.639999999999999902e+00,0.000000000000000000e+00,2.020000000000000018e+00,4.860000000000000320e+00,2.414999999999999858e+01,2.910000000000000142e+00,4.899999999999999911e-01,0.000000000000000000e+00,0.000000000000000000e+00,2.629999999999999893e+00,1.489999999999999991e+00,2.600000000000000089e-01,6.099999999999999867e-01,1.149999999999999911e+00,0.000000000000000000e+00,1.540000000000000036e+00,7.700000000000000178e-01,1.439999999999999947e+00,1.070000000000000062e+00,2.640000000000000124e+00,9.399999999999999467e-01,5.300000000000000266e-01,0.000000000000000000e+00,2.220000000000000195e+00,0.000000000000000000e+00
0.000000000000000000e+00,0.000000000000000000e+00,0.000000000000000000e+00,4.400000000000000022e-01,1.084999999999999964e+00,0.000000000000000000e+00,0.000000000000000000e+00,0.000000000000000000e+00,0.000000000000000000e+00,0.000000000000000000e+00,0.000000000000000000e+00,0.000000000000000000e+00,0.000000000000000000e+00,0.000000000000000000e+00,0.000000000000000000e+00,0.000000000000000000e+00,5.120000000000000107e+00,0.000000000000000000e+00,0.000000000000000000e+00,0.000000000000000000e+00,0.000000000000000000e+00,0.000000000000000000e+00,0.000000000000000000e+00,0.000000000000000000e+00,0.000000000000000000e+00,0.000000000000000000e+00,0.000000000000000000e+00,0.000000000000000000e+00,0.000000000000000000e+00,0.000000000000000000e+00,0.000000000000000000e+00,0.000000000000000000e+00,4.280000000000000249e+00,2.580000000000000071e+00,1.639999999999999902e+00,0.000000000000000000e+00,0.000000000000000000e+00,0.000000000000000000e+00,0.000000000000000000e+00,0.000000000000000000e+00,0.000000000000000000e+00,0.000000000000000000e+00,0.000000000000000000e+00,0.000000000000000000e+00,0.000000000000000000e+00,0.000000000000000000e+00,0.000000000000000000e+00,0.000000000000000000e+00,0.000000000000000000e+00,0.000000000000000000e+00,0.000000000000000000e+00,3.180000000000000160e+00,0.000000000000000000e+00,0.000000000000000000e+00,0.000000000000000000e+00,1.691000000000000014e+01,0.000000000000000000e+00,0.000000000000000000e+00,1.770000000000000018e+00,0.000000000000000000e+00,0.000000000000000000e+00,0.000000000000000000e+00,0.000000000000000000e+00,0.000000000000000000e+00,3.680000000000000160e+00,0.000000000000000000e+00,9.499999999999999556e-01,0.000000000000000000e+00,0.000000000000000000e+00,0.000000000000000000e+00,0.000000000000000000e+00,0.000000000000000000e+00,8.599999999999999867e-01,1.314999999999999947e+00,8.199999999999999512e-01,0.000000000000000000e+00,0.000000000000000000e+00,5.644999999999999574e+00,1.370000000000000107e+00,3.904999999999999805e+00,0.000000000000000000e+00,2.754999999999999893e+00,2.183500000000000085e+01,0.000000000000000000e+00,4.600000000000000200e-01,0.000000000000000000e+00,0.000000000000000000e+00,0.000000000000000000e+00,0.000000000000000000e+00,0.000000000000000000e+00,0.000000000000000000e+00,0.000000000000000000e+00,0.000000000000000000e+00,0.000000000000000000e+00,0.000000000000000000e+00,0.000000000000000000e+00,0.000000000000000000e+00,3.799999999999999822e+00,0.000000000000000000e+00,0.000000000000000000e+00,0.000000000000000000e+00,0.000000000000000000e+00,0.000000000000000000e+00,0.000000000000000000e+00,0.000000000000000000e+00,2.849999999999999756e-01,6.584999999999999964e+00,0.000000000000000000e+00,0.000000000000000000e+00,0.000000000000000000e+00,2.979999999999999982e+00,0.000000000000000000e+00,5.050000000000000044e-01,2.475000000000000089e+00,2.435000000000000053e+00,0.000000000000000000e+00,0.000000000000000000e+00,2.999999999999999889e-02,0.000000000000000000e+00,7.165000000000000036e+00,4.749999999999999778e-01,3.774999999999999911e+00,9.195000000000000284e+00,0.000000000000000000e+00,0.000000000000000000e+00,0.000000000000000000e+00,0.000000000000000000e+00,1.129999999999999893e+00,0.000000000000000000e+00,0.000000000000000000e+00,2.180000000000000160e+00,1.230000000000000071e+01,0.000000000000000000e+00,0.000000000000000000e+00,2.801000000000000156e+01,3.407000000000000028e+01,0.000000000000000000e+00,2.075000000000000178e+00,1.114999999999999991e+00,2.949999999999999845e-01,0.000000000000000000e+00,9.150000000000000355e-01,3.649999999999999911e-01,7.790000000000000036e+00,6.350000000000000089e-01,0.000000000000000000e+00,0.000000000000000000e+00,5.695000000000000284e+00,0.000000000000000000e+00,0.000000000000000000e+00,2.169999999999999929e+00,8.300000000000000711e+00,0.000000000000000000e+00,9.949999999999999956e-01,2.555000000000000160e+00,2.165000000000000036e+00,0.000000000000000000e+00,0.000000000000000000e+00,0.000000000000000000e+00,4.485000000000000320e+00,1.695000000000000062e+00,1.114999999999999991e+00,4.400000000000000022e-01,4.500000000000000111e-01,0.000000000000000000e+00,0.000000000000000000e+00,0.000000000000000000e+00,0.000000000000000000e+00,0.000000000000000000e+00,1.205000000000000071e+00,0.000000000000000000e+00,4.050000000000000266e-01,0.000000000000000000e+00,3.099999999999999978e-01,0.000000000000000000e+00,0.000000000000000000e+00,0.000000000000000000e+00,0.000000000000000000e+00,0.000000000000000000e+00,4.400000000000000022e-01,1.544999999999999929e+00,0.000000000000000000e+00,7.480000000000000426e+00,1.020000000000000018e+00,0.000000000000000000e+00,4.004999999999999893e+00,7.049999999999999600e-01,0.000000000000000000e+00,0.000000000000000000e+00,0.000000000000000000e+00
7.059999999999999609e+00,4.129999999999999893e+00,7.000000000000000666e-02,2.099999999999999922e-01,0.000000000000000000e+00,9.100000000000000311e-01,1.139999999999999902e+00,2.569999999999999840e+00,5.269999999999999574e+00,4.019999999999999574e+00,3.839999999999999858e+00,1.469999999999999973e+00,0.000000000000000000e+00,5.600000000000000533e-01,3.099999999999999978e-01,1.389999999999999902e+00,8.800000000000000044e-01,1.530000000000000027e+00,0.000000000000000000e+00,0.000000000000000000e+00,1.520000000000000018e+00,0.000000000000000000e+00,4.699999999999999734e-01,5.999999999999999778e-01,3.099999999999999978e-01,0.000000000000000000e+00,1.900000000000000022e-01,2.810000000000000053e+00,1.429999999999999938e+00,0.000000000000000000e+00,2.990000000000000213e+00,0.000000000000000000e+00,0.000000000000000000e+00,3.450000000000000178e+00,4.000000000000000083e-02,7.600000000000000089e-01,2.000000000000000111e-01,9.100000000000000311e-01,2.500000000000000000e-01,2.149999999999999911e+00,5.899999999999999689e-01,0.000000000000000000e+00,0.000000000000000000e+00,0.000000000000000000e+00,1.320000000000000062e+00,2.350000000000000089e+00,3.310000000000000053e+00,1.030000000000000027e+00,3.990000000000000213e+00,0.000000000000000000e+00,0.000000000000000000e+00,0.000000000000000000e+00,5.400000000000000355e-01,3.200000000000000178e+00,2.910000000000000142e+00,2.099999999999999922e-01,0.000000000000000000e+00,0.000000000000000000e+00,8.399999999999999689e-01,1.469999999999999973e+00,5.129999999999999893e+00,5.300000000000000266e-01,1.250000000000000000e+00,1.523000000000000043e+01,4.000000000000000083e-02,2.419999999999999929e+00,1.739999999999999991e+00,3.109999999999999876e+00,3.390000000000000124e+00,1.179999999999999938e+00,1.580000000000000071e+00,6.839999999999999858e+00,0.000000000000000000e+00,2.759999999999999787e+00,0.000000000000000000e+00,0.000000000000000000e+00,0.000000000000000000e+00,1.600000000000000089e+00,1.610000000000000098e+00,2.600000000000000089e-01,1.510000000000000009e+00,9.399999999999999467e-01,2.500000000000000000e-01,4.509999999999999787e+00,3.200000000000000178e+00,0.000000000000000000e+00,1.600000000000000089e+00,0.000000000000000000e+00,1.800000000000000044e+00,2.520000000000000018e+00,3.699999999999999956e-01,2.140000000000000124e+00,0.000000000000000000e+00,1.169999999999999929e+00,0.000000000000000000e+00,9.899999999999999911e-01,0.000000000000000000e+00,5.500000000000000444e-01,6.600000000000000311e-01,2.700000000000000178e-01,1.459999999999999964e+00,1.500000000000000000e+00,1.010000000000000009e+00,0.000000000000000000e+00,1.100000000000000006e-01,3.560000000000000053e+00,3.720000000000000195e+00,2.279999999999999805e+00,4.169999999999999929e+00,6.830000000000000071e+00,2.220000000000000195e+00,1.780000000000000027e+00,7.099999999999999645e-01,0.000000000000000000e+00,0.000000000000000000e+00,1.399999999999999911e+00,0.000000000000000000e+00,1.209999999999999964e+00,0.000000000000000000e+00,0.000000000000000000e+00,0.000000000000000000e+00,4.610000000000000320e+00,8.100000000000000533e-01,7.000000000000000666e-02,5.999999999999999778e-02,8.929999999999999716e+00,6.759999999999999787e+00,1.800000000000000044e+00,7.599999999999999645e+00,7.750000000000000000e+00,0.000000000000000000e+00,0.000000000000000000e+00,1.879999999999999893e+00,3.540000000000000036e+00,1.219999999999999973e+00,5.000000000000000000e-01,5.400000000000000355e-01,1.300000000000000044e-01,3.399999999999999911e+00,0.000000000000000000e+00,0.000000000000000000e+00,1.399999999999999911e+00,4.199999999999999845e-01,2.700000000000000178e+00,3.029999999999999805e+00,1.189999999999999947e+00,0.000000000000000000e+00,2.500000000000000000e-01,1.149999999999999911e+00,2.049999999999999822e+00,1.219999999999999973e+00,0.000000000000000000e+00,1.700000000000000122e-01,7.399999999999999911e-01,4.559999999999999609e+00,5.000000000000000000e-01,3.129999999999999893e+00,0.000000000000000000e+00,8.499999999999999778e-01,0.000000000000000000e+00,1.149999999999999911e+00,1.830000000000000071e+00,3.049999999999999822e+00,9.499999999999999556e-01,2.700000000000000178e-01,5.200000000000000178e-01,3.220000000000000195e+00,2.890000000000000124e+00,2.020000000000000018e+00,2.240000000000000213e+00,1.011999999999999922e+01,1.760000000000000009e+00,6.500000000000000222e-01,0.000000000000000000e+00,3.919999999999999929e+00,5.870000000000000107e+00,4.629999999999999893e+00,7.259999999999999787e+00,4.500000000000000111e-01,2.560000000000000053e+00,0.000000000000000000e+00,2.000000000000000111e-01,2.200000000000000011e-01,0.000000000000000000e+00,1.159999999999999920e+00,4.150000000000000355e+00,2.629999999999999893e+00,4.299999999999999933e-01,3.640000000000000124e+00,1.790000000000000036e+00
1.352999999999999936e+01,6.150000000000000355e+00,5.699999999999999512e-01,1.199999999999999956e+00,3.300000000000000155e-01,3.370000000000000107e+00,1.709999999999999964e+00,4.049999999999999822e+00,9.599999999999999645e-01,0.000000000000000000e+00,1.879999999999999893e+00,4.110000000000000320e+00,7.160000000000000142e+00,4.459999999999999964e+00,3.640000000000000124e+00,1.129999999999999893e+00,3.400000000000000244e-01,3.140000000000000124e+00,3.790000000000000036e+00,0.000000000000000000e+00,5.000000000000000278e-02,9.100000000000000311e-01,9.000000000000000222e-01,3.520000000000000018e+00,2.979999999999999982e+00,3.500000000000000000e+00,1.280000000000000027e+00,1.280000000000000027e+00,2.359999999999999876e+00,2.810000000000000053e+00,2.609999999999999876e+00,1.709999999999999964e+00,7.800000000000000266e-01,4.540000000000000036e+00,2.970000000000000195e+00,3.509999999999999787e+00,5.129999999999999893e+00,4.459999999999999964e+00,4.389999999999999680e+00,5.910000000000000142e+00,5.500000000000000444e-01,1.429999999999999938e+00,5.040000000000000036e+00,1.939999999999999947e+00,2.819999999999999840e+00,3.060000000000000053e+00,1.750000000000000000e+00,5.169999999999999929e+00,6.129999999999999893e+00,6.679999999999999716e+00,2.899999999999999911e+00,2.919999999999999929e+00,4.459999999999999964e+00,1.381000000000000050e+01,6.129999999999999893e+00,2.970000000000000195e+00,8.509999999999999787e+00,3.299999999999999822e+00,6.469999999999999751e+00,0.000000000000000000e+00,1.510000000000000009e+00,3.640000000000000124e+00,4.799999999999999822e-01,1.625000000000000000e+01,2.919999999999999929e+00,1.139999999999999902e+00,2.589999999999999858e+00,6.530000000000000249e+00,5.370000000000000107e+00,8.609999999999999432e+00,4.699999999999999734e-01,1.048000000000000043e+01,5.629999999999999893e+00,4.299999999999999822e+00,3.959999999999999964e+00,2.529999999999999805e+00,2.359999999999999876e+00,1.560000000000000053e+00,2.850000000000000089e+00,2.259999999999999787e+00,0.000000000000000000e+00,4.790000000000000036e+00,3.520000000000000018e+00,2.209999999999999964e+00,2.569999999999999840e+00,3.879999999999999893e+00,5.940000000000000391e+00,4.669999999999999929e+00,1.560000000000000053e+00,3.356000000000000227e+01,2.479999999999999982e+00,4.660000000000000142e+00,6.089999999999999858e+00,3.310000000000000053e+00,4.830000000000000071e+00,4.309999999999999609e+00,6.250000000000000000e+00,3.040000000000000036e+00,5.910000000000000142e+00,1.270000000000000018e+00,4.969999999999999751e+00,1.540000000000000036e+00,5.889999999999999680e+00,2.200000000000000178e+00,5.639999999999999680e+00,1.800000000000000044e+00,8.399999999999999689e-01,2.144999999999999929e+01,6.549999999999999822e+00,3.140000000000000124e+00,3.180000000000000160e+00,0.000000000000000000e+00,0.000000000000000000e+00,1.530000000000000027e+00,5.820000000000000284e+00,8.000000000000000444e-01,5.669999999999999929e+00,4.269999999999999574e+00,2.589999999999999858e+00,1.459999999999999964e+00,7.700000000000000178e-01,4.990000000000000213e+00,7.589999999999999858e+00,1.439999999999999947e+00,5.219999999999999751e+00,5.509999999999999787e+00,1.100000000000000006e-01,2.099999999999999922e-01,8.779999999999999361e+00,6.450000000000000178e+00,1.510000000000000009e+00,8.269999999999999574e+00,5.269999999999999574e+00,0.000000000000000000e+00,2.180000000000000160e+00,1.719999999999999973e+00,1.300000000000000044e+00,2.600000000000000089e-01,0.000000000000000000e+00,5.160000000000000142e+00,4.209999999999999964e+00,1.889999999999999902e+00,9.899999999999999911e-01,0.000000000000000000e+00,1.689999999999999947e+00,4.429999999999999716e+00,4.790000000000000036e+00,5.750000000000000000e+00,3.200000000000000178e+00,1.659999999999999920e+00,1.370000000000000107e+00,1.133000000000000007e+01,2.709999999999999964e+00,0.000000000000000000e+00,4.669999999999999929e+00,1.199999999999999956e+00,2.589999999999999858e+00,6.259999999999999787e+00,8.399999999999999689e-01,3.060000000000000053e+00,1.199999999999999956e+00,2.140000000000000124e+00,5.169999999999999929e+00,3.000000000000000000e+00,9.000000000000000222e-01,2.859999999999999876e+00,1.790000000000000036e+00,4.570000000000000284e+00,5.139999999999999680e+00,5.240000000000000213e+00,3.300000000000000155e-01,0.000000000000000000e+00,0.000000000000000000e+00,0.000000000000000000e+00,4.040000000000000036e+00,5.179999999999999716e+00,4.780000000000000249e+00,0.000000000000000000e+00,1.840000000000000080e+00,7.269999999999999574e+00,1.860000000000000098e+00,7.399999999999999911e-01,2.160000000000000142e+00,1.409999999999999920e+00,5.950000000000000178e+00,8.179999999999999716e+00,0.000000000000000000e+00,3.709999999999999964e+00,1.860000000000000098e+00,4.160000000000000142e+00
3.970000000000000195e+00,3.500000000000000000e+00,1.649999999999999911e+00,1.489999999999999991e+00,1.239999999999999991e+00,4.129999999999999893e+00,1.550999999999999979e+01,4.870000000000000107e+00,2.600000000000000089e+00,0.000000000000000000e+00,2.770000000000000018e+00,0.000000000000000000e+00,8.769999999999999574e+00,2.509999999999999787e+00,2.220000000000000195e+00,2.200000000000000011e-01,1.080000000000000071e+00,2.950000000000000178e+00,3.259999999999999787e+00,5.400000000000000355e-01,2.399999999999999911e-01,9.200000000000000400e-01,0.000000000000000000e+00,2.180000000000000160e+00,2.700000000000000178e-01,3.310000000000000053e+00,1.010000000000000009e+00,5.849999999999999645e+00,3.160000000000000142e+00,3.399999999999999911e+00,5.259999999999999787e+00,3.215999999999999659e+01,7.230000000000000426e+00,4.240000000000000213e+00,4.139999999999999680e+00,6.059999999999999609e+00,4.049999999999999822e+00,2.620000000000000107e+00,3.310000000000000053e+00,1.409999999999999920e+00,1.649999999999999911e+00,2.029999999999999805e+00,2.169000000000000128e+01,9.000000000000000000e+00,3.529999999999999805e+00,0.000000000000000000e+00,2.120000000000000107e+00,4.820000000000000284e+00,3.359999999999999876e+00,7.830000000000000071e+00,4.599999999999999645e+00,2.970000000000000195e+00,0.000000000000000000e+00,9.939999999999999503e+00,8.119999999999999218e+00,2.709999999999999964e+00,4.469999999999999751e+00,3.810000000000000053e+00,9.429999999999999716e+00,1.389999999999999902e+00,1.100000000000000089e+00,2.529999999999999805e+00,1.830000000000000071e+00,2.459999999999999964e+00,1.840000000000000080e+00,2.169999999999999929e+00,1.134999999999999964e+01,4.280000000000000249e+00,3.870000000000000107e+00,3.629999999999999893e+00,2.419999999999999929e+00,3.799999999999999822e+00,4.919999999999999929e+00,3.509999999999999787e+00,3.629999999999999893e+00,4.280000000000000249e+00,0.000000000000000000e+00,1.580000000000000071e+00,2.379999999999999893e+00,1.070000000000000062e+00,0.000000000000000000e+00,4.500000000000000000e+00,3.479999999999999982e+00,3.310000000000000053e+00,2.316000000000000014e+01,4.940000000000000391e+00,2.950000000000000178e+00,4.589999999999999858e+00,1.239999999999999991e+00,6.929999999999999716e+01,6.120000000000000107e+00,1.479999999999999982e+00,2.250000000000000000e+00,1.389999999999999902e+00,5.870000000000000107e+00,4.059999999999999609e+00,1.520000000000000018e+00,1.360000000000000098e+00,2.399999999999999911e+00,5.200000000000000178e-01,4.309999999999999609e+00,1.169999999999999929e+00,4.309999999999999609e+00,1.850000000000000089e+00,3.770000000000000018e+00,1.250000000000000000e+00,2.890000000000000124e+00,4.502000000000000313e+01,2.709999999999999964e+00,6.019999999999999574e+00,0.000000000000000000e+00,9.929999999999999716e+00,3.419999999999999929e+00,2.319999999999999840e+00,4.110000000000000320e+00,4.820000000000000284e+00,5.269999999999999574e+00,6.610000000000000320e+00,4.700000000000000178e+00,2.930000000000000160e+00,4.910000000000000142e+00,0.000000000000000000e+00,6.150000000000000355e+00,2.500000000000000000e+00,4.089999999999999858e+00,0.000000000000000000e+00,5.300000000000000266e-01,9.100000000000000311e-01,1.016999999999999993e+01,1.449999999999999956e+00,3.180000000000000160e+00,3.370000000000000107e+00,4.009999999999999787e+00,3.524000000000000199e+01,1.131000000000000050e+01,0.000000000000000000e+00,6.400000000000000355e+00,8.089999999999999858e+00,8.539999999999999147e+00,3.430000000000000160e+00,2.540000000000000036e+00,1.620000000000000107e+00,1.719999999999999973e+00,2.399999999999999911e-01,4.089999999999999858e+00,2.939999999999999947e+00,3.879999999999999893e+00,4.620000000000000107e+00,4.280000000000000249e+00,2.459999999999999964e+00,1.550000000000000044e+00,9.769999999999999574e+00,4.360000000000000320e+00,0.000000000000000000e+00,0.000000000000000000e+00,1.679999999999999938e+00,2.870000000000000107e+00,8.460000000000000853e+00,2.149999999999999911e+00,1.030000000000000027e+00,7.600000000000000089e-01,8.900000000000000133e-01,3.299999999999999822e+00,1.689999999999999947e+00,2.319999999999999840e+00,3.009999999999999787e+00,1.629999999999999893e+00,3.100000000000000089e+00,6.080000000000000071e+00,0.000000000000000000e+00,2.959999999999999964e+00,1.227999999999999936e+01,0.000000000000000000e+00,1.439999999999999947e+00,3.549999999999999822e+00,1.032000000000000028e+01,9.980000000000000426e+00,0.000000000000000000e+00,3.660000000000000142e+00,3.680000000000000160e+00,1.199999999999999956e+00,1.090000000000000080e+00,2.680000000000000160e+00,5.500000000000000444e-01,6.450000000000000178e+00,2.220000000000000195e+00,8.100000000000000533e-01,3.069999999999999840e+00,2.640000000000000124e+00,0.000000000000000000e+00
0.000000000000000000e+00,0.000000000000000000e+00,0.000000000000000000e+00,0.000000000000000000e+00,0.000000000000000000e+00,0.000000000000000000e+00,0.000000000000000000e+00,0.000000000000000000e+00,0.000000000000000000e+00,0.000000000000000000e+00,0.000000000000000000e+00,8.900000000000000133e-01,2.529999999999999805e+00,0.000000000000000000e+00,1.000000000000000021e-02,0.000000000000000000e+00,0.000000000000000000e+00,0.000000000000000000e+00,1.370000000000000107e+00,0.000000000000000000e+00,0.000000000000000000e+00,0.000000000000000000e+00,0.000000000000000000e+00,0.000000000000000000e+00,0.000000000000000000e+00,0.000000000000000000e+00,0.000000000000000000e+00,0.000000000000000000e+00,0.000000000000000000e+00,1.159999999999999920e+00,0.000000000000000000e+00,8.000000000000000444e-01,0.000000000000000000e+00,0.000000000000000000e+00,1.899999999999999911e+00,4.719999999999999751e+00,0.000000000000000000e+00,0.000000000000000000e+00,0.000000000000000000e+00,0.000000000000000000e+00,0.000000000000000000e+00,1.179999999999999938e+00,0.000000000000000000e+00,0.000000000000000000e+00,1.429999999999999938e+00,8.939999999999999503e+00,0.000000000000000000e+00,0.000000000000000000e+00,4.919999999999999929e+00,5.549999999999999822e+00,0.000000000000000000e+00,0.000000000000000000e+00,9.400000000000000355e+00,1.080000000000000071e+01,1.629999999999999893e+00,1.020000000000000018e+00,0.000000000000000000e+00,0.000000000000000000e+00,0.000000000000000000e+00,0.000000000000000000e+00,1.860000000000000098e+00,1.350000000000000089e+00,0.000000000000000000e+00,0.000000000000000000e+00,1.479999999999999982e+00,0.000000000000000000e+00,0.000000000000000000e+00,0.000000000000000000e+00,0.000000000000000000e+00,2.109999999999999876e+00,0.000000000000000000e+00,0.000000000000000000e+00,4.129999999999999893e+00,2.600000000000000089e+00,2.419999999999999929e+00,5.699999999999999512e-01,5.400000000000000355e-01,0.000000000000000000e+00,1.239999999999999991e+00,0.000000000000000000e+00,0.000000000000000000e+00,4.299999999999999822e+00,8.900000000000000133e-01,0.000000000000000000e+00,0.000000000000000000e+00,5.400000000000000355e-01,2.379999999999999893e+00,1.340000000000000080e+00,1.610000000000000098e+00,1.760000000000000009e+00,2.779999999999999805e+00,2.910000000000000142e+01,2.490000000000000213e+00,3.180000000000000160e+00,8.062999999999999545e+01,2.439999999999999947e+00,4.600000000000000200e-01,7.000000000000000666e-02,3.128999999999999915e+01,8.900000000000000133e-01,4.500000000000000111e-01,0.000000000000000000e+00,5.699999999999999512e-01,1.679999999999999938e+00,3.759999999999999787e+00,7.700000000000000178e-01,5.190000000000000391e+00,2.700000000000000178e+00,1.379999999999999893e+00,1.120000000000000107e+00,0.000000000000000000e+00,0.000000000000000000e+00,1.709999999999999964e+00,1.070000000000000062e+00,3.290000000000000036e+00,7.629999999999999893e+00,2.339999999999999858e+00,2.529999999999999805e+00,1.919999999999999929e+00,1.679999999999999938e+00,1.739999999999999991e+00,0.000000000000000000e+00,3.790000000000000036e+00,5.400000000000000355e-01,1.850000000000000089e+00,0.000000000000000000e+00,2.660000000000000142e+00,5.500000000000000444e-01,5.349999999999999645e+00,3.810000000000000053e+00,6.999999999999999556e-01,3.990000000000000213e+00,1.689999999999999947e+00,9.100000000000000311e-01,1.530000000000000027e+00,5.999999999999999778e-01,0.000000000000000000e+00,0.000000000000000000e+00,0.000000000000000000e+00,3.379999999999999893e+00,2.069999999999999840e+00,7.459999999999999964e+00,0.000000000000000000e+00,9.499999999999999556e-01,2.999999999999999889e-02,0.000000000000000000e+00,0.000000000000000000e+00,0.000000000000000000e+00,8.399999999999999689e-01,6.899999999999999467e-01,1.639999999999999902e+00,4.919999999999999929e+00,2.899999999999999911e+00,0.000000000000000000e+00,3.189999999999999947e+00,6.500000000000000222e-01,0.000000000000000000e+00,2.250000000000000000e+00,0.000000000000000000e+00,1.350000000000000089e+00,0.000000000000000000e+00,1.090000000000000080e+00,0.000000000000000000e+00,0.000000000000000000e+00,1.340000000000000080e+00,4.600000000000000200e-01,4.899999999999999911e-01,7.800000000000000266e-01,2.140000000000000124e+00,0.000000000000000000e+00,1.520000000000000018e+00,0.000000000000000000e+00,0.000000000000000000e+00,0.000000000000000000e+00,6.379999999999999893e+00,1.010000000000000009e+00,9.399999999999999467e-01,2.450000000000000178e+00,8.299999999999999600e-01,0.000000000000000000e+00,0.000000000000000000e+00,0.000000000000000000e+00,2.359999999999999876e+00,8.199999999999999512e-01,6.209999999999999964e+00,0.000000000000000000e+00,0.000000000000000000e+00,1.919999999999999929e+00,1.719999999999999973e+00,0.000000000000000000e+00
2.145000000000000018e+00,0.000000000000000000e+00,1.199999999999999956e-01,0.000000000000000000e+00,0.000000000000000000e+00,0.000000000000000000e+00,0.000000000000000000e+00,0.000000000000000000e+00,0.000000000000000000e+00,0.000000000000000000e+00,0.000000000000000000e+00,0.000000000000000000e+00,0.000000000000000000e+00,0.000000000000000000e+00,0.000000000000000000e+00,0.000000000000000000e+00,3.100000000000000089e+00,0.000000000000000000e+00,0.000000000000000000e+00,0.000000000000000000e+00,0.000000000000000000e+00,3.314999999999999947e+00,7.399999999999999911e-01,6.400000000000000133e-01,0.000000000000000000e+00,0.000000000000000000e+00,0.000000000000000000e+00,0.000000000000000000e+00,0.000000000000000000e+00,0.000000000000000000e+00,0.000000000000000000e+00,3.300000000000000155e-01,0.000000000000000000e+00,0.000000000000000000e+00,0.000000000000000000e+00,0.000000000000000000e+00,0.000000000000000000e+00,0.000000000000000000e+00,0.000000000000000000e+00,0.000000000000000000e+00,0.000000000000000000e+00,0.000000000000000000e+00,1.580000000000000071e+00,4.544999999999999929e+00,3.930000000000000160e+00,0.000000000000000000e+00,0.000000000000000000e+00,0.000000000000000000e+00,0.000000000000000000e+00,0.000000000000000000e+00,0.000000000000000000e+00,0.000000000000000000e+00,0.000000000000000000e+00,0.000000000000000000e+00,1.549999999999999989e-01,0.000000000000000000e+00,0.000000000000000000e+00,0.000000000000000000e+00,0.000000000000000000e+00,0.000000000000000000e+00,0.000000000000000000e+00,0.000000000000000000e+00,0.000000000000000000e+00,3.444999999999999840e+00,0.000000000000000000e+00,0.000000000000000000e+00,0.000000000000000000e+00,0.000000000000000000e+00,0.000000000000000000e+00,0.000000000000000000e+00,8.100000000000000533e-01,0.000000000000000000e+00,0.000000000000000000e+00,3.200000000000000067e-01,1.080000000000000071e+00,0.000000000000000000e+00,0.000000000000000000e+00,0.000000000000000000e+00,0.000000000000000000e+00,0.000000000000000000e+00,0.000000000000000000e+00,0.000000000000000000e+00,0.000000000000000000e+00,0.000000000000000000e+00,0.000000000000000000e+00,0.000000000000000000e+00,0.000000000000000000e+00,0.000000000000000000e+00,0.000000000000000000e+00,0.000000000000000000e+00,0.000000000000000000e+00,0.000000000000000000e+00,0.000000000000000000e+00,0.000000000000000000e+00,0.000000000000000000e+00,0.000000000000000000e+00,0.000000000000000000e+00,0.000000000000000000e+00,0.000000000000000000e+00,0.000000000000000000e+00,0.000000000000000000e+00,6.209999999999999964e+00,7.169999999999999929e+00,6.719999999999999751e+00,0.000000000000000000e+00,8.349999999999999645e-01,1.435000000000000053e+00,0.000000000000000000e+00,0.000000000000000000e+00,0.000000000000000000e+00,0.000000000000000000e+00,0.000000000000000000e+00,0.000000000000000000e+00,0.000000000000000000e+00,0.000000000000000000e+00,0.000000000000000000e+00,4.565000000000000391e+00,0.000000000000000000e+00,0.000000000000000000e+00,0.000000000000000000e+00,3.904999999999999805e+00,8.560000000000000497e+00,0.000000000000000000e+00,0.000000000000000000e+00,0.000000000000000000e+00,0.000000000000000000e+00,0.000000000000000000e+00,0.000000000000000000e+00,0.000000000000000000e+00,0.000000000000000000e+00,0.000000000000000000e+00,0.000000000000000000e+00,0.000000000000000000e+00,1.584999999999999964e+00,0.000000000000000000e+00,1.525000000000000000e+01,0.000000000000000000e+00,1.350000000000000089e-01,4.809999999999999609e+00,2.999999999999999889e-02,6.949999999999999512e-01,1.125000000000000000e+00,0.000000000000000000e+00,0.000000000000000000e+00,2.609999999999999876e+00,1.169999999999999929e+00,0.000000000000000000e+00,0.000000000000000000e+00,0.000000000000000000e+00,0.000000000000000000e+00,0.000000000000000000e+00,0.000000000000000000e+00,0.000000000000000000e+00,0.000000000000000000e+00,0.000000000000000000e+00,0.000000000000000000e+00,0.000000000000000000e+00,0.000000000000000000e+00,0.000000000000000000e+00,0.000000000000000000e+00,0.000000000000000000e+00,9.500000000000000111e-02,0.000000000000000000e+00,1.899999999999999911e+00,2.054500000000000171e+01,0.000000000000000000e+00,0.000000000000000000e+00,3.549999999999999822e+00,0.000000000000000000e+00,0.000000000000000000e+00,0.000000000000000000e+00,0.000000000000000000e+00,0.000000000000000000e+00,2.584999999999999964e+00,0.000000000000000000e+00,0.000000000000000000e+00,0.000000000000000000e+00,2.500000000000000000e-01,0.000000000000000000e+00,0.000000000000000000e+00,2.419999999999999929e+00,0.000000000000000000e+00,0.000000000000000000e+00,0.000000000000000000e+00,0.000000000000000000e+00,0.000000000000000000e+00,1.979999999999999982e+00,2.479999999999999982e+00,0.000000000000000000e+00,4.195000000000000284e+00
8.630000000000000782e+00,7.080000000000000071e+00,1.370000000000000107e+00,5.999999999999999778e-01,1.199999999999999956e-01,4.540000000000000036e+00,4.709999999999999964e+00,4.389999999999999680e+00,3.629999999999999893e+00,0.000000000000000000e+00,4.500000000000000000e+00,4.009999999999999787e+00,6.580000000000000071e+00,0.000000000000000000e+00,2.959999999999999964e+00,5.300000000000000266e-01,0.000000000000000000e+00,3.160000000000000142e+00,3.810000000000000053e+00,8.900000000000000133e-01,0.000000000000000000e+00,7.299999999999999822e-01,0.000000000000000000e+00,2.240000000000000213e+00,0.000000000000000000e+00,8.900000000000000133e-01,4.000000000000000083e-02,0.000000000000000000e+00,0.000000000000000000e+00,0.000000000000000000e+00,1.074000000000000021e+01,9.799999999999999822e-01,1.229999999999999982e+00,1.200999999999999979e+01,2.720000000000000195e+00,2.140000000000000124e+00,4.559999999999999609e+00,4.370000000000000107e+00,3.770000000000000018e+00,0.000000000000000000e+00,2.180000000000000160e+00,8.599999999999999867e-01,2.500000000000000000e+00,0.000000000000000000e+00,4.179999999999999716e+00,1.129999999999999893e+00,2.740000000000000213e+00,2.799999999999999822e+00,7.209999999999999964e+00,7.349999999999999645e+00,2.819999999999999840e+00,1.600000000000000089e+00,3.800000000000000044e-01,8.179999999999999716e+00,4.019999999999999574e+00,4.250000000000000000e+00,8.720000000000000639e+00,6.349999999999999645e+00,6.190000000000000391e+00,0.000000000000000000e+00,5.209999999999999964e+00,4.299999999999999822e+00,6.103999999999999915e+01,3.379999999999999893e+00,3.680000000000000160e+00,4.019999999999999574e+00,2.459999999999999964e+00,2.250000000000000000e+00,2.569999999999999840e+00,9.810000000000000497e+00,0.000000000000000000e+00,0.000000000000000000e+00,9.900000000000000355e+00,9.490000000000000213e+00,1.169999999999999929e+00,3.089999999999999858e+00,2.310000000000000053e+00,7.299999999999999822e-01,4.139999999999999680e+00,5.600000000000000533e-01,0.000000000000000000e+00,1.061999999999999922e+01,7.815000000000001990e+01,4.549999999999999822e+00,4.530000000000000249e+00,3.500000000000000000e+00,5.910000000000000142e+00,4.669999999999999929e+00,0.000000000000000000e+00,6.790000000000000036e+00,5.929999999999999716e+00,4.309999999999999609e+00,4.139999999999999680e+00,5.830000000000000071e+00,1.043999999999999950e+01,4.059999999999999609e+00,4.120000000000000107e+00,0.000000000000000000e+00,9.300000000000000488e-01,2.089999999999999858e+00,2.729999999999999982e+00,4.099999999999999756e-01,4.500000000000000000e+00,2.979999999999999982e+00,4.620000000000000107e+00,1.000000000000000021e-02,1.007000000000000028e+01,6.620000000000000107e+00,4.219999999999999751e+00,1.929999999999999938e+00,6.080000000000000071e+00,0.000000000000000000e+00,4.330000000000000071e+00,3.620000000000000107e+00,6.459999999999999964e+00,5.200000000000000178e-01,2.390000000000000124e+00,5.200000000000000178e+00,1.729999999999999982e+00,4.570000000000000284e+00,4.019999999999999574e+00,0.000000000000000000e+00,1.053999999999999915e+01,1.729999999999999982e+00,6.209999999999999964e+00,0.000000000000000000e+00,0.000000000000000000e+00,0.000000000000000000e+00,1.405000000000000071e+01,1.111999999999999922e+01,7.730000000000000426e+00,8.919999999999999929e+00,5.650000000000000355e+00,0.000000000000000000e+00,5.320000000000000284e+00,9.499999999999999556e-01,6.300000000000000044e-01,7.800000000000000266e-01,2.200000000000000011e-01,4.910000000000000142e+00,3.160000000000000142e+00,1.580000000000000071e+00,9.499999999999999556e-01,1.340000000000000080e+00,0.000000000000000000e+00,4.009999999999999787e+00,3.839999999999999858e+00,4.570000000000000284e+00,3.640000000000000124e+00,3.069999999999999840e+00,2.549999999999999822e+00,4.899999999999999911e-01,2.029999999999999805e+00,3.319999999999999840e+00,5.400000000000000355e+00,2.990000000000000213e+00,4.070000000000000284e+00,5.040000000000000036e+00,8.000000000000000444e-01,3.049999999999999822e+00,0.000000000000000000e+00,4.650000000000000355e+00,0.000000000000000000e+00,8.000000000000000167e-02,1.360000000000000098e+00,2.950000000000000178e+00,5.639999999999999680e+00,4.990000000000000213e+00,0.000000000000000000e+00,1.939999999999999947e+00,8.589999999999999858e+00,0.000000000000000000e+00,0.000000000000000000e+00,0.000000000000000000e+00,8.130000000000000782e+00,6.129999999999999893e+00,3.930000000000000160e+00,0.000000000000000000e+00,1.179999999999999938e+00,2.209999999999999964e+00,3.300000000000000155e-01,6.300000000000000044e-01,4.780000000000000249e+00,2.439999999999999947e+00,1.023000000000000043e+01,9.100000000000000311e-01,0.000000000000000000e+00,1.909999999999999920e+00,2.009999999999999787e+00,7.299999999999999822e-01
3.499999999999999778e-01,0.000000000000000000e+00,0.000000000000000000e+00,0.000000000000000000e+00,0.000000000000000000e+00,0.000000000000000000e+00,0.000000000000000000e+00,0.000000000000000000e+00,0.000000000000000000e+00,0.000000000000000000e+00,0.000000000000000000e+00,4.000000000000000000e+00,5.719999999999999751e+00,2.758999999999999986e+01,3.790999999999999659e+01,0.000000000000000000e+00,0.000000000000000000e+00,2.569999999999999840e+00,1.016999999999999993e+01,0.000000000000000000e+00,2.999999999999999889e-02,1.900000000000000022e-01,0.000000000000000000e+00,0.000000000000000000e+00,0.000000000000000000e+00,0.000000000000000000e+00,0.000000000000000000e+00,0.000000000000000000e+00,9.599999999999999645e-01,3.229999999999999982e+00,6.240000000000000213e+00,3.049999999999999822e+00,0.000000000000000000e+00,3.339999999999999858e+00,2.399999999999999911e+00,4.089999999999999858e+00,6.099999999999999867e-01,2.600000000000000089e-01,0.000000000000000000e+00,3.529999999999999805e+00,0.000000000000000000e+00,1.719999999999999973e+00,0.000000000000000000e+00,0.000000000000000000e+00,2.470000000000000195e+00,4.899999999999999911e-01,0.000000000000000000e+00,0.000000000000000000e+00,7.059999999999999609e+00,7.799999999999999822e+00,0.000000000000000000e+00,0.000000000000000000e+00,2.359999999999999876e+00,1.100000000000000089e+00,3.049999999999999822e+00,2.479999999999999982e+00,2.779999999999999805e+00,4.509999999999999787e+00,4.860000000000000320e+00,0.000000000000000000e+00,3.649999999999999911e+00,1.540000000000000036e+00,3.069999999999999840e+00,0.000000000000000000e+00,3.350000000000000089e+00,0.000000000000000000e+00,4.790000000000000036e+00,0.000000000000000000e+00,0.000000000000000000e+00,6.150000000000000355e+00,0.000000000000000000e+00,0.000000000000000000e+00,7.400000000000000355e+00,5.459999999999999964e+00,1.042999999999999972e+01,2.490000000000000213e+00,1.540000000000000036e+00,0.000000000000000000e+00,4.699999999999999734e-01,4.660000000000000142e+00,0.000000000000000000e+00,9.619999999999999218e+00,5.049999999999999822e+00,0.000000000000000000e+00,0.000000000000000000e+00,4.009999999999999787e+00,3.540000000000000036e+00,1.830000000000000071e+00,2.180000000000000160e+00,3.220000000000000195e+00,5.740000000000000213e+00,2.890000000000000124e+00,4.129999999999999893e+00,4.780000000000000249e+00,9.289999999999999147e+00,3.109999999999999876e+00,1.239999999999999991e+00,1.320000000000000062e+00,3.379999999999999893e+00,1.310000000000000053e+00,3.459999999999999964e+00,2.470000000000000195e+00,4.330000000000000071e+00,2.310000000000000053e+00,6.660000000000000142e+00,2.770000000000000018e+00,7.839999999999999858e+00,6.259999999999999787e+00,3.580000000000000071e+00,3.770000000000000018e+00,7.000000000000000666e-02,0.000000000000000000e+00,7.629999999999999893e+00,9.130000000000000782e+00,1.008999999999999986e+01,0.000000000000000000e+00,3.240000000000000213e+00,6.200999999999999801e+01,2.290000000000000036e+00,3.680000000000000160e+00,2.560000000000000053e+00,2.196000000000000085e+01,5.450000000000000178e+00,1.739999999999999991e+00,5.070000000000000284e+00,0.000000000000000000e+00,4.339999999999999858e+00,0.000000000000000000e+00,2.928999999999999915e+01,2.626999999999999957e+01,6.300000000000000044e-01,2.080000000000000071e+00,5.549999999999999822e+00,0.000000000000000000e+00,5.059999999999999609e+00,9.449999999999999289e+00,1.612000000000000099e+01,0.000000000000000000e+00,8.140000000000000568e+00,9.564000000000000057e+01,5.980000000000000426e+00,0.000000000000000000e+00,0.000000000000000000e+00,9.499999999999999556e-01,7.099999999999999645e-01,5.200000000000000178e-01,6.999999999999999556e-01,8.000000000000000444e-01,3.979999999999999982e+00,1.429999999999999938e+00,2.200000000000000178e+00,4.129999999999999893e+00,2.720000000000000195e+00,2.089999999999999858e+00,3.189999999999999947e+00,1.760000000000000009e+00,1.570000000000000062e+00,8.310000000000000497e+00,2.299999999999999822e+00,4.540000000000000036e+00,3.290000000000000036e+00,2.839999999999999858e+00,2.310000000000000053e+00,7.230000000000000426e+00,1.639999999999999902e+00,1.159999999999999920e+00,2.919999999999999929e+00,3.290000000000000036e+00,3.100000000000000089e+00,6.719999999999999751e+00,1.031000000000000050e+01,0.000000000000000000e+00,0.000000000000000000e+00,0.000000000000000000e+00,5.013000000000000256e+01,6.849999999999999645e+00,4.679999999999999716e+00,0.000000000000000000e+00,4.610000000000000320e+00,2.270000000000000018e+00,7.190000000000000391e+00,0.000000000000000000e+00,4.110000000000000320e+00,2.609999999999999876e+00,6.059999999999999609e+00,3.259999999999999787e+00,0.000000000000000000e+00,2.390000000000000124e+00,0.000000000000000000e+00,0.000000000000000000e+00
4.160000000000000142e+00,3.229999999999999982e+00,4.500000000000000111e-01,1.280000000000000027e+00,7.199999999999999734e-01,2.520000000000000018e+00,2.330000000000000071e+00,0.000000000000000000e+00,1.149999999999999911e+00,0.000000000000000000e+00,3.220000000000000195e+00,0.000000000000000000e+00,6.769999999999999574e+00,0.000000000000000000e+00,8.599999999999999867e-01,1.179999999999999938e+00,0.000000000000000000e+00,4.419999999999999929e+00,2.790000000000000036e+00,0.000000000000000000e+00,0.000000000000000000e+00,0.000000000000000000e+00,3.499999999999999778e-01,1.699999999999999956e+00,1.590000000000000080e+00,2.270000000000000018e+00,1.020000000000000018e+00,3.299999999999999822e+00,3.290000000000000036e+00,3.470000000000000195e+00,6.099999999999999645e+00,1.449999999999999956e+00,2.410000000000000142e+00,3.319999999999999840e+00,2.790000000000000036e+00,5.089999999999999858e+00,4.269999999999999574e+00,3.089999999999999858e+00,4.309999999999999609e+00,5.080000000000000071e+00,1.919999999999999929e+00,1.280000000000000027e+00,2.879999999999999893e+00,4.000000000000000222e-01,3.740000000000000213e+00,2.389999999999999858e+01,4.200000000000000178e+00,4.459999999999999964e+00,9.269999999999999574e+00,8.039999999999999147e+00,4.959999999999999964e+00,1.300000000000000044e+00,3.689999999999999947e+00,9.320000000000000284e+00,2.189999999999999947e+00,2.549999999999999822e+00,2.879999999999999893e+00,4.030000000000000249e+00,4.990000000000000213e+00,2.500000000000000000e-01,5.410000000000000142e+00,1.510000000000000009e+00,2.669999999999999929e+00,4.040000000000000036e+00,1.229999999999999982e+00,1.149999999999999911e+00,7.009999999999999787e+00,3.259999999999999787e+00,2.299999999999999822e+00,5.089999999999999858e+00,3.879999999999999893e+00,3.729999999999999982e+00,8.500000000000000000e+00,7.719999999999999751e+00,2.770000000000000018e+00,8.399999999999999689e-01,7.099999999999999645e-01,1.580000000000000071e+00,2.370000000000000107e+00,1.340000000000000080e+00,0.000000000000000000e+00,5.830000000000000071e+00,3.620000000000000107e+00,1.719999999999999973e+00,3.649999999999999911e+00,4.370000000000000107e+00,6.259999999999999787e+00,6.000000000000000000e+00,8.100000000000000533e-01,6.190000000000000391e+00,5.169999999999999929e+00,3.770000000000000018e+00,2.169999999999999929e+00,0.000000000000000000e+00,6.330000000000000071e+00,4.940000000000000391e+00,2.970000000000000195e+00,2.629999999999999893e+00,4.719999999999999751e+00,2.080000000000000071e+00,4.089999999999999858e+00,9.599999999999999645e-01,4.580000000000000071e+00,4.799999999999999822e-01,3.339999999999999858e+00,5.999999999999999778e-02,8.240000000000000213e+00,7.690000000000000391e+00,3.319999999999999840e+00,2.529999999999999805e+00,1.120000000000000107e+00,0.000000000000000000e+00,3.759999999999999787e+00,3.310000000000000053e+00,5.610000000000000320e+00,1.909999999999999920e+00,2.359999999999999876e+00,1.082000000000000028e+01,2.850000000000000089e+00,2.560000000000000053e+00,2.810000000000000053e+00,1.199999999999999956e+00,4.219999999999999751e+00,1.860000000000000098e+00,4.759999999999999787e+00,1.929999999999999938e+00,1.610000000000000098e+00,7.600000000000000089e-01,1.301999999999999957e+01,6.950000000000000178e+00,3.089999999999999858e+00,3.799999999999999822e+00,5.589999999999999858e+00,1.020000000000000018e+00,3.879999999999999893e+00,1.530000000000000027e+00,4.600000000000000200e-01,5.200000000000000178e-01,0.000000000000000000e+00,3.370000000000000107e+00,1.379999999999999893e+00,2.029999999999999805e+00,1.030000000000000027e+00,1.010000000000000009e+00,3.660000000000000142e+00,4.730000000000000426e+00,5.160000000000000142e+00,6.120000000000000107e+00,3.799999999999999822e+00,3.390000000000000124e+00,2.560000000000000053e+00,1.391999999999999993e+01,6.040000000000000036e+00,0.000000000000000000e+00,0.000000000000000000e+00,1.149999999999999911e+00,3.759999999999999787e+00,7.629999999999999893e+00,3.370000000000000107e+00,3.209999999999999964e+00,1.919999999999999929e+00,2.459999999999999964e+00,3.879999999999999893e+00,1.209999999999999964e+00,1.709999999999999964e+00,3.169999999999999929e+00,5.330000000000000071e+00,5.190000000000000391e+00,3.740000000000000213e+00,9.029999999999999361e+00,4.700000000000000178e+00,0.000000000000000000e+00,0.000000000000000000e+00,0.000000000000000000e+00,2.779999999999999805e+00,6.830000000000000071e+00,6.889999999999999680e+00,0.000000000000000000e+00,5.150000000000000355e+00,4.690000000000000391e+00,1.870000000000000107e+00,1.840000000000000080e+00,3.549999999999999822e+00,2.490000000000000213e+00,7.469999999999999751e+00,1.939999999999999947e+00,0.000000000000000000e+00,2.100000000000000089e+00,4.110000000000000320e+00,2.290000000000000036e+00
8.499999999999999778e-01,6.899999999999999467e-01,1.499999999999999944e-01,6.700000000000000400e-01,5.500000000000000444e-01,9.899999999999999911e-01,4.500000000000000111e-01,1.520000000000000018e+00,3.699999999999999956e-01,0.000000000000000000e+00,5.400000000000000355e-01,0.000000000000000000e+00,2.609999999999999876e+00,1.419999999999999929e+00,1.520000000000000018e+00,0.000000000000000000e+00,1.600000000000000033e-01,0.000000000000000000e+00,1.629999999999999893e+00,6.099999999999999867e-01,1.510000000000000009e+00,1.649999999999999911e+00,1.700000000000000122e-01,1.580000000000000071e+00,2.370000000000000107e+00,2.020000000000000018e+00,6.400000000000000133e-01,0.000000000000000000e+00,3.229999999999999982e+00,0.000000000000000000e+00,6.899999999999999467e-01,4.400000000000000022e-01,3.620000000000000107e+00,4.570000000000000284e+00,1.010000000000000009e+00,2.221999999999999886e+01,1.060000000000000053e+00,1.639999999999999902e+00,5.699999999999999512e-01,1.929999999999999938e+00,3.300000000000000155e-01,9.899999999999999911e-01,1.520000000000000018e+00,1.239999999999999991e+00,1.610000000000000098e+00,1.530000000000000027e+00,0.000000000000000000e+00,0.000000000000000000e+00,4.049999999999999822e+00,1.030000000000000027e+00,4.030000000000000249e+00,5.300000000000000266e-01,1.280000000000000027e+00,3.669999999999999929e+00,2.910000000000000142e+00,9.000000000000000222e-01,6.899999999999999467e-01,0.000000000000000000e+00,4.459999999999999964e+00,0.000000000000000000e+00,0.000000000000000000e+00,1.179999999999999938e+00,1.129999999999999893e+00,1.330000000000000071e+01,9.100000000000000311e-01,1.850000000000000089e+00,3.189999999999999947e+00,1.929999999999999938e+00,2.029999999999999805e+00,2.859999999999999876e+00,4.000000000000000083e-02,9.410000000000000142e+00,3.060000000000000053e+00,1.330000000000000071e+00,4.570000000000000284e+00,8.000000000000000167e-02,9.000000000000000222e-01,4.199999999999999845e-01,0.000000000000000000e+00,1.270000000000000018e+00,0.000000000000000000e+00,3.580000000000000071e+00,1.860000000000000098e+00,6.600000000000000311e-01,1.189999999999999947e+00,8.999999999999999667e-02,1.780000000000000027e+00,1.979999999999999982e+00,2.189999999999999947e+00,2.839999999999999858e+00,0.000000000000000000e+00,2.700000000000000178e-01,1.780000000000000027e+00,1.489999999999999991e+00,4.209999999999999964e+00,2.899999999999999800e-01,1.360000000000000098e+00,1.379999999999999893e+00,3.549999999999999822e+00,8.100000000000000533e-01,1.870000000000000107e+00,2.709999999999999964e+00,2.009999999999999787e+00,1.030000000000000027e+00,2.580000000000000071e+00,1.830000000000000071e+00,2.270000000000000018e+00,3.490000000000000213e+00,1.709999999999999964e+00,9.799999999999999822e-01,6.899999999999999467e-01,3.400000000000000244e-01,5.500000000000000444e-01,2.250000000000000000e+00,2.029999999999999805e+00,1.399999999999999911e+00,4.700000000000000178e+00,4.730000000000000426e+00,1.899999999999999911e+00,0.000000000000000000e+00,0.000000000000000000e+00,4.410000000000000142e+00,3.439999999999999947e+00,0.000000000000000000e+00,1.570000000000000062e+00,4.690000000000000391e+00,3.160000000000000142e+00,0.000000000000000000e+00,3.229999999999999982e+00,3.660000000000000142e+00,9.799999999999999822e-01,3.660000000000000142e+00,1.189999999999999947e+00,0.000000000000000000e+00,5.049999999999999822e+00,6.669999999999999929e+00,3.699999999999999956e-01,0.000000000000000000e+00,3.499999999999999778e-01,1.590000000000000080e+00,3.379999999999999893e+00,1.489999999999999991e+00,9.000000000000000222e-01,3.529999999999999805e+00,0.000000000000000000e+00,1.919999999999999929e+00,1.939999999999999947e+00,2.580000000000000071e+00,2.470000000000000195e+00,1.669999999999999929e+00,8.699999999999999956e-01,5.099999999999999645e+00,9.000000000000000222e-01,0.000000000000000000e+00,2.810000000000000053e+00,3.640000000000000124e+00,5.540000000000000036e+00,4.519999999999999574e+00,4.980000000000000426e+00,1.949999999999999956e+00,4.410000000000000142e+00,5.250000000000000000e+00,8.970000000000002416e+00,1.280000000000000027e+00,1.120000000000000107e+00,1.689999999999999947e+00,2.660000000000000142e+00,2.370000000000000107e+00,2.020000000000000018e+00,1.100000000000000006e-01,0.000000000000000000e+00,0.000000000000000000e+00,0.000000000000000000e+00,0.000000000000000000e+00,0.000000000000000000e+00,1.290000000000000036e+00,8.499999999999999778e-01,0.000000000000000000e+00,1.000000000000000000e+00,1.689999999999999947e+00,0.000000000000000000e+00,5.000000000000000278e-02,8.299999999999999600e-01,7.900000000000000355e-01,4.410000000000000142e+00,1.770000000000000018e+00,0.000000000000000000e+00,7.500000000000000000e-01,1.300000000000000044e+00,4.169999999999999929e+00
4.280000000000000249e+00,5.330000000000000071e+00,3.330000000000000071e+00,3.720000000000000195e+00,5.440000000000000391e+00,3.950000000000000178e+00,3.069999999999999840e+00,2.839999999999999858e+00,1.580000000000000071e+00,0.000000000000000000e+00,2.689999999999999947e+00,2.229999999999999982e+00,6.389999999999999680e+00,1.370000000000000107e+00,9.399999999999999467e-01,0.000000000000000000e+00,1.790000000000000036e+00,3.709999999999999964e+00,4.099999999999999645e+00,1.699999999999999956e+00,1.452999999999999936e+01,2.310000000000000142e+01,4.099999999999999756e-01,2.140000000000000124e+00,5.339999999999999858e+00,2.979999999999999982e+00,4.600000000000000200e-01,0.000000000000000000e+00,4.559999999999999609e+00,1.100000000000000089e+00,1.401999999999999957e+01,5.070000000000000284e+00,1.310000000000000053e+00,1.270000000000000018e+00,5.910000000000000142e+00,3.740000000000000213e+00,3.589999999999999858e+00,3.120000000000000107e+00,2.490000000000000213e+00,5.740000000000000213e+00,1.700000000000000122e-01,1.429999999999999938e+00,1.266999999999999993e+01,7.900000000000000355e+00,1.503999999999999915e+01,8.000000000000000444e-01,0.000000000000000000e+00,4.990000000000000213e+00,9.500000000000000000e+00,5.009999999999999787e+00,6.620000000000000107e+00,6.150000000000000355e+00,4.240000000000000213e+00,1.331000000000000050e+01,1.219999999999999973e+00,2.600000000000000089e+00,2.600000000000000089e-01,2.479999999999999982e+00,3.720000000000000195e+00,0.000000000000000000e+00,3.399999999999999911e+00,0.000000000000000000e+00,1.580000000000000071e+00,5.849999999999999645e+00,3.160000000000000142e+00,3.500000000000000000e+00,6.839999999999999858e+00,3.290000000000000036e+00,2.359999999999999876e+00,6.429999999999999716e+00,1.360000000000000098e+00,4.589999999999999858e+00,7.240000000000000213e+00,1.375000000000000000e+01,4.269999999999999574e+00,8.100000000000000533e-01,2.879999999999999893e+00,5.500000000000000444e-01,0.000000000000000000e+00,6.099999999999999867e-01,0.000000000000000000e+00,7.049999999999999822e+00,5.389999999999999680e+00,2.189999999999999947e+00,4.570000000000000284e+00,4.309999999999999609e+00,8.570000000000000284e+00,6.849999999999999645e+00,4.299999999999999933e-01,5.419999999999999929e+00,4.870000000000000107e+00,3.379999999999999893e+00,1.400000000000000133e-01,2.290000000000000036e+00,0.000000000000000000e+00,3.479999999999999982e+00,8.240000000000000213e+00,1.770000000000000018e+00,3.009999999999999787e+00,1.810000000000000053e+00,4.669999999999999929e+00,1.600000000000000089e+00,3.750000000000000000e+00,2.189999999999999947e+00,1.477999999999999936e+01,4.699999999999999734e-01,5.740000000000000213e+00,7.009999999999999787e+00,3.740000000000000213e+00,2.069999999999999840e+00,2.919999999999999929e+00,0.000000000000000000e+00,4.230000000000000426e+00,1.889999999999999902e+00,5.299999999999999822e+00,6.400000000000000133e-01,6.160000000000000142e+00,1.182000000000000028e+01,4.099999999999999756e-01,4.370000000000000107e+00,2.560000000000000053e+00,2.000000000000000042e-02,1.014000000000000057e+01,1.000000000000000000e+00,5.009999999999999787e+00,0.000000000000000000e+00,0.000000000000000000e+00,2.899999999999999800e-01,7.669999999999999929e+00,4.129999999999999893e+00,9.359999999999999432e+00,6.120000000000000107e+00,6.669999999999999929e+00,0.000000000000000000e+00,5.370000000000000107e+00,3.169999999999999929e+00,7.407999999999999829e+01,9.730000000000000426e+00,5.153999999999999915e+01,4.339999999999999858e+00,4.719999999999999751e+00,4.914000000000000057e+01,5.690000000000000391e+00,4.386999999999999744e+01,6.769999999999999574e+00,4.559999999999999609e+00,6.650000000000000355e+00,3.970000000000000195e+00,5.702000000000000313e+01,7.265000000000001990e+01,3.180000000000000071e+01,1.083000000000000007e+01,4.500000000000000000e+00,1.261999999999999922e+01,5.559999999999999609e+00,6.526999999999999602e+01,7.493999999999999773e+01,7.459999999999999964e+00,4.461999999999999744e+01,1.826000000000000156e+01,3.132999999999999829e+01,4.453999999999999915e+01,6.787999999999999545e+01,6.129999999999999893e+00,3.292999999999999972e+01,7.330000000000000071e+00,6.540000000000000036e+00,1.960999999999999943e+01,5.730000000000000426e+00,4.339999999999999858e+00,0.000000000000000000e+00,3.699999999999999956e-01,0.000000000000000000e+00,0.000000000000000000e+00,4.370000000000000107e+00,4.280000000000000249e+00,3.689999999999999947e+00,0.000000000000000000e+00,3.109999999999999876e+00,4.370000000000000107e+00,1.128999999999999915e+01,1.080000000000000071e+00,7.360000000000000320e+00,3.560000000000000053e+00,1.603000000000000114e+01,3.089999999999999858e+00,0.000000000000000000e+00,4.089999999999999858e+00,1.840000000000000080e+00,0.000000000000000000e+00
2.279999999999999805e+00,1.000000000000000056e-01,0.000000000000000000e+00,0.000000000000000000e+00,0.000000000000000000e+00,0.000000000000000000e+00,5.100000000000000089e-01,0.000000000000000000e+00,1.129999999999999893e+00,2.439999999999999947e+00,5.500000000000000444e-01,0.000000000000000000e+00,0.000000000000000000e+00,0.000000000000000000e+00,6.800000000000000488e-01,0.000000000000000000e+00,1.050000000000000044e+00,0.000000000000000000e+00,0.000000000000000000e+00,6.300000000000000044e-01,1.370000000000000107e+00,1.330000000000000071e+00,2.330000000000000071e+00,1.510000000000000009e+00,4.699999999999999734e-01,1.799999999999999933e-01,1.530000000000000027e+00,0.000000000000000000e+00,1.300000000000000044e-01,0.000000000000000000e+00,0.000000000000000000e+00,4.600000000000000200e-01,5.899999999999999689e-01,2.060000000000000053e+00,0.000000000000000000e+00,0.000000000000000000e+00,0.000000000000000000e+00,0.000000000000000000e+00,0.000000000000000000e+00,0.000000000000000000e+00,0.000000000000000000e+00,0.000000000000000000e+00,4.259999999999999787e+00,5.200000000000000178e+00,5.999999999999999778e-02,8.199999999999999512e-01,0.000000000000000000e+00,0.000000000000000000e+00,0.000000000000000000e+00,0.000000000000000000e+00,0.000000000000000000e+00,4.899999999999999911e-01,0.000000000000000000e+00,0.000000000000000000e+00,0.000000000000000000e+00,0.000000000000000000e+00,0.000000000000000000e+00,0.000000000000000000e+00,0.000000000000000000e+00,2.879999999999999893e+00,1.489999999999999991e+00,0.000000000000000000e+00,0.000000000000000000e+00,5.100000000000000089e-01,4.899999999999999911e-01,8.199999999999999512e-01,0.000000000000000000e+00,5.870000000000000107e+00,5.530000000000000249e+00,0.000000000000000000e+00,0.000000000000000000e+00,0.000000000000000000e+00,0.000000000000000000e+00,0.000000000000000000e+00,0.000000000000000000e+00,0.000000000000000000e+00,0.000000000000000000e+00,0.000000000000000000e+00,0.000000000000000000e+00,0.000000000000000000e+00,0.000000000000000000e+00,1.900000000000000022e-01,0.000000000000000000e+00,2.000000000000000111e-01,9.000000000000000222e-01,0.000000000000000000e+00,0.000000000000000000e+00,0.000000000000000000e+00,2.310000000000000053e+00,2.000000000000000000e+00,1.000000000000000000e+00,0.000000000000000000e+00,0.000000000000000000e+00,0.000000000000000000e+00,0.000000000000000000e+00,0.000000000000000000e+00,0.000000000000000000e+00,0.000000000000000000e+00,0.000000000000000000e+00,0.000000000000000000e+00,2.999999999999999889e-02,0.000000000000000000e+00,0.000000000000000000e+00,1.600000000000000033e-01,0.000000000000000000e+00,5.600000000000000533e-01,0.000000000000000000e+00,1.419999999999999929e+00,3.499999999999999778e-01,7.399999999999999911e-01,0.000000000000000000e+00,1.439999999999999947e+00,0.000000000000000000e+00,2.200000000000000011e-01,0.000000000000000000e+00,0.000000000000000000e+00,0.000000000000000000e+00,4.690000000000000391e+00,0.000000000000000000e+00,0.000000000000000000e+00,5.300000000000000266e-01,2.200000000000000178e+00,0.000000000000000000e+00,0.000000000000000000e+00,0.000000000000000000e+00,0.000000000000000000e+00,0.000000000000000000e+00,1.260000000000000009e+00,0.000000000000000000e+00,1.929999999999999938e+00,0.000000000000000000e+00,4.699999999999999734e-01,0.000000000000000000e+00,0.000000000000000000e+00,0.000000000000000000e+00,0.000000000000000000e+00,0.000000000000000000e+00,2.700000000000000178e-01,1.439999999999999947e+00,0.000000000000000000e+00,2.099999999999999922e-01,0.000000000000000000e+00,0.000000000000000000e+00,0.000000000000000000e+00,2.000000000000000111e-01,0.000000000000000000e+00,0.000000000000000000e+00,0.000000000000000000e+00,0.000000000000000000e+00,0.000000000000000000e+00,5.799999999999999600e-01,0.000000000000000000e+00,1.000000000000000021e-02,1.229999999999999982e+00,0.000000000000000000e+00,0.000000000000000000e+00,7.299999999999999822e-01,2.189999999999999947e+00,1.040000000000000036e+00,0.000000000000000000e+00,1.429999999999999938e+00,0.000000000000000000e+00,0.000000000000000000e+00,0.000000000000000000e+00,0.000000000000000000e+00,5.000000000000000000e-01,0.000000000000000000e+00,0.000000000000000000e+00,0.000000000000000000e+00,5.429999999999999716e+00,0.000000000000000000e+00,1.520000000000000018e+00,0.000000000000000000e+00,0.000000000000000000e+00,0.000000000000000000e+00,0.000000000000000000e+00,0.000000000000000000e+00,6.199999999999999956e-01,4.099999999999999756e-01,0.000000000000000000e+00,2.490000000000000213e+00,0.000000000000000000e+00,0.000000000000000000e+00,0.000000000000000000e+00,2.200000000000000011e-01,9.100000000000000311e-01,0.000000000000000000e+00,0.000000000000000000e+00,8.299999999999999600e-01,0.000000000000000000e+00
4.400000000000000355e+00,4.040000000000000036e+00,1.459999999999999964e+00,6.899999999999999467e-01,8.100000000000000533e-01,1.500000000000000000e+00,2.419999999999999929e+00,5.500000000000000444e-01,0.000000000000000000e+00,0.000000000000000000e+00,1.379999999999999893e+00,0.000000000000000000e+00,3.740000000000000213e+00,2.540000000000000036e+00,1.850000000000000089e+00,1.600000000000000089e+00,1.889999999999999902e+00,4.290000000000000036e+00,4.240000000000000213e+00,0.000000000000000000e+00,1.629999999999999893e+00,1.389999999999999902e+00,0.000000000000000000e+00,1.310000000000000053e+00,1.629999999999999893e+00,1.449999999999999956e+00,5.899999999999999689e-01,1.479999999999999982e+00,6.349999999999999645e+00,5.300000000000000266e-01,0.000000000000000000e+00,2.350000000000000089e+00,1.199999999999999956e+00,6.099999999999999867e-01,2.250000000000000000e+00,2.919999999999999929e+00,1.610000000000000098e+00,9.200000000000000400e-01,5.400000000000000355e-01,4.459999999999999964e+00,0.000000000000000000e+00,1.729999999999999982e+00,1.620000000000000107e+00,1.020000000000000018e+00,2.660000000000000142e+00,2.080000000000000071e+00,0.000000000000000000e+00,5.440000000000000391e+00,7.780000000000000249e+00,6.719999999999999751e+00,5.490000000000000213e+00,1.030000000000000027e+00,8.800000000000000044e-01,1.228999999999999915e+01,5.900000000000000355e+00,3.259999999999999787e+00,2.080000000000000071e+00,7.500000000000000000e-01,2.450000000000000178e+00,5.000000000000000278e-02,2.859999999999999876e+00,2.689999999999999947e+00,2.500000000000000000e-01,5.919999999999999929e+00,5.000000000000000278e-02,8.599999999999999867e-01,1.209999999999999964e+00,3.319999999999999840e+00,3.209999999999999964e+00,5.969999999999999751e+00,1.469999999999999973e+00,4.980000000000000426e+00,2.350000000000000089e+00,2.899999999999999911e+00,2.870000000000000107e+00,3.310000000000000053e+00,0.000000000000000000e+00,1.110000000000000098e+00,5.980000000000000426e+00,1.959999999999999964e+00,0.000000000000000000e+00,3.689999999999999947e+00,3.839999999999999858e+00,6.800000000000000488e-01,6.410000000000000142e+00,5.660000000000000142e+00,3.330000000000000071e+00,4.059999999999999609e+00,9.799999999999999822e-01,4.690000000000000391e+00,1.929999999999999938e+00,3.580000000000000071e+00,6.600000000000000311e-01,2.359999999999999876e+00,1.010000000000000009e+00,3.479999999999999982e+00,3.529999999999999805e+00,7.900000000000000355e-01,3.149999999999999911e+00,5.799999999999999600e-01,2.029999999999999805e+00,0.000000000000000000e+00,3.419999999999999929e+00,1.040000000000000036e+00,1.290000000000000036e+00,0.000000000000000000e+00,5.360000000000000320e+00,5.519999999999999574e+00,1.929999999999999938e+00,7.800000000000000266e-01,1.169999999999999929e+00,0.000000000000000000e+00,3.359999999999999876e+00,2.180000000000000160e+00,3.430000000000000160e+00,5.780000000000000249e+00,2.899999999999999911e+00,9.699999999999999734e-01,3.390000000000000124e+00,1.050000000000000044e+00,2.999999999999999889e-02,1.560000000000000053e+00,5.000000000000000000e+00,3.339999999999999858e+00,1.860000000000000098e+00,1.300000000000000044e-01,5.019999999999999574e+00,1.010000000000000009e+00,6.469999999999999751e+00,2.549999999999999822e+00,2.810000000000000053e+00,2.029999999999999805e+00,3.709999999999999964e+00,7.059999999999999609e+00,3.750000000000000000e+00,3.370000000000000107e+00,2.099999999999999922e-01,0.000000000000000000e+00,0.000000000000000000e+00,6.530000000000000249e+00,3.099999999999999978e-01,3.160000000000000142e+00,4.400000000000000022e-01,1.269999999999999929e+01,3.919999999999999929e+00,2.229999999999999982e+00,2.410000000000000142e+00,2.149999999999999911e+00,6.500000000000000000e+00,2.689000000000000057e+01,3.209999999999999964e+00,4.429999999999999716e+00,4.509999999999999787e+00,2.899999999999999911e+00,1.649999999999999911e+00,6.650000000000000355e+00,9.339999999999999858e+00,9.109999999999999432e+00,1.796000000000000085e+01,1.914999999999999858e+01,7.219999999999999751e+00,7.879999999999999893e+00,2.328999999999999915e+01,1.709999999999999964e+00,2.205999999999999872e+01,4.570000000000000284e+00,0.000000000000000000e+00,2.299999999999999822e+00,7.250000000000000000e+00,9.300000000000000711e+00,1.141000000000000014e+01,1.090000000000000080e+00,0.000000000000000000e+00,2.330000000000000071e+00,2.589999999999999858e+00,6.309999999999999609e+00,5.559999999999999609e+00,6.800000000000000488e-01,3.250000000000000000e+00,3.649999999999999911e+00,5.600000000000000533e-01,1.120000000000000107e+00,2.040000000000000036e+00,9.699999999999999734e-01,3.509999999999999787e+00,3.750000000000000000e+00,0.000000000000000000e+00,1.050000000000000044e+00,0.000000000000000000e+00,1.000000000000000000e+00
5.790000000000000036e+00,2.689999999999999947e+00,2.020000000000000018e+00,2.049999999999999822e+00,2.080000000000000071e+00,1.790000000000000036e+00,3.700000000000000178e+00,3.479999999999999982e+00,1.290000000000000036e+00,0.000000000000000000e+00,2.310000000000000053e+00,5.070000000000000284e+00,4.480000000000000426e+00,1.810000000000000053e+00,1.840000000000000080e+00,0.000000000000000000e+00,1.540000000000000036e+00,4.589999999999999858e+00,4.440000000000000391e+00,2.890000000000000124e+00,1.003999999999999915e+01,4.099999999999999756e-01,2.359999999999999876e+00,3.629999999999999893e+00,0.000000000000000000e+00,1.489999999999999991e+00,9.399999999999999467e-01,0.000000000000000000e+00,4.540000000000000036e+00,3.020000000000000018e+00,0.000000000000000000e+00,1.290000000000000036e+00,9.599999999999999645e-01,1.360000000000000098e+00,0.000000000000000000e+00,6.839999999999999858e+00,3.649999999999999911e+00,3.259999999999999787e+00,6.230000000000000426e+00,4.580000000000000071e+00,0.000000000000000000e+00,1.909999999999999920e+00,9.200000000000000400e-01,0.000000000000000000e+00,4.870000000000000107e+00,2.209999999999999964e+00,7.199999999999999734e-01,4.679999999999999716e+00,9.410000000000000142e+00,4.759999999999999787e+00,4.549999999999999822e+00,1.969999999999999973e+00,1.550000000000000044e+00,7.620000000000000107e+00,0.000000000000000000e+00,3.410000000000000142e+00,7.589999999999999858e+00,9.050000000000000711e+00,7.969999999999999751e+00,7.019999999999999574e+00,2.390000000000000124e+00,2.689999999999999947e+00,5.160000000000000142e+00,6.349999999999999645e+00,8.299999999999999600e-01,1.830000000000000071e+00,3.459999999999999964e+00,3.689999999999999947e+00,2.439999999999999947e+00,4.839999999999999858e+00,0.000000000000000000e+00,5.240000000000000213e+00,3.540000000000000036e+00,8.199999999999999289e+00,5.540000000000000036e+00,2.180000000000000160e+00,2.209999999999999964e+00,2.080000000000000071e+00,4.160000000000000142e+00,1.639999999999999902e+00,0.000000000000000000e+00,5.190000000000000391e+00,4.709999999999999964e+00,3.370000000000000107e+00,6.800000000000000488e-01,2.709999999999999964e+00,5.240000000000000213e+00,3.919999999999999929e+00,1.709999999999999964e+00,2.580000000000000071e+00,6.769999999999999574e+00,4.118999999999999773e+01,3.100000000000000089e+00,1.679999999999999938e+00,8.743000000000002103e+01,5.919999999999999929e+00,4.299999999999999822e+00,1.959999999999999964e+00,3.653999999999999915e+01,1.379999999999999893e+00,3.129999999999999893e+00,1.929999999999999938e+00,3.129999999999999893e+00,2.890000000000000124e+00,6.320000000000000284e+00,2.009999999999999787e+00,5.759999999999999787e+00,4.830000000000000071e+00,2.169999999999999929e+00,3.359999999999999876e+00,3.669999999999999929e+00,4.000000000000000222e-01,3.299999999999999822e+00,2.270000000000000018e+00,4.750000000000000000e+00,2.410000000000000142e+00,2.649999999999999911e+00,0.000000000000000000e+00,4.160000000000000142e+00,1.600000000000000089e+00,1.820000000000000062e+00,0.000000000000000000e+00,4.480000000000000426e+00,1.260000000000000009e+00,4.219999999999999751e+00,0.000000000000000000e+00,6.559999999999999609e+00,0.000000000000000000e+00,2.200000000000000178e+00,1.820000000000000062e+00,1.580000000000000071e+00,1.389999999999999902e+00,5.049999999999999822e+00,3.169999999999999929e+00,3.740000000000000213e+00,1.870000000000000107e+00,2.140000000000000124e+00,8.000000000000000167e-02,1.110000000000000098e+00,4.179999999999999716e+00,5.080000000000000071e+00,2.587000000000000099e+01,9.799999999999999822e-01,3.939999999999999947e+00,0.000000000000000000e+00,3.879999999999999893e+00,4.629999999999999893e+00,4.009999999999999787e+00,4.320000000000000284e+00,5.030000000000000249e+00,3.209999999999999964e+00,0.000000000000000000e+00,2.720000000000000195e+00,1.489999999999999991e+00,3.040000000000000036e+00,1.239999999999999991e+00,2.089999999999999858e+00,6.339999999999999858e+00,2.140000000000000124e+00,3.080000000000000071e+00,3.029999999999999805e+00,3.189999999999999947e+00,2.629999999999999893e+00,3.180000000000000160e+00,1.570000000000000062e+00,0.000000000000000000e+00,0.000000000000000000e+00,0.000000000000000000e+00,5.660000000000000142e+00,3.649999999999999911e+00,1.016000000000000014e+01,0.000000000000000000e+00,0.000000000000000000e+00,3.089999999999999858e+00,4.860000000000000320e+00,5.440000000000000391e+00,3.839999999999999858e+00,8.900000000000000133e-01,4.530000000000000249e+00,6.669999999999999929e+00,3.660000000000000142e+00,1.409999999999999920e+00,3.270000000000000018e+00,1.610000000000000098e+00,5.580000000000000071e+00,6.849999999999999645e+00,1.679999999999999938e+00,1.149999999999999911e+00,4.269999999999999574e+00,0.000000000000000000e+00
4.000000000000000000e+00,4.530000000000000249e+00,8.399999999999999689e-01,3.250000000000000000e+00,1.800000000000000044e+00,4.299999999999999822e+00,2.970000000000000195e+00,1.300000000000000000e+01,3.419999999999999929e+00,0.000000000000000000e+00,3.589999999999999858e+00,6.370000000000000107e+00,8.539999999999999147e+00,0.000000000000000000e+00,1.050000000000000044e+00,0.000000000000000000e+00,8.800000000000000044e-01,4.610000000000000320e+00,3.959999999999999964e+00,0.000000000000000000e+00,0.000000000000000000e+00,0.000000000000000000e+00,0.000000000000000000e+00,8.000000000000000444e-01,3.970000000000000195e+00,3.549999999999999822e+00,1.219999999999999973e+00,3.089999999999999858e+00,3.560000000000000053e+00,5.570000000000000284e+00,1.141000000000000014e+01,2.370000000000000107e+00,1.149999999999999911e+00,7.740000000000000213e+00,5.629999999999999893e+00,3.109999999999999876e+00,5.009999999999999787e+00,3.689999999999999947e+00,2.729999999999999982e+00,6.620000000000000107e+00,1.280000000000000027e+00,3.900000000000000133e-01,3.649999999999999911e+00,1.669999999999999929e+00,3.189999999999999947e+00,8.385999999999999943e+01,1.479999999999999982e+00,5.839999999999999858e+00,1.041999999999999993e+01,6.549999999999999822e+00,7.709999999999999964e+00,3.669999999999999929e+00,7.950000000000000178e+00,9.112999999999999545e+01,6.269999999999999574e+00,4.049999999999999822e+00,7.509999999999999787e+00,3.500000000000000000e+00,6.540000000000000036e+00,0.000000000000000000e+00,1.085999999999999943e+01,1.570000000000000062e+00,5.200000000000000178e-01,4.959999999999999964e+00,3.109999999999999876e+00,2.040000000000000036e+00,8.349999999999999645e+00,1.258000000000000007e+01,1.058999999999999986e+01,4.379999999999999893e+00,2.799999999999999822e+00,3.700000000000000178e+00,5.969999999999999751e+00,4.879999999999999893e+00,7.209999999999999964e+00,2.439999999999999947e+00,1.520000000000000018e+00,2.310000000000000053e+00,6.879999999999999893e+00,6.700000000000000400e-01,0.000000000000000000e+00,7.830000000000000071e+00,6.790000000000000036e+00,7.190000000000000391e+00,2.750000000000000000e+00,4.169999999999999929e+00,7.549999999999999822e+00,7.759999999999999787e+00,1.949999999999999956e+00,6.929999999999999716e+00,6.209999999999999964e+00,7.780000000000000249e+00,3.589999999999999858e+00,1.129999999999999893e+00,3.490000000000000213e+00,7.040000000000000036e+00,7.120000000000000107e+00,2.080000000000000071e+00,4.259999999999999787e+00,1.520000000000000018e+00,3.439999999999999947e+00,2.600000000000000089e-01,1.639999999999999902e+00,1.870000000000000107e+00,3.200000000000000178e+00,1.033999999999999986e+01,5.950000000000000178e+00,8.189999999999999503e+00,7.200000000000000178e+00,3.490000000000000213e+00,3.549999999999999822e+00,0.000000000000000000e+00,4.740000000000000213e+00,3.950000000000000178e+00,4.629999999999999893e+00,5.780000000000000249e+00,6.059999999999999609e+00,6.240000000000000213e+00,0.000000000000000000e+00,3.640000000000000124e+00,4.290000000000000036e+00,7.600000000000000089e-01,1.134999999999999964e+01,1.360000000000000098e+00,6.570000000000000284e+00,0.000000000000000000e+00,0.000000000000000000e+00,0.000000000000000000e+00,7.259999999999999787e+00,3.359999999999999876e+00,7.000000000000000666e-02,0.000000000000000000e+00,7.209999999999999964e+00,0.000000000000000000e+00,4.719999999999999751e+00,2.750000000000000000e+00,2.099999999999999922e-01,6.700000000000000400e-01,0.000000000000000000e+00,1.179999999999999938e+00,4.129999999999999893e+00,3.279999999999999805e+00,8.800000000000000044e-01,4.000000000000000083e-02,2.549999999999999822e+00,5.570000000000000284e+00,5.129999999999999893e+00,5.349999999999999645e+00,4.469999999999999751e+00,2.399999999999999911e+00,3.390000000000000124e+00,1.055000000000000071e+01,7.910000000000000142e+00,1.632999999999999829e+01,5.690000000000000391e+00,1.830000000000000071e+00,3.910000000000000142e+00,6.459999999999999964e+00,2.439999999999999947e+00,1.760000000000000009e+00,2.189999999999999947e+00,2.850000000000000089e+00,3.640000000000000124e+00,1.159999999999999920e+00,5.500000000000000444e-01,4.629999999999999893e+00,4.490000000000000213e+00,4.429999999999999716e+00,8.140000000000000568e+00,4.889999999999999680e+00,0.000000000000000000e+00,0.000000000000000000e+00,0.000000000000000000e+00,0.000000000000000000e+00,2.207000000000000028e+01,6.660000000000000142e+00,5.509999999999999787e+00,0.000000000000000000e+00,5.000000000000000000e+00,4.750000000000000000e+00,4.040000000000000036e+00,2.060000000000000053e+00,6.190000000000000391e+00,4.580000000000000071e+00,1.217999999999999972e+01,3.100000000000000089e+00,0.000000000000000000e+00,4.830000000000000071e+00,1.566999999999999993e+01,6.429999999999999716e+00
4.660000000000000142e+00,3.390000000000000124e+00,1.590000000000000080e+00,1.179999999999999938e+00,1.330000000000000071e+00,4.299999999999999822e+00,2.470000000000000195e+00,2.600000000000000089e+00,7.399999999999999911e-01,0.000000000000000000e+00,1.399999999999999911e+00,3.580000000000000071e+00,7.080000000000000071e+00,1.459999999999999964e+00,1.070000000000000062e+00,0.000000000000000000e+00,0.000000000000000000e+00,2.850000000000000089e+00,4.679999999999999716e+00,0.000000000000000000e+00,6.620000000000000107e+00,8.499999999999999778e-01,2.950000000000000178e+00,3.339999999999999858e+00,0.000000000000000000e+00,3.720000000000000195e+00,1.489999999999999991e+00,0.000000000000000000e+00,6.500000000000000000e+00,4.580000000000000071e+00,2.540000000000000036e+00,7.900000000000000355e-01,9.100000000000000311e-01,7.730000000000000426e+00,4.000000000000000222e-01,3.890000000000000124e+00,4.290000000000000036e+00,4.389999999999999680e+00,6.150000000000000355e+00,7.599999999999999645e+00,1.199999999999999956e-01,1.010000000000000009e+00,2.819999999999999840e+00,0.000000000000000000e+00,4.169999999999999929e+00,1.340000000000000080e+00,2.069999999999999840e+00,1.209999999999999964e+00,7.089999999999999858e+00,8.650000000000000355e+00,2.770000000000000018e+00,3.709999999999999964e+00,1.340000000000000080e+00,5.110000000000000320e+00,0.000000000000000000e+00,3.229999999999999982e+00,3.770000000000000018e+00,9.000000000000000000e+00,1.041000000000000014e+01,3.160000000000000142e+00,5.500000000000000444e-01,1.409999999999999920e+00,5.629999999999999893e+00,1.118999999999999950e+01,2.109999999999999876e+00,2.919999999999999929e+00,3.680000000000000160e+00,2.109999999999999876e+00,1.100000000000000089e+00,7.450000000000000178e+00,0.000000000000000000e+00,1.957999999999999829e+01,6.200000000000000178e+00,7.259999999999999787e+00,7.589999999999999858e+00,1.169999999999999929e+00,2.290000000000000036e+00,2.790000000000000036e+00,1.979999999999999982e+00,3.169999999999999929e+00,3.900000000000000133e-01,3.049999999999999822e+00,1.570000000000000062e+00,5.339999999999999858e+00,0.000000000000000000e+00,6.240000000000000213e+00,3.910000000000000142e+00,3.939999999999999947e+00,0.000000000000000000e+00,3.080000000000000071e+00,6.730000000000000426e+00,4.429999999999999716e+00,3.899999999999999911e+00,4.940000000000000391e+00,3.137000000000000099e+01,3.470000000000000195e+00,3.629999999999999893e+00,3.560000000000000053e+00,1.327999999999999936e+01,3.089999999999999858e+00,1.280000000000000027e+00,2.250000000000000000e+00,1.780000000000000027e+00,2.120000000000000107e+00,4.490000000000000213e+00,6.700000000000000400e-01,2.189999999999999947e+00,3.040000000000000036e+00,4.299999999999999822e+00,1.370000000000000107e+00,8.050000000000000711e+00,0.000000000000000000e+00,1.879999999999999893e+00,2.390000000000000124e+00,6.330000000000000071e+00,1.530000000000000027e+00,3.270000000000000018e+00,2.529999999999999805e+00,2.339999999999999858e+00,3.290000000000000036e+00,1.699999999999999956e+00,0.000000000000000000e+00,9.330000000000000071e+00,3.089999999999999858e+00,5.709999999999999964e+00,0.000000000000000000e+00,5.280000000000000249e+00,0.000000000000000000e+00,6.719999999999999751e+00,4.490000000000000213e+00,0.000000000000000000e+00,9.799999999999999822e-01,5.580000000000000071e+00,7.800000000000000266e-01,4.280000000000000249e+00,8.499999999999999778e-01,1.459999999999999964e+00,0.000000000000000000e+00,4.000000000000000222e-01,4.269999999999999574e+00,7.559999999999999609e+00,4.080000000000000071e+00,8.800000000000000044e-01,1.669999999999999929e+00,2.370000000000000107e+00,5.259999999999999787e+00,4.509999999999999787e+00,4.910000000000000142e+00,5.360000000000000320e+00,3.560000000000000053e+00,3.240000000000000213e+00,0.000000000000000000e+00,1.429999999999999938e+00,1.060000000000000053e+00,3.220000000000000195e+00,2.049999999999999822e+00,2.600000000000000089e+00,8.509999999999999787e+00,5.500000000000000444e-01,1.900000000000000022e-01,0.000000000000000000e+00,1.090000000000000080e+00,4.950000000000000178e+00,0.000000000000000000e+00,1.550000000000000044e+00,1.159999999999999920e+00,3.279999999999999805e+00,3.279999999999999805e+00,2.569999999999999840e+00,4.000000000000000083e-02,9.400000000000000355e+00,0.000000000000000000e+00,0.000000000000000000e+00,3.799999999999999822e+00,6.799999999999999822e+00,5.690000000000000391e+00,3.080000000000000071e+00,0.000000000000000000e+00,4.780000000000000249e+00,8.410000000000000142e+00,4.070000000000000284e+00,7.299999999999999822e-01,5.410000000000000142e+00,1.610000000000000098e+00,7.969999999999999751e+00,7.400000000000000355e+00,0.000000000000000000e+00,7.299999999999999822e-01,6.199999999999999956e-01,1.320000000000000062e+00
2.879999999999999893e+00,2.620000000000000107e+00,0.000000000000000000e+00,2.000000000000000111e-01,0.000000000000000000e+00,6.500000000000000222e-01,1.600000000000000089e+00,2.689999999999999947e+00,0.000000000000000000e+00,0.000000000000000000e+00,0.000000000000000000e+00,0.000000000000000000e+00,2.330000000000000071e+00,0.000000000000000000e+00,1.250000000000000000e+00,0.000000000000000000e+00,0.000000000000000000e+00,0.000000000000000000e+00,4.199999999999999845e-01,0.000000000000000000e+00,5.999999999999999778e-02,4.199999999999999845e-01,3.779999999999999805e+00,2.290000000000000036e+00,0.000000000000000000e+00,3.499999999999999778e-01,4.259999999999999787e+00,1.700000000000000122e-01,3.339999999999999858e+00,1.330000000000000071e+00,1.540000000000000036e+00,0.000000000000000000e+00,1.100000000000000006e-01,0.000000000000000000e+00,1.760000000000000009e+00,0.000000000000000000e+00,5.600000000000000533e-01,8.999999999999999667e-02,2.500000000000000000e-01,1.669999999999999929e+00,0.000000000000000000e+00,1.969999999999999973e+00,1.149999999999999911e+00,0.000000000000000000e+00,9.599999999999999645e-01,7.193000000000002103e+01,0.000000000000000000e+00,0.000000000000000000e+00,2.200000000000000178e+00,8.000000000000000000e+00,0.000000000000000000e+00,1.149999999999999911e+00,1.163000000000000078e+01,2.748000000000000043e+01,0.000000000000000000e+00,8.199999999999999512e-01,1.050000000000000044e+00,0.000000000000000000e+00,4.099999999999999756e-01,1.070000000000000062e+00,0.000000000000000000e+00,0.000000000000000000e+00,4.160000000000000142e+00,5.040000000000000036e+00,1.090000000000000080e+00,2.160000000000000142e+00,8.399999999999999689e-01,2.990000000000000213e+00,2.140000000000000124e+00,3.810000000000000053e+00,0.000000000000000000e+00,1.302999999999999936e+01,0.000000000000000000e+00,1.590000000000000080e+00,1.870000000000000107e+00,0.000000000000000000e+00,2.200000000000000011e-01,0.000000000000000000e+00,1.540000000000000036e+00,3.800000000000000044e-01,1.600000000000000033e-01,1.709999999999999964e+00,1.810000000000000053e+00,1.959999999999999964e+00,4.190000000000000391e+00,2.350000000000000089e+00,1.129999999999999893e+00,2.109999999999999876e+00,6.600000000000000311e-01,6.190000000000000391e+00,2.680000000000000160e+00,0.000000000000000000e+00,1.139999999999999902e+00,1.659999999999999920e+00,7.000000000000000666e-02,3.680000000000000160e+00,1.300000000000000044e-01,6.899999999999999467e-01,0.000000000000000000e+00,6.099999999999999867e-01,0.000000000000000000e+00,0.000000000000000000e+00,7.600000000000000089e-01,1.360000000000000098e+00,3.069999999999999840e+00,0.000000000000000000e+00,7.900000000000000355e-01,3.540000000000000036e+00,1.489999999999999991e+00,0.000000000000000000e+00,3.620000000000000107e+00,0.000000000000000000e+00,4.669999999999999929e+00,1.110000000000000098e+00,3.359999999999999876e+00,7.700000000000000178e-01,1.659999999999999920e+00,5.000000000000000000e+00,0.000000000000000000e+00,2.419999999999999929e+00,3.499999999999999778e-01,0.000000000000000000e+00,4.980000000000000426e+00,0.000000000000000000e+00,5.699999999999999512e-01,0.000000000000000000e+00,2.099999999999999922e-01,0.000000000000000000e+00,4.209999999999999964e+00,2.330000000000000071e+00,0.000000000000000000e+00,1.120000000000000107e+00,1.750000000000000000e+00,5.600000000000000533e-01,1.050000000000000044e+00,9.899999999999999911e-01,1.100000000000000089e+00,8.800000000000000044e-01,8.199999999999999512e-01,2.520000000000000018e+00,4.549999999999999822e+00,5.400000000000000355e-01,2.300000000000000100e-01,0.000000000000000000e+00,8.399999999999999689e-01,1.149999999999999911e+00,1.719999999999999973e+00,1.070000000000000062e+00,1.360000000000000098e+00,1.179999999999999938e+00,1.209999999999999964e+00,4.110000000000000320e+00,1.799999999999999933e-01,0.000000000000000000e+00,5.250000000000000000e+00,1.340000000000000080e+00,1.090000000000000080e+00,2.649999999999999911e+00,0.000000000000000000e+00,0.000000000000000000e+00,0.000000000000000000e+00,0.000000000000000000e+00,6.500000000000000222e-01,0.000000000000000000e+00,0.000000000000000000e+00,1.340000000000000080e+00,3.279999999999999805e+00,3.379999999999999893e+00,3.790000000000000036e+00,8.800000000000000044e-01,6.600000000000000311e-01,0.000000000000000000e+00,0.000000000000000000e+00,0.000000000000000000e+00,2.379999999999999893e+00,9.899999999999999911e-01,4.299999999999999822e+00,1.929999999999999938e+00,1.199999999999999956e-01,4.099999999999999756e-01,3.250000000000000000e+00,0.000000000000000000e+00,2.839999999999999858e+00,6.400000000000000133e-01,6.450000000000000178e+00,0.000000000000000000e+00,0.000000000000000000e+00,0.000000000000000000e+00,0.000000000000000000e+00,0.000000000000000000e+00
6.030000000000000249e+00,5.730000000000000426e+00,2.319999999999999840e+00,2.549999999999999822e+00,1.000000000000000000e+00,4.019999999999999574e+00,5.209999999999999964e+00,4.030000000000000249e+00,5.600000000000000533e-01,0.000000000000000000e+00,2.899999999999999911e+00,5.269999999999999574e+00,8.199999999999999289e+00,0.000000000000000000e+00,2.520000000000000018e+00,0.000000000000000000e+00,9.300000000000000488e-01,4.849999999999999645e+00,3.979999999999999982e+00,0.000000000000000000e+00,0.000000000000000000e+00,5.400000000000000355e-01,1.020000000000000018e+00,3.399999999999999911e+00,1.000000000000000021e-02,2.740000000000000213e+00,1.900000000000000022e-01,2.479999999999999982e+00,6.000000000000000000e+00,1.570000000000000062e+00,7.969999999999999751e+00,1.239999999999999991e+00,9.399999999999999467e-01,0.000000000000000000e+00,5.429999999999999716e+00,5.379999999999999893e+00,4.860000000000000320e+00,4.599999999999999645e+00,4.320000000000000284e+00,8.369999999999999218e+00,4.899999999999999911e-01,2.390000000000000124e+00,2.500000000000000000e+00,0.000000000000000000e+00,4.429999999999999716e+00,9.899999999999999911e-01,1.290000000000000036e+00,5.830000000000000071e+00,8.259999999999999787e+00,1.189000000000000057e+01,2.850000000000000089e+00,9.599999999999999645e-01,3.872999999999999687e+01,1.081000000000000050e+01,3.020000000000000018e+00,5.019999999999999574e+00,6.490000000000000213e+00,7.580000000000000071e+00,6.990000000000000213e+00,0.000000000000000000e+00,4.089999999999999858e+00,1.550000000000000044e+00,8.039999999999999147e+00,5.589999999999999858e+00,4.639999999999999680e+00,3.540000000000000036e+00,3.080000000000000071e+00,4.179999999999999716e+00,2.569999999999999840e+00,7.730000000000000426e+00,0.000000000000000000e+00,3.259999999999999787e+00,8.460000000000000853e+00,9.019999999999999574e+00,4.700000000000000178e+00,3.450000000000000178e+00,1.969999999999999973e+00,4.099999999999999756e-01,7.559999999999999609e+00,1.580000000000000071e+00,0.000000000000000000e+00,5.750000000000000000e+00,6.509999999999999787e+00,4.540000000000000036e+00,3.649999999999999911e+00,4.750000000000000000e+00,5.950000000000000178e+00,5.599999999999999645e+00,2.000000000000000000e+00,4.280000000000000249e+00,8.019999999999999574e+00,5.280000000000000249e+00,6.389999999999999680e+00,5.740000000000000213e+00,3.775000000000000000e+01,5.679999999999999716e+00,5.179999999999999716e+00,1.760000000000000009e+00,1.472000000000000064e+01,2.240000000000000213e+00,3.600000000000000089e+00,9.499999999999999556e-01,3.100000000000000089e+00,3.470000000000000195e+00,3.330000000000000071e+00,0.000000000000000000e+00,6.830000000000000071e+00,6.519999999999999574e+00,2.890000000000000124e+00,4.799999999999999822e-01,5.500000000000000444e-01,0.000000000000000000e+00,1.840000000000000080e+00,1.199999999999999956e+00,5.530000000000000249e+00,6.899999999999999467e-01,3.959999999999999964e+00,4.879999999999999893e+00,2.689999999999999947e+00,2.500000000000000000e+00,1.669999999999999929e+00,1.000000000000000056e-01,9.429999999999999716e+00,2.259999999999999787e+00,6.830000000000000071e+00,0.000000000000000000e+00,4.299999999999999822e+00,0.000000000000000000e+00,9.140000000000000568e+00,2.229999999999999982e+00,1.949999999999999956e+00,7.660000000000000142e+00,8.369999999999999218e+00,0.000000000000000000e+00,5.700000000000000178e+00,2.470000000000000195e+00,0.000000000000000000e+00,1.900000000000000022e-01,3.499999999999999778e-01,3.379999999999999893e+00,3.919999999999999929e+00,2.759999999999999787e+00,4.000000000000000083e-02,7.700000000000000178e-01,5.899999999999999689e-01,4.469999999999999751e+00,4.730000000000000426e+00,4.799999999999999822e+00,4.910000000000000142e+00,3.500000000000000000e+00,2.799999999999999822e+00,7.349999999999999645e+00,5.490000000000000213e+00,2.399999999999999911e+00,6.250000000000000000e+00,2.560000000000000053e+00,3.870000000000000107e+00,5.110000000000000320e+00,1.780000000000000027e+00,2.370000000000000107e+00,1.010000000000000009e+00,3.470000000000000195e+00,4.139999999999999680e+00,5.100000000000000089e-01,1.590000000000000080e+00,4.080000000000000071e+00,2.140000000000000124e+00,3.049999999999999822e+00,5.709999999999999964e+00,4.990000000000000213e+00,9.160000000000000142e+00,0.000000000000000000e+00,0.000000000000000000e+00,0.000000000000000000e+00,9.919999999999999929e+00,8.080000000000000071e+00,3.990000000000000213e+00,0.000000000000000000e+00,4.599999999999999645e+00,1.750000000000000000e+00,1.419999999999999929e+00,1.790000000000000036e+00,6.190000000000000391e+00,3.189999999999999947e+00,1.566000000000000014e+01,0.000000000000000000e+00,0.000000000000000000e+00,2.350000000000000089e+00,3.589999999999999858e+00,2.509999999999999787e+00
2.832000000000000028e+01,3.019000000000000128e+01,4.699999999999999734e-01,1.600000000000000089e+00,1.219999999999999973e+00,3.450000000000000178e+00,2.003000000000000114e+01,7.860000000000000320e+00,1.330000000000000071e+01,0.000000000000000000e+00,5.530000000000000249e+00,8.199999999999999289e+00,4.259999999999999787e+00,1.449999999999999956e+00,7.199999999999999734e-01,0.000000000000000000e+00,8.499999999999999778e-01,1.600000000000000089e+00,2.350000000000000089e+00,1.399999999999999911e+00,0.000000000000000000e+00,1.010000000000000009e+00,2.500000000000000000e-01,0.000000000000000000e+00,1.909999999999999920e+00,1.719999999999999973e+00,4.099999999999999756e-01,0.000000000000000000e+00,4.459999999999999964e+00,6.250000000000000000e+00,2.209999999999999964e+00,7.299999999999999822e-01,1.199999999999999956e+00,7.551000000000001933e+01,5.240000000000000213e+00,9.000000000000000222e-01,2.370000000000000107e+00,1.719999999999999973e+00,5.400000000000000355e-01,8.619999999999999218e+00,5.699999999999999512e-01,0.000000000000000000e+00,4.000000000000000222e-01,0.000000000000000000e+00,2.830000000000000071e+00,5.330000000000000071e+00,1.280000000000000027e+00,6.820000000000000284e+00,1.219999999999999929e+01,7.610000000000000320e+00,5.139999999999999680e+00,7.860000000000000320e+00,3.029999999999999805e+00,1.097000000000000064e+01,4.269999999999999574e+00,2.040000000000000036e+00,0.000000000000000000e+00,5.400000000000000355e+00,3.959999999999999964e+00,0.000000000000000000e+00,1.475999999999999979e+01,2.500000000000000000e+00,2.689999999999999947e+00,1.560999999999999943e+01,3.709999999999999964e+00,4.559999999999999609e+00,3.919999999999999929e+00,1.790000000000000036e+00,3.699999999999999956e-01,1.278999999999999915e+01,0.000000000000000000e+00,1.889999999999999902e+00,4.269999999999999574e+00,4.099999999999999645e+00,8.169999999999999929e+00,1.400000000000000133e-01,2.509999999999999787e+00,1.530000000000000027e+00,1.234999999999999964e+01,7.429999999999999716e+00,0.000000000000000000e+00,4.539999999999999858e+01,4.703999999999999915e+01,1.397000000000000064e+01,1.649999999999999911e+00,5.419999999999999929e+00,1.356000000000000050e+01,3.830000000000000071e+00,7.419999999999999929e+00,5.368999999999999773e+01,2.910000000000000142e+00,3.770000000000000018e+00,0.000000000000000000e+00,1.540000000000000036e+00,4.320000000000000284e+00,2.879999999999999893e+00,3.350000000000000089e+00,3.830000000000000071e+00,8.730000000000000426e+00,8.699999999999999956e-01,3.069999999999999840e+00,0.000000000000000000e+00,9.200000000000000400e-01,1.360000000000000098e+00,4.839999999999999858e+00,2.419999999999999929e+00,7.179999999999999716e+00,4.420000000000000284e+01,1.929999999999999938e+00,2.379999999999999893e+00,5.469999999999999751e+00,0.000000000000000000e+00,2.310000000000000053e+00,2.279999999999999805e+00,3.819999999999999840e+00,4.299999999999999933e-01,5.759999999999999787e+00,8.480000000000000426e+00,2.810000000000000053e+00,2.640000000000000124e+00,2.830000000000000071e+00,2.064999999999999858e+01,5.870000000000000107e+00,6.800000000000000488e-01,0.000000000000000000e+00,0.000000000000000000e+00,0.000000000000000000e+00,0.000000000000000000e+00,2.285999999999999943e+01,1.817999999999999972e+01,1.330000000000000071e+00,3.529999999999999805e+00,2.439999999999999947e+00,0.000000000000000000e+00,6.599999999999999645e+00,1.051999999999999957e+01,1.179999999999999938e+00,2.200000000000000011e-01,1.600000000000000033e-01,2.850000000000000089e+00,2.680000000000000160e+00,2.029999999999999805e+00,1.000000000000000000e+00,1.439999999999999947e+00,4.099999999999999645e+00,2.290000000000000036e+00,3.660000000000000142e+00,2.899999999999999911e+00,4.250000000000000000e+00,2.419999999999999929e+00,2.890000000000000124e+00,9.349999999999999645e+00,1.075000000000000000e+01,0.000000000000000000e+00,1.186999999999999922e+01,1.169999999999999929e+00,2.089999999999999858e+00,6.325000000000000000e+01,1.770000000000000018e+00,2.930000000000000160e+00,1.389999999999999902e+00,4.879999999999999893e+00,1.046000000000000085e+01,2.029999999999999805e+00,2.299999999999999822e+00,3.209999999999999964e+00,0.000000000000000000e+00,3.279999999999999805e+00,9.490000000000000213e+00,7.910000000000000142e+00,1.111999999999999922e+01,8.299999999999999600e-01,0.000000000000000000e+00,0.000000000000000000e+00,1.334999999999999964e+01,1.209999999999999964e+00,1.850000000000000089e+00,0.000000000000000000e+00,2.879999999999999893e+00,2.576000000000000156e+01,1.058999999999999986e+01,8.599999999999999867e-01,3.950000000000000178e+00,1.610000000000000098e+00,1.300000000000000000e+01,5.347999999999999687e+01,0.000000000000000000e+00,6.070000000000000284e+00,9.900000000000000355e+00,0.000000000000000000e+00
2.792000000000000171e+01,3.563000000000000256e+01,0.000000000000000000e+00,0.000000000000000000e+00,0.000000000000000000e+00,0.000000000000000000e+00,0.000000000000000000e+00,5.429999999999999716e+00,8.039999999999999147e+00,1.608999999999999986e+01,0.000000000000000000e+00,0.000000000000000000e+00,4.639999999999999680e+00,6.199999999999999956e-01,0.000000000000000000e+00,0.000000000000000000e+00,4.600000000000000200e-01,3.300000000000000155e-01,1.580000000000000071e+00,2.979999999999999982e+00,0.000000000000000000e+00,1.479999999999999982e+00,0.000000000000000000e+00,0.000000000000000000e+00,0.000000000000000000e+00,0.000000000000000000e+00,0.000000000000000000e+00,0.000000000000000000e+00,0.000000000000000000e+00,1.199999999999999956e-01,6.800000000000000488e-01,3.499999999999999778e-01,0.000000000000000000e+00,1.541000000000000014e+01,2.939999999999999947e+00,7.199999999999999734e-01,0.000000000000000000e+00,0.000000000000000000e+00,0.000000000000000000e+00,0.000000000000000000e+00,0.000000000000000000e+00,6.028999999999999915e+01,0.000000000000000000e+00,0.000000000000000000e+00,6.199999999999999956e-01,0.000000000000000000e+00,1.882999999999999829e+01,4.150000000000000355e+00,3.628999999999999915e+01,3.607000000000000028e+01,2.250000000000000000e+00,8.820000000000000284e+00,0.000000000000000000e+00,0.000000000000000000e+00,3.080000000000000071e+00,2.000000000000000042e-02,0.000000000000000000e+00,0.000000000000000000e+00,0.000000000000000000e+00,0.000000000000000000e+00,1.620000000000000107e+00,2.358999999999999986e+01,1.500000000000000000e+01,0.000000000000000000e+00,1.900000000000000022e-01,0.000000000000000000e+00,7.199999999999999734e-01,0.000000000000000000e+00,0.000000000000000000e+00,7.540000000000000036e+00,0.000000000000000000e+00,0.000000000000000000e+00,0.000000000000000000e+00,0.000000000000000000e+00,1.229999999999999982e+00,4.299999999999999933e-01,0.000000000000000000e+00,0.000000000000000000e+00,0.000000000000000000e+00,1.110000000000000098e+00,0.000000000000000000e+00,6.079999999999999716e+01,3.048000000000000043e+01,1.000000000000000000e+00,1.566999999999999993e+01,5.000000000000000278e-02,1.399000000000000021e+01,5.500000000000000444e-01,2.979999999999999982e+00,4.699999999999999734e-01,8.100000000000000533e-01,4.139999999999999680e+00,0.000000000000000000e+00,1.179999999999999938e+00,4.660000000000000142e+00,1.590000000000000080e+00,8.000000000000000167e-02,0.000000000000000000e+00,2.850000000000000089e+00,0.000000000000000000e+00,0.000000000000000000e+00,0.000000000000000000e+00,0.000000000000000000e+00,1.000000000000000056e-01,5.400000000000000355e-01,4.299999999999999933e-01,3.129999999999999893e+00,4.899999999999999911e-01,3.419999999999999929e+00,2.040000000000000036e+00,0.000000000000000000e+00,6.600000000000000311e-01,4.993999999999999773e+01,6.600000000000000311e-01,3.200000000000000067e-01,0.000000000000000000e+00,8.299999999999999600e-01,0.000000000000000000e+00,3.025000000000000000e+01,2.778000000000000114e+01,3.080000000000000071e+01,8.900000000000000133e-01,0.000000000000000000e+00,1.700000000000000122e-01,0.000000000000000000e+00,2.790000000000000036e+00,6.400000000000000355e+00,2.800000000000000266e-01,6.796999999999999886e+01,1.206000000000000050e+01,2.370000000000000107e+00,4.099999999999999756e-01,4.600000000000000200e-01,1.449999999999999956e+00,0.000000000000000000e+00,3.599999999999999867e-01,1.400000000000000133e-01,0.000000000000000000e+00,8.999999999999999667e-02,9.200000000000000400e-01,1.949999999999999956e+00,0.000000000000000000e+00,0.000000000000000000e+00,0.000000000000000000e+00,2.160000000000000142e+00,0.000000000000000000e+00,0.000000000000000000e+00,0.000000000000000000e+00,1.179999999999999938e+00,1.739999999999999991e+00,4.000000000000000000e+00,9.499999999999999556e-01,1.760000000000000009e+00,0.000000000000000000e+00,7.767000000000000171e+01,3.359999999999999876e+00,4.209999999999999964e+00,5.000000000000000278e-02,1.389999999999999902e+00,5.269999999999999574e+00,1.500000000000000000e+00,1.719999999999999973e+00,0.000000000000000000e+00,9.599999999999999645e-01,1.425000000000000000e+01,6.700000000000000400e-01,4.400000000000000022e-01,1.000000000000000056e-01,4.179999999999999716e+00,0.000000000000000000e+00,7.669999999999999929e+00,3.740000000000000213e+00,0.000000000000000000e+00,2.339999999999999858e+00,3.557000000000000028e+01,0.000000000000000000e+00,0.000000000000000000e+00,1.010000000000000009e+00,6.500000000000000222e-01,0.000000000000000000e+00,4.939999999999999858e+01,1.700000000000000122e-01,7.299999999999999822e-01,4.500000000000000111e-01,0.000000000000000000e+00,0.000000000000000000e+00,1.409999999999999920e+00,5.339999999999999858e+00,9.300000000000000488e-01,0.000000000000000000e+00
4.371000000000000085e+01,2.655000000000000071e+01,0.000000000000000000e+00,0.000000000000000000e+00,2.660000000000000142e+00,9.279999999999999361e+00,1.011500000000000021e+01,5.871500000000000341e+01,2.305499999999999972e+01,3.740999999999999659e+01,7.399999999999999911e-01,5.455000000000000071e+00,0.000000000000000000e+00,0.000000000000000000e+00,0.000000000000000000e+00,3.604999999999999982e+00,1.178500000000000014e+01,7.000000000000000666e-02,4.924999999999999822e+00,0.000000000000000000e+00,0.000000000000000000e+00,6.700000000000000400e-01,0.000000000000000000e+00,0.000000000000000000e+00,0.000000000000000000e+00,0.000000000000000000e+00,2.000000000000000042e-02,0.000000000000000000e+00,0.000000000000000000e+00,9.744999999999999218e+00,0.000000000000000000e+00,4.879999999999999893e+00,1.245000000000000107e+00,3.221999999999999886e+01,2.259999999999999787e+00,0.000000000000000000e+00,0.000000000000000000e+00,0.000000000000000000e+00,0.000000000000000000e+00,2.517000000000000171e+01,2.225000000000000089e+00,2.544999999999999929e+00,0.000000000000000000e+00,0.000000000000000000e+00,0.000000000000000000e+00,0.000000000000000000e+00,0.000000000000000000e+00,0.000000000000000000e+00,0.000000000000000000e+00,0.000000000000000000e+00,4.949999999999999956e-01,5.245000000000000107e+00,0.000000000000000000e+00,5.610000000000000320e+00,0.000000000000000000e+00,1.288000000000000078e+01,1.833999999999999986e+01,4.786999999999999744e+01,8.845000000000002416e+00,0.000000000000000000e+00,1.292999999999999972e+01,2.390000000000000124e+00,8.514499999999999602e+01,3.249000000000000199e+01,5.650000000000000355e+00,5.686999999999999744e+01,3.350000000000000200e-01,0.000000000000000000e+00,0.000000000000000000e+00,8.529999999999999361e+00,1.114999999999999991e+00,1.363499999999999979e+01,1.199000000000000021e+01,9.585000000000000853e+00,1.755499999999999972e+01,0.000000000000000000e+00,0.000000000000000000e+00,2.515500000000000114e+01,6.186500000000000199e+01,2.918499999999999872e+01,4.694500000000000028e+01,1.169500000000000028e+01,3.785499999999999687e+01,4.162500000000000000e+01,1.247499999999999964e+01,0.000000000000000000e+00,0.000000000000000000e+00,0.000000000000000000e+00,0.000000000000000000e+00,0.000000000000000000e+00,0.000000000000000000e+00,0.000000000000000000e+00,0.000000000000000000e+00,0.000000000000000000e+00,0.000000000000000000e+00,0.000000000000000000e+00,1.899999999999999911e+00,1.274999999999999911e+00,0.000000000000000000e+00,4.249999999999999889e-01,5.839999999999999858e+00,1.630999999999999872e+01,1.103999999999999915e+01,2.503999999999999915e+01,5.684999999999999609e+00,2.785000000000000142e+00,5.304999999999999716e+00,0.000000000000000000e+00,3.455000000000000071e+00,1.610500000000000043e+01,4.650500000000000256e+01,1.935000000000000053e+00,4.737500000000000000e+01,4.825000000000000178e+00,5.820000000000000284e+00,5.200000000000000178e-01,3.699999999999999956e-01,7.889999999999999680e+00,1.229999999999999982e+00,9.175000000000000711e+00,2.134999999999999787e+00,7.037500000000000000e+01,2.629999999999999893e+00,1.114999999999999991e+00,4.400000000000000022e-01,7.950000000000000400e-01,7.700000000000000178e-01,4.849999999999999867e-01,4.653499999999999659e+01,6.388000000000000256e+01,4.615000000000000213e+00,3.221000000000000085e+01,2.009999999999999787e+00,0.000000000000000000e+00,1.151999999999999957e+01,2.564999999999999858e+01,3.150000000000000022e-01,1.584999999999999964e+00,2.339999999999999858e+00,8.549999999999999822e-01,1.899999999999999911e+00,3.229999999999999982e+00,7.400000000000000355e+00,1.101500000000000057e+01,1.209999999999999964e+01,0.000000000000000000e+00,3.400000000000000244e-01,7.219999999999999751e+00,1.159999999999999920e+00,8.880000000000002558e+00,3.400000000000000244e-01,2.407499999999999929e+01,1.190000000000000036e+01,1.590000000000000080e+00,3.878000000000000114e+01,0.000000000000000000e+00,0.000000000000000000e+00,0.000000000000000000e+00,1.879999999999999893e+00,5.035000000000000142e+00,4.019999999999999574e+00,1.260000000000000009e+00,1.580000000000000071e+00,1.209999999999999964e+00,3.055000000000000160e+00,3.350000000000000200e-01,0.000000000000000000e+00,0.000000000000000000e+00,2.344000000000000128e+01,5.840500000000000114e+01,3.630499999999999972e+01,1.799999999999999933e-01,0.000000000000000000e+00,0.000000000000000000e+00,0.000000000000000000e+00,0.000000000000000000e+00,0.000000000000000000e+00,0.000000000000000000e+00,9.050000000000000266e-01,1.760000000000000142e+01,2.404999999999999805e+00,4.170499999999999829e+01,3.293999999999999773e+01,2.354999999999999982e+00,8.740000000000000213e+00,2.114000000000000057e+01,4.026500000000000057e+01,3.470000000000000195e+00,5.289000000000000057e+01,0.000000000000000000e+00
0.000000000000000000e+00,0.000000000000000000e+00,0.000000000000000000e+00,0.000000000000000000e+00,0.000000000000000000e+00,0.000000000000000000e+00,0.000000000000000000e+00,0.000000000000000000e+00,0.000000000000000000e+00,0.000000000000000000e+00,0.000000000000000000e+00,3.359999999999999876e+00,6.070000000000000284e+00,1.290000000000000036e+00,3.750000000000000000e+00,0.000000000000000000e+00,0.000000000000000000e+00,2.479999999999999982e+00,1.909999999999999920e+00,0.000000000000000000e+00,0.000000000000000000e+00,0.000000000000000000e+00,0.000000000000000000e+00,0.000000000000000000e+00,0.000000000000000000e+00,1.900000000000000022e-01,1.989999999999999991e+00,0.000000000000000000e+00,0.000000000000000000e+00,2.500000000000000000e+00,0.000000000000000000e+00,8.599999999999999867e-01,0.000000000000000000e+00,1.110000000000000098e+00,2.540000000000000036e+00,4.089999999999999858e+00,3.099999999999999978e-01,0.000000000000000000e+00,0.000000000000000000e+00,3.379999999999999893e+00,0.000000000000000000e+00,1.669999999999999929e+00,0.000000000000000000e+00,0.000000000000000000e+00,1.979999999999999982e+00,0.000000000000000000e+00,0.000000000000000000e+00,0.000000000000000000e+00,6.950000000000000178e+00,6.589999999999999858e+00,0.000000000000000000e+00,0.000000000000000000e+00,3.819999999999999840e+00,1.820000000000000062e+00,1.429999999999999938e+00,2.729999999999999982e+00,0.000000000000000000e+00,3.699999999999999956e-01,7.399999999999999911e-01,0.000000000000000000e+00,2.759999999999999787e+00,4.500000000000000111e-01,0.000000000000000000e+00,0.000000000000000000e+00,2.060000000000000053e+00,0.000000000000000000e+00,0.000000000000000000e+00,7.000000000000000666e-02,0.000000000000000000e+00,5.110000000000000320e+00,0.000000000000000000e+00,0.000000000000000000e+00,6.900000000000000355e+00,6.599999999999999645e+00,0.000000000000000000e+00,3.040000000000000036e+00,1.330000000000000071e+00,0.000000000000000000e+00,3.040000000000000036e+00,1.100000000000000089e+00,0.000000000000000000e+00,6.780000000000000249e+00,1.919999999999999929e+00,0.000000000000000000e+00,0.000000000000000000e+00,2.839999999999999858e+00,3.839999999999999858e+00,3.029999999999999805e+00,1.350000000000000089e+00,9.160000000000000142e+00,4.929999999999999716e+00,6.820000000000000284e+00,3.520000000000000018e+00,4.990000000000000213e+00,4.821999999999999886e+01,3.839999999999999858e+00,3.560000000000000053e+00,1.110000000000000098e+00,1.848999999999999844e+01,1.469999999999999973e+00,2.930000000000000160e+00,0.000000000000000000e+00,3.470000000000000195e+00,3.569999999999999840e+00,7.730000000000000426e+00,1.129999999999999893e+00,7.870000000000000107e+00,8.560000000000000497e+00,2.049999999999999822e+00,1.280000000000000027e+00,4.150000000000000355e+00,1.929999999999999938e+00,2.919999999999999929e+00,2.189999999999999947e+00,5.549999999999999822e+00,8.399999999999999689e-01,3.189999999999999947e+00,6.389999999999999680e+00,2.299999999999999822e+00,3.229999999999999982e+00,2.870000000000000107e+00,2.439999999999999947e+00,5.030000000000000249e+00,9.300000000000000488e-01,4.910000000000000142e+00,0.000000000000000000e+00,1.639999999999999902e+00,0.000000000000000000e+00,1.102999999999999936e+01,5.459999999999999964e+00,5.699999999999999512e-01,6.750000000000000000e+00,4.849999999999999645e+00,0.000000000000000000e+00,3.430000000000000160e+00,1.699999999999999956e+00,0.000000000000000000e+00,0.000000000000000000e+00,0.000000000000000000e+00,3.450000000000000178e+00,3.750000000000000000e+00,0.000000000000000000e+00,0.000000000000000000e+00,0.000000000000000000e+00,1.570000000000000062e+00,2.000000000000000000e+00,1.250000000000000000e+00,1.090000000000000080e+00,2.419999999999999929e+00,9.000000000000000222e-01,1.979999999999999982e+00,4.150000000000000355e+00,2.609999999999999876e+00,0.000000000000000000e+00,3.189999999999999947e+00,1.379999999999999893e+00,1.739999999999999991e+00,5.190000000000000391e+00,3.400000000000000244e-01,2.410000000000000142e+00,0.000000000000000000e+00,3.370000000000000107e+00,5.400000000000000355e-01,2.899999999999999800e-01,7.299999999999999822e-01,1.790000000000000036e+00,3.890000000000000124e+00,2.649999999999999911e+00,1.719999999999999973e+00,7.800000000000000266e-01,5.820000000000000284e+00,0.000000000000000000e+00,0.000000000000000000e+00,0.000000000000000000e+00,4.629999999999999893e+00,1.023000000000000043e+01,7.099999999999999645e+00,0.000000000000000000e+00,2.129999999999999893e+00,0.000000000000000000e+00,3.800000000000000044e-01,0.000000000000000000e+00,1.979999999999999982e+00,6.400000000000000133e-01,1.028999999999999915e+01,0.000000000000000000e+00,0.000000000000000000e+00,1.820000000000000062e+00,2.299999999999999822e+00,0.000000000000000000e+00
1.370000000000000107e+00,2.120000000000000107e+00,7.000000000000000666e-02,7.199999999999999734e-01,0.000000000000000000e+00,2.450000000000000178e+00,0.000000000000000000e+00,1.000000000000000056e-01,0.000000000000000000e+00,0.000000000000000000e+00,3.200000000000000067e-01,1.429999999999999938e+00,4.960000000000000142e+01,1.340000000000000080e+00,0.000000000000000000e+00,0.000000000000000000e+00,1.400000000000000133e-01,1.629999999999999893e+00,1.607000000000000028e+01,1.250000000000000000e+00,1.010000000000000009e+00,0.000000000000000000e+00,2.300000000000000100e-01,6.300000000000000044e-01,2.270000000000000018e+00,6.899999999999999467e-01,5.699999999999999512e-01,0.000000000000000000e+00,6.700000000000000400e-01,1.000000000000000021e-02,0.000000000000000000e+00,2.049999999999999822e+00,0.000000000000000000e+00,2.189999999999999947e+00,0.000000000000000000e+00,0.000000000000000000e+00,2.500000000000000000e-01,1.320000000000000062e+00,1.010000000000000009e+00,4.600000000000000200e-01,2.560000000000000053e+00,0.000000000000000000e+00,0.000000000000000000e+00,1.700000000000000122e-01,0.000000000000000000e+00,2.300000000000000100e-01,1.250000000000000000e+00,2.999999999999999889e-01,0.000000000000000000e+00,0.000000000000000000e+00,2.509999999999999787e+00,0.000000000000000000e+00,0.000000000000000000e+00,5.230000000000000426e+00,0.000000000000000000e+00,5.200000000000000178e-01,0.000000000000000000e+00,0.000000000000000000e+00,3.100000000000000089e+00,0.000000000000000000e+00,0.000000000000000000e+00,4.799999999999999822e-01,0.000000000000000000e+00,0.000000000000000000e+00,2.379999999999999893e+00,2.089999999999999858e+00,4.299999999999999933e-01,1.399999999999999911e+00,8.499999999999999778e-01,2.000000000000000111e-01,0.000000000000000000e+00,0.000000000000000000e+00,6.160000000000000142e+00,1.879999999999999893e+00,1.610000000000000098e+00,0.000000000000000000e+00,4.000000000000000000e+00,7.399999999999999911e-01,0.000000000000000000e+00,0.000000000000000000e+00,0.000000000000000000e+00,1.060000000000000053e+00,0.000000000000000000e+00,9.300000000000000488e-01,1.510000000000000009e+00,1.010000000000000009e+00,1.700000000000000122e-01,2.000000000000000111e-01,1.739999999999999991e+00,3.950000000000000178e+00,0.000000000000000000e+00,7.030000000000000249e+00,1.310000000000000053e+00,0.000000000000000000e+00,2.539000000000000057e+01,1.870000000000000107e+00,2.049999999999999822e+00,0.000000000000000000e+00,8.039999999999999147e+00,0.000000000000000000e+00,4.699999999999999734e-01,0.000000000000000000e+00,8.199999999999999512e-01,4.699999999999999734e-01,0.000000000000000000e+00,0.000000000000000000e+00,3.200000000000000067e-01,4.009999999999999787e+00,8.599999999999999867e-01,6.600000000000000311e-01,0.000000000000000000e+00,5.000000000000000000e-01,0.000000000000000000e+00,3.699999999999999956e-01,8.599999999999999867e-01,0.000000000000000000e+00,2.029999999999999805e+00,4.009999999999999787e+00,0.000000000000000000e+00,0.000000000000000000e+00,0.000000000000000000e+00,5.400000000000000355e-01,2.009999999999999787e+00,0.000000000000000000e+00,0.000000000000000000e+00,2.300000000000000100e-01,0.000000000000000000e+00,2.999999999999999889e-02,2.970000000000000195e+00,4.219999999999999751e+00,0.000000000000000000e+00,0.000000000000000000e+00,2.899999999999999800e-01,2.069999999999999840e+00,0.000000000000000000e+00,3.099999999999999978e-01,1.000000000000000000e+00,2.500000000000000000e-01,0.000000000000000000e+00,1.850000000000000089e+00,0.000000000000000000e+00,1.540000000000000036e+00,1.129999999999999893e+00,0.000000000000000000e+00,0.000000000000000000e+00,3.599999999999999867e-01,1.540000000000000036e+00,1.389999999999999902e+00,0.000000000000000000e+00,5.400000000000000355e-01,0.000000000000000000e+00,1.860000000000000098e+00,0.000000000000000000e+00,0.000000000000000000e+00,1.219999999999999973e+00,1.700000000000000122e-01,0.000000000000000000e+00,1.070000000000000062e+00,0.000000000000000000e+00,3.099999999999999978e-01,0.000000000000000000e+00,0.000000000000000000e+00,0.000000000000000000e+00,1.300000000000000044e-01,4.299999999999999933e-01,6.400000000000000133e-01,0.000000000000000000e+00,0.000000000000000000e+00,0.000000000000000000e+00,0.000000000000000000e+00,2.029999999999999805e+00,0.000000000000000000e+00,0.000000000000000000e+00,0.000000000000000000e+00,1.969999999999999929e+01,1.629999999999999893e+00,2.399999999999999911e+00,2.819999999999999840e+00,4.000000000000000222e-01,1.459999999999999964e+00,1.370000000000000107e+00,0.000000000000000000e+00,9.599999999999999645e-01,0.000000000000000000e+00,3.990000000000000213e+00,1.850000000000000089e+00,0.000000000000000000e+00,1.600000000000000033e-01,0.000000000000000000e+00,1.570000000000000062e+00
3.919999999999999929e+00,5.169999999999999929e+00,1.040000000000000036e+00,1.600000000000000089e+00,2.620000000000000107e+00,2.660000000000000142e+00,3.129999999999999893e+00,3.700000000000000178e+00,8.699999999999999956e-01,0.000000000000000000e+00,1.709999999999999964e+00,6.599999999999999645e+00,3.069999999999999840e+00,3.169999999999999929e+00,2.330000000000000071e+00,1.860000000000000098e+00,4.199999999999999845e-01,3.339999999999999858e+00,3.609999999999999876e+00,0.000000000000000000e+00,5.799999999999999600e-01,1.959999999999999964e+00,6.899999999999999467e-01,1.370000000000000107e+00,3.500000000000000000e+00,2.720000000000000195e+00,1.610000000000000098e+00,2.099999999999999922e-01,1.239999999999999991e+00,1.620000000000000107e+00,6.400000000000000355e+00,3.800000000000000044e-01,8.699999999999999956e-01,0.000000000000000000e+00,2.799999999999999822e+00,2.649999999999999911e+00,2.339999999999999858e+00,1.080000000000000071e+00,2.169999999999999929e+00,3.729999999999999982e+00,0.000000000000000000e+00,1.034999999999999964e+01,1.810000000000000053e+00,8.900000000000000133e-01,2.740000000000000213e+00,6.899999999999999467e-01,2.490000000000000213e+00,3.459999999999999964e+00,4.799999999999999822e+00,6.820000000000000284e+00,5.219999999999999751e+00,2.149999999999999911e+00,4.600000000000000200e-01,9.539999999999999147e+00,3.790000000000000036e+00,2.470000000000000195e+00,3.549999999999999822e+00,2.629999999999999893e+00,4.849999999999999645e+00,0.000000000000000000e+00,2.500000000000000000e-01,6.800000000000000488e-01,0.000000000000000000e+00,2.300000000000000100e-01,2.020000000000000018e+00,1.020000000000000018e+00,0.000000000000000000e+00,2.799999999999999822e+00,8.000000000000000444e-01,3.299999999999999822e+00,0.000000000000000000e+00,1.189999999999999947e+00,5.299999999999999822e+00,2.799999999999999822e+00,8.399999999999999689e-01,1.799999999999999933e-01,2.189999999999999947e+00,1.080000000000000071e+00,9.899999999999999911e-01,1.280000000000000027e+00,0.000000000000000000e+00,4.589999999999999858e+00,2.470000000000000195e+00,2.259999999999999787e+00,4.080000000000000071e+00,1.629999999999999893e+00,3.859999999999999876e+00,2.830000000000000071e+00,0.000000000000000000e+00,2.490000000000000213e+00,1.399999999999999911e+00,8.259999999999999787e+00,1.770000000000000018e+00,1.330000000000000071e+00,3.229999999999999982e+00,3.000000000000000000e+00,3.140000000000000124e+00,5.899999999999999689e-01,1.800000000000000044e+00,3.800000000000000044e-01,2.259999999999999787e+00,0.000000000000000000e+00,3.970000000000000195e+00,1.199999999999999956e+00,1.639999999999999902e+00,8.800000000000000044e-01,0.000000000000000000e+00,5.169999999999999929e+00,1.270000000000000018e+00,1.000000000000000000e+00,2.399999999999999911e-01,8.900000000000000133e-01,2.500000000000000000e+00,2.080000000000000071e+00,3.759999999999999787e+00,4.419999999999999929e+00,2.459999999999999964e+00,2.209999999999999964e+00,1.939999999999999947e+00,8.800000000000000044e-01,1.979999999999999982e+00,3.250000000000000000e+00,5.360000000000000320e+00,2.169999999999999929e+00,2.620000000000000107e+00,0.000000000000000000e+00,0.000000000000000000e+00,3.099999999999999978e-01,2.649999999999999911e+00,5.730000000000000426e+00,1.729999999999999982e+00,1.750000000000000000e+00,2.729999999999999982e+00,1.189999999999999947e+00,8.699999999999999956e-01,2.189999999999999947e+00,7.800000000000000266e-01,0.000000000000000000e+00,0.000000000000000000e+00,3.830000000000000071e+00,2.209999999999999964e+00,1.929999999999999938e+00,4.199999999999999845e-01,3.099999999999999978e-01,4.699999999999999734e-01,2.330000000000000071e+00,2.660000000000000142e+00,3.180000000000000160e+00,2.209999999999999964e+00,2.339999999999999858e+00,5.400000000000000355e-01,2.799999999999999822e+00,2.939999999999999947e+00,0.000000000000000000e+00,5.150000000000000355e+00,4.400000000000000022e-01,1.370000000000000107e+00,2.509999999999999787e+00,1.379999999999999893e+00,1.989999999999999991e+00,7.700000000000000178e-01,7.700000000000000178e-01,2.410000000000000142e+00,8.000000000000000167e-02,2.419999999999999929e+00,3.100000000000000089e+00,3.279999999999999805e+00,2.890000000000000124e+00,2.549999999999999822e+00,9.699999999999999734e-01,7.410000000000000142e+00,0.000000000000000000e+00,0.000000000000000000e+00,0.000000000000000000e+00,3.490000000000000213e+00,4.000000000000000000e+00,3.709999999999999964e+00,1.379999999999999893e+00,2.660000000000000142e+00,3.649999999999999911e+00,5.469999999999999751e+00,6.899999999999999467e-01,2.569999999999999840e+00,1.199999999999999956e-01,5.040000000000000036e+00,2.549999999999999822e+00,0.000000000000000000e+00,2.500000000000000000e-01,1.969999999999999973e+00,2.439999999999999947e+00
6.980000000000000426e+00,5.839999999999999858e+00,1.199999999999999956e+00,1.560000000000000053e+00,1.610000000000000098e+00,3.560000000000000053e+00,2.729999999999999982e+00,4.660000000000000142e+00,2.310000000000000053e+00,0.000000000000000000e+00,3.640000000000000124e+00,0.000000000000000000e+00,5.620000000000000107e+00,5.699999999999999512e-01,2.720000000000000195e+00,9.799999999999999822e-01,0.000000000000000000e+00,3.080000000000000071e+00,3.069999999999999840e+00,0.000000000000000000e+00,2.200000000000000011e-01,4.299999999999999933e-01,4.799999999999999822e+00,3.399999999999999911e+00,5.839999999999999858e+00,6.389999999999999680e+00,4.750000000000000000e+00,5.330000000000000071e+00,1.739999999999999991e+00,1.850000000000000089e+00,6.780000000000000249e+00,1.090000000000000080e+00,4.980000000000000426e+00,5.190000000000000391e+00,6.190000000000000391e+00,6.790000000000000036e+00,3.779999999999999805e+00,3.200000000000000178e+00,4.839999999999999858e+00,5.339999999999999858e+00,2.250000000000000000e+00,2.200000000000000178e+00,7.330000000000000071e+00,4.950000000000000178e+00,1.959999999999999964e+00,5.500000000000000444e-01,1.790000000000000036e+00,5.540000000000000036e+00,7.580000000000000071e+00,8.789999999999999147e+00,4.209999999999999964e+00,2.410000000000000142e+00,2.229999999999999982e+00,7.000000000000000000e+00,8.529999999999999361e+00,3.370000000000000107e+00,4.570000000000000284e+00,3.029999999999999805e+00,3.629999999999999893e+00,0.000000000000000000e+00,2.520000000000000018e+00,2.300000000000000100e-01,1.800000000000000044e+00,7.700000000000000178e-01,2.899999999999999911e+00,5.200000000000000178e-01,2.709999999999999964e+00,1.058999999999999986e+01,1.097000000000000064e+01,2.959999999999999964e+00,6.669999999999999929e+00,4.809999999999999609e+00,4.250000000000000000e+00,9.019999999999999574e+00,1.322000000000000064e+01,3.540000000000000036e+00,1.870000000000000107e+00,1.100000000000000089e+00,2.379999999999999893e+00,2.299999999999999822e+00,0.000000000000000000e+00,4.129999999999999893e+00,6.209999999999999964e+00,1.870000000000000107e+00,2.879999999999999893e+00,4.929999999999999716e+00,4.719999999999999751e+00,6.120000000000000107e+00,1.709999999999999964e+00,1.047000000000000064e+01,4.059999999999999609e+00,1.860000000000000098e+00,3.399999999999999911e+00,6.000000000000000000e+00,5.669999999999999929e+00,3.089999999999999858e+00,4.400000000000000355e+00,2.319999999999999840e+00,3.680000000000000160e+00,1.409999999999999920e+00,4.320000000000000284e+00,1.300000000000000044e+00,4.139999999999999680e+00,1.239999999999999991e+00,3.069999999999999840e+00,1.870000000000000107e+00,7.910000000000000142e+00,6.830000000000000071e+00,3.419999999999999929e+00,1.199999999999999956e+00,0.000000000000000000e+00,0.000000000000000000e+00,2.410000000000000142e+00,2.419999999999999929e+00,4.610000000000000320e+00,3.330000000000000071e+00,2.959999999999999964e+00,6.259999999999999787e+00,3.459999999999999964e+00,2.290000000000000036e+00,2.169999999999999929e+00,2.609999999999999876e+00,8.810000000000000497e+00,1.250000000000000000e+00,3.479999999999999982e+00,7.199999999999999734e-01,2.379999999999999893e+00,4.699999999999999734e-01,6.839999999999999858e+00,2.419999999999999929e+00,2.069999999999999840e+00,6.000000000000000000e+00,5.370000000000000107e+00,9.200000000000000400e-01,3.430000000000000160e+00,4.699999999999999734e-01,2.999999999999999889e-02,2.899999999999999800e-01,4.500000000000000111e-01,2.259999999999999787e+00,1.659999999999999920e+00,2.299999999999999822e+00,2.229999999999999982e+00,8.900000000000000133e-01,3.770000000000000018e+00,3.689999999999999947e+00,3.859999999999999876e+00,4.080000000000000071e+00,3.200000000000000178e+00,2.589999999999999858e+00,2.180000000000000160e+00,9.369999999999999218e+00,2.600000000000000089e-01,4.410000000000000142e+00,4.269999999999999574e+00,8.399999999999999689e-01,5.370000000000000107e+00,6.700000000000000178e+00,2.129999999999999893e+00,1.889999999999999902e+00,1.560000000000000053e+00,2.500000000000000000e+00,3.160000000000000142e+00,1.399999999999999911e+00,2.569999999999999840e+00,2.800000000000000266e-01,2.299999999999999822e+00,3.140000000000000124e+00,1.700000000000000122e-01,5.200000000000000178e+00,0.000000000000000000e+00,0.000000000000000000e+00,0.000000000000000000e+00,0.000000000000000000e+00,5.940000000000000391e+00,4.700000000000000178e+00,5.589999999999999858e+00,0.000000000000000000e+00,1.760000000000000009e+00,3.740000000000000213e+00,2.609999999999999876e+00,1.580000000000000071e+00,0.000000000000000000e+00,1.219999999999999973e+00,9.900000000000000355e+00,2.200000000000000178e+00,0.000000000000000000e+00,2.149999999999999911e+00,3.899999999999999911e+00,1.129999999999999893e+00
3.629999999999999893e+00,3.500000000000000000e+00,1.209999999999999964e+00,3.390000000000000124e+00,1.290000000000000036e+00,1.850000000000000089e+00,1.239999999999999991e+00,3.400000000000000244e-01,1.850000000000000089e+00,0.000000000000000000e+00,2.299999999999999822e+00,0.000000000000000000e+00,4.280000000000000249e+00,6.700000000000000400e-01,2.250000000000000000e+00,1.149999999999999911e+00,1.209999999999999964e+00,3.450000000000000178e+00,3.600000000000000089e+00,2.500000000000000000e+00,3.699999999999999956e-01,1.070000000000000062e+00,5.699999999999999512e-01,2.629999999999999893e+00,1.080000000000000071e+00,2.390000000000000124e+00,3.800000000000000044e-01,9.650000000000000355e+00,3.990000000000000213e+00,2.229999999999999982e+00,2.779999999999999805e+00,1.629999999999999893e+00,7.600000000000000089e-01,3.009999999999999787e+00,5.580000000000000071e+00,1.800000000000000044e+00,2.149999999999999911e+00,1.800000000000000044e+00,3.839999999999999858e+00,3.169999999999999929e+00,1.179999999999999938e+00,2.660000000000000142e+00,1.659999999999999920e+00,7.399999999999999911e-01,3.129999999999999893e+00,8.657999999999999829e+01,3.299999999999999822e+00,6.990000000000000213e+00,8.980000000000000426e+00,8.390000000000000568e+00,3.910000000000000142e+00,3.250000000000000000e+00,8.630000000000000782e+00,9.417000000000000171e+01,4.879999999999999893e+00,2.669999999999999929e+00,3.910000000000000142e+00,2.709999999999999964e+00,4.870000000000000107e+00,1.139999999999999902e+00,1.280000000000000027e+00,2.509999999999999787e+00,2.060000000000000053e+00,5.209999999999999964e+00,1.699999999999999956e+00,3.330000000000000071e+00,2.109999999999999876e+00,3.399999999999999911e+00,2.009999999999999787e+00,5.660000000000000142e+00,2.470000000000000195e+00,3.270000000000000018e+00,3.339999999999999858e+00,2.870000000000000107e+00,7.800000000000000266e-01,8.000000000000000444e-01,0.000000000000000000e+00,1.320000000000000062e+00,7.019999999999999574e+00,3.470000000000000195e+00,0.000000000000000000e+00,6.200000000000000178e+00,4.290000000000000036e+00,3.419999999999999929e+00,3.120000000000000107e+00,3.209999999999999964e+00,5.669999999999999929e+00,2.350000000000000089e+00,1.799999999999999933e-01,4.179999999999999716e+00,1.500000000000000000e+00,4.809999999999999609e+00,0.000000000000000000e+00,1.699999999999999956e+00,1.939999999999999947e+00,4.600000000000000200e-01,1.600000000000000089e+00,1.550000000000000044e+00,2.870000000000000107e+00,8.900000000000000133e-01,1.889999999999999902e+00,0.000000000000000000e+00,2.759999999999999787e+00,8.800000000000000044e-01,4.179999999999999716e+00,2.600000000000000089e-01,3.779999999999999805e+00,4.309999999999999609e+00,2.750000000000000000e+00,7.299999999999999822e-01,3.959999999999999964e+00,0.000000000000000000e+00,2.399999999999999911e+00,1.800000000000000044e+00,3.330000000000000071e+00,3.890000000000000124e+00,3.850000000000000089e+00,1.200000000000000000e+01,4.700000000000000178e+00,3.009999999999999787e+00,2.470000000000000195e+00,1.679999999999999938e+00,1.870000000000000107e+00,1.209999999999999964e+00,3.709999999999999964e+00,8.130000000000000782e+00,5.879999999999999893e+00,2.700000000000000178e-01,5.360000000000000320e+00,2.770000000000000018e+00,4.860000000000000320e+00,8.100000000000000533e-01,3.660000000000000142e+00,0.000000000000000000e+00,3.180000000000000160e+00,2.959999999999999964e+00,7.800000000000000266e-01,0.000000000000000000e+00,0.000000000000000000e+00,3.220000000000000195e+00,4.400000000000000022e-01,1.620000000000000107e+00,4.000000000000000222e-01,6.099999999999999867e-01,0.000000000000000000e+00,2.660000000000000142e+00,2.149999999999999911e+00,2.399999999999999911e+00,2.330000000000000071e+00,0.000000000000000000e+00,0.000000000000000000e+00,9.029999999999999361e+00,3.169999999999999929e+00,0.000000000000000000e+00,2.000000000000000000e+00,9.599999999999999645e-01,2.859999999999999876e+00,4.679999999999999716e+00,1.320000000000000062e+00,1.629999999999999893e+00,0.000000000000000000e+00,1.610000000000000098e+00,3.180000000000000160e+00,1.399999999999999911e+00,1.689999999999999947e+00,2.250000000000000000e+00,8.050000000000000711e+00,4.379999999999999893e+00,9.169999999999999929e+00,4.370000000000000107e+00,2.500000000000000000e-01,0.000000000000000000e+00,0.000000000000000000e+00,1.520000000000000018e+00,3.529999999999999805e+00,6.169999999999999929e+00,5.599999999999999645e+00,0.000000000000000000e+00,1.479999999999999982e+00,4.900000000000000355e+00,1.229999999999999982e+00,1.330000000000000071e+00,2.930000000000000160e+00,3.470000000000000195e+00,2.669999999999999929e+00,3.060000000000000053e+00,0.000000000000000000e+00,2.910000000000000142e+00,1.679999999999999938e+00,0.000000000000000000e+00
7.669999999999999929e+00,7.269999999999999574e+00,8.599999999999999867e-01,2.290000000000000036e+00,1.090000000000000080e+00,3.959999999999999964e+00,9.490000000000000213e+00,1.444999999999999929e+01,1.876999999999999957e+01,0.000000000000000000e+00,3.129999999999999893e+00,1.580000000000000071e+00,9.369999999999999218e+00,4.600000000000000200e-01,2.509999999999999787e+00,1.689999999999999947e+00,1.500000000000000000e+00,5.450000000000000178e+00,7.610000000000000320e+00,3.900000000000000133e-01,0.000000000000000000e+00,1.209999999999999964e+00,7.131999999999997897e+01,6.545999999999999375e+01,3.692000000000000171e+01,5.192000000000000171e+01,5.739000000000000057e+01,4.645000000000000284e+01,1.600000000000000033e-01,2.959999999999999964e+00,1.466000000000000014e+01,9.007999999999999829e+01,1.258000000000000007e+01,4.452000000000000313e+01,4.459999999999999964e+00,9.949999999999999289e+00,4.469999999999999751e+00,7.950000000000000178e+00,6.570000000000000284e+00,3.379999999999999893e+00,1.810000000000000053e+00,2.850000000000000089e+00,7.959999999999998010e+01,8.059000000000000341e+01,1.069999999999999929e+01,1.879999999999999893e+00,2.910000000000000142e+00,7.540000000000000036e+00,1.199000000000000021e+01,1.205000000000000071e+01,3.359999999999999876e+00,3.689999999999999947e+00,1.939999999999999947e+00,8.289999999999999147e+00,1.069999999999999929e+01,1.048000000000000043e+01,5.769999999999999574e+00,6.349999999999999645e+00,6.389999999999999680e+00,0.000000000000000000e+00,4.290000000000000036e+00,8.169999999999999929e+00,2.950000000000000000e+01,8.599999999999999645e+00,1.689999999999999947e+00,1.570000000000000062e+00,7.209999999999999964e+00,7.559999999999998010e+01,7.439000000000000057e+01,6.089999999999999858e+00,8.615999999999999659e+01,1.501999999999999957e+01,8.919999999999999929e+00,6.750000000000000000e+00,1.273000000000000043e+01,5.360000000000000320e+00,0.000000000000000000e+00,1.860000000000000098e+00,8.269999999999999574e+00,2.100000000000000089e+00,1.939999999999999947e+00,9.539999999999999147e+00,9.498999999999999488e+01,3.279999999999999805e+00,1.215000000000000036e+01,6.200000000000000178e+00,7.120000000000000107e+00,7.349999999999999645e+00,1.359999999999999964e+01,1.128999999999999915e+01,6.500000000000000000e+00,3.660000000000000142e+00,4.799999999999999822e-01,4.889999999999999680e+00,7.070000000000000284e+00,6.549999999999999822e+00,1.275000000000000000e+01,2.049999999999999822e+00,3.740000000000000213e+00,1.780000000000000027e+00,4.179999999999999716e+00,5.000000000000000278e-02,5.059999999999999609e+00,3.109999999999999876e+00,1.157000000000000028e+01,4.030000000000000249e+00,3.779999999999999805e+00,9.949999999999999289e+00,3.950000000000000178e+00,4.360000000000000320e+00,4.389999999999999680e+00,0.000000000000000000e+00,5.349999999999999645e+00,4.849999999999999645e+00,4.879999999999999893e+00,3.890000000000000124e+00,3.529999999999999805e+00,1.617999999999999972e+01,5.450000000000000178e+00,5.330000000000000071e+00,5.540000000000000036e+00,5.278999999999999915e+01,3.979999999999999982e+00,4.040000000000000036e+00,4.709999999999999964e+00,2.919999999999999929e+00,8.910000000000000142e+00,0.000000000000000000e+00,1.605000000000000071e+01,1.842999999999999972e+01,4.839999999999999858e+00,5.459999999999999964e+00,7.040000000000000036e+00,1.979999999999999982e+00,7.250000000000000000e+00,4.690000000000000391e+00,9.799999999999999822e-01,2.500000000000000000e-01,8.399999999999999689e-01,8.349999999999999645e+00,1.530000000000000027e+00,1.739999999999999991e+00,2.470000000000000195e+00,1.949999999999999956e+00,1.929999999999999938e+00,6.990000000000000213e+00,5.549999999999999822e+00,7.820000000000000284e+00,4.870000000000000107e+00,1.979999999999999982e+00,1.250000000000000000e+00,3.259000000000000341e+01,6.269999999999999574e+00,0.000000000000000000e+00,5.620000000000000107e+00,1.280000000000000027e+00,4.950000000000000178e+00,7.992000000000000171e+01,2.620000000000000107e+00,2.890000000000000124e+00,9.399999999999999467e-01,2.970000000000000195e+00,4.500000000000000000e+00,3.279999999999999805e+00,1.669999999999999929e+00,2.250000000000000000e+00,6.820000000000000284e+00,2.270000000000000018e+00,9.869999999999999218e+00,1.107000000000000028e+01,0.000000000000000000e+00,0.000000000000000000e+00,5.000000000000000278e-02,0.000000000000000000e+00,5.980000000000000426e+00,7.540000000000000036e+00,7.879999999999999893e+00,0.000000000000000000e+00,3.410000000000000142e+00,6.849999999999999645e+00,3.720000000000000195e+00,3.290000000000000036e+00,4.389999999999999680e+00,2.629999999999999893e+00,1.190000000000000036e+01,4.209999999999999964e+00,0.000000000000000000e+00,5.879999999999999893e+00,6.250000000000000000e+00,7.900000000000000355e-01
2.029999999999999805e+00,9.599999999999999645e-01,8.000000000000000444e-01,3.479999999999999982e+00,2.299999999999999822e+00,2.899999999999999911e+00,3.390000000000000124e+00,3.810000000000000053e+00,4.389999999999999680e+00,0.000000000000000000e+00,3.189999999999999947e+00,4.519999999999999574e+00,7.259999999999999787e+00,1.139999999999999902e+00,2.620000000000000107e+00,0.000000000000000000e+00,4.199999999999999845e-01,3.750000000000000000e+00,3.229999999999999982e+00,0.000000000000000000e+00,2.000000000000000111e-01,0.000000000000000000e+00,1.439999999999999947e+00,1.830000000000000071e+00,5.120000000000000107e+00,8.859999999999997655e+00,1.110000000000000098e+00,7.110000000000000320e+00,0.000000000000000000e+00,0.000000000000000000e+00,6.860000000000000320e+00,1.340000000000000080e+00,1.909999999999999920e+00,3.800000000000000044e-01,4.019999999999999574e+00,2.129999999999999893e+00,5.080000000000000071e+00,3.509999999999999787e+00,2.149999999999999911e+00,0.000000000000000000e+00,5.699999999999999512e-01,5.500000000000000444e-01,7.110000000000000320e+00,7.120000000000000107e+00,4.830000000000000071e+00,1.022000000000000064e+01,1.840000000000000080e+00,4.030000000000000249e+00,8.029999999999999361e+00,4.919999999999999929e+00,6.230000000000000426e+00,2.180000000000000160e+00,5.080000000000000071e+00,1.773000000000000043e+01,3.910000000000000142e+00,3.950000000000000178e+00,5.690000000000000391e+00,5.820000000000000284e+00,5.570000000000000284e+00,0.000000000000000000e+00,5.179999999999999716e+00,4.400000000000000022e-01,2.279999999999999805e+00,2.100000000000000089e+00,2.629999999999999893e+00,6.600000000000000311e-01,7.160000000000000142e+00,7.951000000000001933e+01,7.081000000000000227e+01,3.419999999999999929e+00,3.959999999999999964e+00,3.979999999999999982e+00,1.136999999999999922e+01,7.370000000000000107e+00,7.759999999999999787e+00,1.629999999999999893e+00,1.959999999999999964e+00,1.350000000000000089e+00,4.129999999999999893e+00,1.080000000000000071e+00,0.000000000000000000e+00,2.339999999999999858e+00,4.360000000000000320e+00,1.600000000000000089e+00,1.090000000000000080e+00,3.640000000000000124e+00,5.179999999999999716e+00,6.889999999999999680e+00,7.299999999999999822e-01,6.599999999999999645e+00,7.179999999999999716e+00,5.950000000000000178e+00,3.049999999999999822e+00,1.729999999999999982e+00,2.080000000000000071e+00,5.709999999999999964e+00,4.370000000000000107e+00,0.000000000000000000e+00,0.000000000000000000e+00,1.409999999999999920e+00,4.009999999999999787e+00,1.179999999999999938e+00,3.750000000000000000e+00,2.209999999999999964e+00,3.209999999999999964e+00,1.949999999999999956e+00,1.780000000000000027e+00,6.639999999999999680e+00,6.320000000000000284e+00,2.899999999999999911e+00,0.000000000000000000e+00,0.000000000000000000e+00,3.930000000000000160e+00,2.009999999999999787e+00,5.309999999999999609e+00,2.589999999999999858e+00,5.740000000000000213e+00,1.268999999999999950e+01,4.299999999999999933e-01,2.709999999999999964e+00,2.520000000000000018e+00,1.179999999999999938e+00,1.058999999999999986e+01,1.189999999999999947e+00,5.860000000000000320e+00,0.000000000000000000e+00,3.310000000000000053e+00,1.700000000000000122e-01,5.740000000000000213e+00,2.430000000000000160e+00,1.400000000000000133e-01,5.330000000000000071e+00,6.179999999999999716e+00,0.000000000000000000e+00,4.879999999999999893e+00,1.610000000000000098e+00,1.629999999999999893e+00,5.999999999999999778e-01,0.000000000000000000e+00,6.370000000000000107e+00,4.120000000000000107e+00,2.600000000000000089e+00,6.700000000000000400e-01,1.030000000000000027e+00,2.250000000000000000e+00,5.400000000000000355e+00,4.780000000000000249e+00,4.650000000000000355e+00,3.600000000000000089e+00,2.490000000000000213e+00,3.149999999999999911e+00,1.333999999999999986e+01,4.009999999999999787e+00,1.660000000000000142e+01,1.290000000000000036e+00,7.450000000000000178e+00,3.270000000000000018e+00,5.549999999999999822e+00,2.040000000000000036e+00,2.419999999999999929e+00,1.580000000000000071e+00,2.890000000000000124e+00,0.000000000000000000e+00,8.599999999999999867e-01,1.629999999999999893e+00,3.009999999999999787e+00,4.360000000000000320e+00,2.890000000000000124e+00,7.299999999999999822e+00,6.820000000000000284e+00,9.169999999999999929e+00,0.000000000000000000e+00,0.000000000000000000e+00,0.000000000000000000e+00,8.490000000000000213e+00,5.879999999999999893e+00,4.719999999999999751e+00,0.000000000000000000e+00,2.089999999999999858e+00,3.470000000000000195e+00,2.549999999999999822e+00,1.399999999999999911e+00,5.870000000000000107e+00,3.850000000000000089e+00,1.263000000000000078e+01,2.620000000000000107e+00,0.000000000000000000e+00,2.359999999999999876e+00,3.359999999999999876e+00,4.089999999999999858e+00
2.980000000000000071e+01,2.728000000000000114e+01,3.599999999999999867e-01,1.409999999999999920e+00,1.040000000000000036e+00,2.899999999999999911e+00,4.519999999999999574e+00,2.149999999999999911e+00,1.610000000000000098e+00,0.000000000000000000e+00,1.040000000000000036e+01,0.000000000000000000e+00,1.820000000000000062e+00,1.530000000000000027e+00,3.300000000000000155e-01,3.669999999999999929e+00,2.999999999999999889e-02,2.700000000000000178e+00,1.909999999999999920e+00,0.000000000000000000e+00,0.000000000000000000e+00,0.000000000000000000e+00,0.000000000000000000e+00,1.379999999999999893e+00,4.799999999999999822e-01,1.800000000000000044e+00,2.000000000000000042e-02,3.870000000000000107e+00,1.439999999999999947e+00,1.560000000000000053e+00,5.660000000000000142e+00,3.478000000000000114e+01,2.359999999999999876e+00,2.637999999999999901e+01,0.000000000000000000e+00,1.439999999999999947e+00,2.589999999999999858e+00,1.909999999999999920e+00,3.100000000000000089e+00,2.649999999999999911e+00,5.600000000000000533e-01,3.759999999999999787e+00,8.220000000000000639e+00,6.860000000000000320e+00,3.859999999999999876e+00,1.959999999999999964e+00,3.669999999999999929e+00,5.570000000000000284e+00,6.269999999999999574e+00,9.460000000000000853e+00,3.220000000000000195e+00,3.319999999999999840e+00,0.000000000000000000e+00,1.048000000000000043e+01,0.000000000000000000e+00,1.800000000000000044e+00,9.220000000000000639e+00,3.094000000000000128e+01,2.873000000000000043e+01,2.600000000000000089e+00,1.985000000000000142e+01,9.910000000000000142e+00,1.632000000000000028e+01,2.755000000000000071e+01,4.049999999999999822e+00,2.757000000000000028e+01,0.000000000000000000e+00,1.959999999999999964e+00,2.229999999999999982e+00,2.112000000000000099e+01,7.900000000000000355e+00,2.100000000000000089e+00,3.950000000000000178e+00,7.399999999999999911e-01,2.999999999999999889e-01,3.080000000000000071e+00,0.000000000000000000e+00,1.610000000000000098e+00,0.000000000000000000e+00,8.699999999999999956e-01,0.000000000000000000e+00,4.835999999999999943e+01,7.337999999999999545e+01,1.168999999999999950e+01,5.570000000000000284e+00,1.669999999999999929e+00,2.023999999999999844e+01,2.580000000000000071e+00,1.389999999999999902e+00,4.459999999999999964e+00,1.590000000000000080e+00,1.060000000000000053e+00,0.000000000000000000e+00,1.239999999999999991e+00,4.780000000000000249e+00,0.000000000000000000e+00,3.189999999999999947e+00,8.599999999999999867e-01,1.429999999999999938e+00,9.399999999999999467e-01,1.199999999999999956e+00,0.000000000000000000e+00,3.959999999999999964e+00,1.499999999999999944e-01,2.890000000000000124e+00,2.419999999999999929e+00,0.000000000000000000e+00,5.679999999999999716e+00,4.250000000000000000e+00,1.439999999999999947e+00,3.890000000000000124e+00,0.000000000000000000e+00,4.870000000000000107e+00,4.400000000000000022e-01,2.729999999999999982e+00,0.000000000000000000e+00,2.839999999999999858e+00,4.190000000000000391e+00,7.509999999999999787e+00,7.719999999999999751e+00,1.166999999999999993e+01,2.410000000000000142e+00,2.009999999999999787e+00,2.790000000000000036e+00,3.240000000000000213e+00,0.000000000000000000e+00,6.719999999999999751e+00,2.099999999999999922e-01,2.346999999999999886e+01,4.372999999999999687e+01,1.139999999999999902e+00,1.030000000000000027e+00,2.689999999999999947e+00,3.390000000000000124e+00,1.810000000000000053e+00,3.479999999999999982e+00,1.530000000000000027e+00,7.000000000000000666e-02,0.000000000000000000e+00,4.389999999999999680e+00,0.000000000000000000e+00,1.070000000000000062e+00,1.389999999999999902e+00,7.000000000000000666e-02,2.109999999999999876e+00,2.319999999999999840e+00,2.350000000000000089e+00,3.279999999999999805e+00,1.449999999999999956e+00,2.500000000000000000e-01,2.800000000000000266e-01,6.519999999999999574e+00,6.679999999999999716e+00,5.240000000000000213e+00,2.185999999999999943e+01,2.600000000000000089e-01,8.900000000000000133e-01,9.779999999999999361e+00,5.999999999999999778e-01,1.330000000000000071e+00,0.000000000000000000e+00,0.000000000000000000e+00,3.229999999999999982e+00,0.000000000000000000e+00,9.799999999999999822e-01,1.350000000000000089e+00,3.120000000000000107e+00,3.649999999999999911e+00,6.259999999999999787e+00,8.330000000000000071e+00,3.069000000000000128e+01,2.740000000000000213e+00,0.000000000000000000e+00,8.699999999999999956e-01,4.309999999999999609e+00,6.690000000000000391e+00,6.629999999999999893e+00,0.000000000000000000e+00,6.899999999999999467e-01,8.300000000000000711e+00,3.350000000000000089e+00,2.520000000000000018e+00,1.149999999999999911e+00,1.310000000000000053e+00,2.750000000000000000e+00,1.452999999999999936e+01,0.000000000000000000e+00,7.639999999999999680e+00,3.453000000000000114e+01,0.000000000000000000e+00
1.810000000000000053e+00,2.459999999999999964e+00,4.699999999999999734e-01,2.600000000000000089e-01,3.499999999999999778e-01,6.099999999999999867e-01,2.680000000000000160e+00,1.840000000000000080e+00,1.429999999999999938e+00,1.000000000000000056e-01,8.999999999999999667e-02,4.150000000000000355e+00,1.250000000000000000e+00,3.459999999999999964e+00,2.319999999999999840e+00,4.500000000000000111e-01,2.259999999999999787e+00,7.839999999999999858e+00,3.310000000000000053e+00,1.209999999999999964e+00,1.580000000000000071e+00,8.399999999999999689e-01,1.040000000000000036e+00,1.580000000000000071e+00,2.080000000000000071e+00,2.999999999999999889e-01,9.200000000000000400e-01,0.000000000000000000e+00,1.780000000000000027e+00,5.100000000000000089e-01,0.000000000000000000e+00,2.799999999999999822e+00,0.000000000000000000e+00,0.000000000000000000e+00,0.000000000000000000e+00,1.719999999999999973e+00,6.400000000000000133e-01,0.000000000000000000e+00,3.699999999999999956e-01,1.429999999999999938e+00,2.430000000000000160e+00,9.000000000000000222e-01,0.000000000000000000e+00,0.000000000000000000e+00,1.729999999999999982e+00,8.100000000000000533e-01,1.900000000000000022e-01,1.659999999999999920e+00,1.830000000000000071e+00,0.000000000000000000e+00,4.480000000000000426e+00,6.199999999999999956e-01,5.400000000000000355e-01,6.040000000000000036e+00,0.000000000000000000e+00,9.000000000000000222e-01,0.000000000000000000e+00,0.000000000000000000e+00,1.560000000000000053e+00,0.000000000000000000e+00,0.000000000000000000e+00,0.000000000000000000e+00,4.500000000000000111e-01,3.410000000000000142e+00,8.599999999999999867e-01,2.529999999999999805e+00,1.580000000000000071e+00,2.169999999999999929e+00,1.760000000000000009e+00,3.529999999999999805e+00,0.000000000000000000e+00,1.300000000000000044e+00,8.910000000000000142e+00,2.669999999999999929e+00,2.959999999999999964e+00,0.000000000000000000e+00,4.950000000000000178e+00,5.300000000000000266e-01,8.999999999999999667e-02,4.299999999999999933e-01,0.000000000000000000e+00,1.100000000000000089e+00,0.000000000000000000e+00,1.989999999999999991e+00,1.100000000000000089e+00,1.679999999999999938e+00,1.169999999999999929e+00,3.699999999999999956e-01,1.939999999999999947e+00,2.799999999999999822e+00,0.000000000000000000e+00,2.350000000000000089e+00,1.489999999999999991e+00,0.000000000000000000e+00,0.000000000000000000e+00,2.439999999999999947e+00,2.200000000000000178e+00,7.000000000000000666e-02,0.000000000000000000e+00,1.000000000000000056e-01,9.799999999999999822e-01,0.000000000000000000e+00,1.489999999999999991e+00,1.870000000000000107e+00,9.300000000000000488e-01,1.360000000000000098e+00,5.250000000000000000e+00,1.340000000000000080e+00,2.339999999999999858e+00,4.099999999999999756e-01,0.000000000000000000e+00,0.000000000000000000e+00,7.500000000000000000e-01,7.500000000000000000e-01,1.360000000000000098e+00,1.360000000000000098e+00,2.339999999999999858e+00,2.009999999999999787e+00,0.000000000000000000e+00,5.000000000000000278e-02,0.000000000000000000e+00,0.000000000000000000e+00,2.689999999999999947e+00,9.899999999999999911e-01,4.799999999999999822e-01,0.000000000000000000e+00,0.000000000000000000e+00,7.199999999999999734e-01,3.700000000000000178e+00,0.000000000000000000e+00,0.000000000000000000e+00,3.020000000000000018e+00,2.359999999999999876e+00,0.000000000000000000e+00,0.000000000000000000e+00,1.129999999999999893e+00,6.899999999999999467e-01,5.000000000000000000e-01,0.000000000000000000e+00,8.999999999999999667e-02,0.000000000000000000e+00,9.100000000000000311e-01,7.900000000000000355e-01,0.000000000000000000e+00,1.600000000000000089e+00,9.599999999999999645e-01,2.100000000000000089e+00,1.239999999999999991e+00,0.000000000000000000e+00,1.340000000000000080e+00,3.900000000000000133e-01,2.770000000000000018e+00,0.000000000000000000e+00,8.259999999999999787e+00,0.000000000000000000e+00,2.399999999999999911e-01,8.199999999999999512e-01,3.600000000000000089e+00,0.000000000000000000e+00,1.100000000000000089e+00,1.310000000000000053e+00,6.199999999999999956e-01,1.489999999999999991e+00,1.239999999999999991e+00,1.149999999999999911e+00,1.199999999999999956e+00,9.300000000000000488e-01,1.189999999999999947e+00,0.000000000000000000e+00,0.000000000000000000e+00,1.199999999999999956e+00,1.350000000000000089e+00,0.000000000000000000e+00,0.000000000000000000e+00,3.129999999999999893e+00,3.450000000000000178e+00,3.330000000000000071e+00,0.000000000000000000e+00,0.000000000000000000e+00,2.549999999999999822e+00,1.520000000000000018e+00,0.000000000000000000e+00,1.060000000000000053e+00,2.000000000000000042e-02,2.910000000000000142e+00,0.000000000000000000e+00,8.499999999999999778e-01,2.529999999999999805e+00,2.950000000000000178e+00,1.350000000000000089e+00
3.979999999999999982e+00,1.245000000000000107e+00,0.000000000000000000e+00,1.700000000000000122e-01,1.334999999999999964e+00,3.009999999999999787e+00,5.450000000000000400e-01,3.629999999999999893e+00,0.000000000000000000e+00,1.514999999999999902e+00,0.000000000000000000e+00,0.000000000000000000e+00,2.654999999999999805e+00,0.000000000000000000e+00,2.849999999999999756e-01,1.054999999999999938e+00,0.000000000000000000e+00,2.500000000000000139e-02,0.000000000000000000e+00,0.000000000000000000e+00,0.000000000000000000e+00,0.000000000000000000e+00,0.000000000000000000e+00,2.234999999999999876e+00,0.000000000000000000e+00,0.000000000000000000e+00,7.199999999999999734e-01,5.940000000000000391e+00,0.000000000000000000e+00,0.000000000000000000e+00,0.000000000000000000e+00,3.649999999999999911e-01,0.000000000000000000e+00,3.930000000000000160e+00,2.314999999999999947e+00,0.000000000000000000e+00,0.000000000000000000e+00,0.000000000000000000e+00,1.064999999999999947e+00,7.499999999999999722e-02,0.000000000000000000e+00,0.000000000000000000e+00,7.750000000000000222e-01,3.350000000000000200e-01,0.000000000000000000e+00,0.000000000000000000e+00,1.479999999999999982e+00,4.249999999999999889e-01,1.080000000000000071e+00,0.000000000000000000e+00,9.949999999999999956e-01,0.000000000000000000e+00,1.110000000000000098e+00,1.905000000000000027e+00,0.000000000000000000e+00,0.000000000000000000e+00,0.000000000000000000e+00,0.000000000000000000e+00,0.000000000000000000e+00,0.000000000000000000e+00,0.000000000000000000e+00,0.000000000000000000e+00,2.115000000000000213e+00,2.125000000000000000e+00,1.860000000000000098e+00,0.000000000000000000e+00,2.149999999999999911e+00,0.000000000000000000e+00,0.000000000000000000e+00,2.899999999999999911e+00,0.000000000000000000e+00,3.499999999999999778e-01,0.000000000000000000e+00,7.650000000000000133e-01,3.370000000000000107e+00,0.000000000000000000e+00,0.000000000000000000e+00,0.000000000000000000e+00,0.000000000000000000e+00,4.565000000000000391e+00,0.000000000000000000e+00,3.620000000000000107e+00,2.939499999999999957e+01,2.895000000000000018e+00,2.384999999999999787e+00,2.490000000000000213e+00,0.000000000000000000e+00,0.000000000000000000e+00,1.060000000000000053e+00,0.000000000000000000e+00,0.000000000000000000e+00,0.000000000000000000e+00,0.000000000000000000e+00,0.000000000000000000e+00,0.000000000000000000e+00,0.000000000000000000e+00,0.000000000000000000e+00,0.000000000000000000e+00,0.000000000000000000e+00,4.450000000000000067e-01,0.000000000000000000e+00,3.345000000000000195e+00,0.000000000000000000e+00,3.185000000000000053e+00,0.000000000000000000e+00,2.055000000000000160e+00,3.064999999999999947e+00,0.000000000000000000e+00,4.844999999999999751e+00,3.449999999999999734e-01,3.064999999999999947e+00,3.850000000000000089e+00,1.199999999999999956e+00,1.379999999999999893e+00,0.000000000000000000e+00,9.300000000000000488e-01,1.790000000000000036e+00,0.000000000000000000e+00,6.899999999999999467e-01,2.185000000000000053e+00,2.609999999999999876e+00,2.859999999999999876e+00,9.399999999999999467e-01,0.000000000000000000e+00,1.554999999999999938e+00,8.500000000000000611e-02,0.000000000000000000e+00,0.000000000000000000e+00,9.749999999999999778e-01,0.000000000000000000e+00,1.794999999999999929e+00,2.774999999999999911e+00,0.000000000000000000e+00,3.900000000000000133e-01,0.000000000000000000e+00,0.000000000000000000e+00,0.000000000000000000e+00,6.999999999999999556e-01,0.000000000000000000e+00,0.000000000000000000e+00,0.000000000000000000e+00,1.820000000000000062e+00,0.000000000000000000e+00,1.764999999999999902e+00,2.049999999999999878e-01,0.000000000000000000e+00,1.300000000000000044e-01,4.235000000000000320e+00,5.999999999999999778e-02,2.600000000000000089e+00,1.435000000000000053e+00,2.990000000000000213e+00,9.849999999999999867e-01,0.000000000000000000e+00,2.950000000000000178e+00,1.049999999999999961e-01,0.000000000000000000e+00,0.000000000000000000e+00,0.000000000000000000e+00,1.449999999999999956e+00,2.800000000000000266e-01,1.475000000000000089e+00,0.000000000000000000e+00,3.850000000000000089e-01,0.000000000000000000e+00,6.049999999999999822e-01,5.500000000000000028e-02,2.949999999999999845e-01,0.000000000000000000e+00,5.999999999999999778e-01,2.419999999999999929e+00,1.514999999999999902e+00,0.000000000000000000e+00,0.000000000000000000e+00,0.000000000000000000e+00,0.000000000000000000e+00,0.000000000000000000e+00,6.300000000000000044e-01,0.000000000000000000e+00,2.365000000000000213e+00,1.570000000000000062e+00,0.000000000000000000e+00,2.515000000000000124e+00,1.629999999999999893e+00,0.000000000000000000e+00,0.000000000000000000e+00,0.000000000000000000e+00,3.599999999999999867e-01,4.050000000000000266e-01,0.000000000000000000e+00
3.729999999999999982e+00,2.040000000000000036e+00,2.600000000000000089e-01,5.699999999999999512e-01,0.000000000000000000e+00,2.180000000000000160e+00,1.409999999999999920e+00,6.169999999999999929e+00,2.600000000000000089e+00,0.000000000000000000e+00,2.209999999999999964e+00,3.339999999999999858e+00,3.459999999999999964e+00,1.139999999999999902e+00,3.009999999999999787e+00,7.000000000000000666e-02,1.000000000000000000e+00,1.900000000000000022e-01,2.410000000000000142e+00,1.939999999999999947e+00,0.000000000000000000e+00,0.000000000000000000e+00,3.400000000000000244e-01,1.780000000000000027e+00,2.120000000000000107e+00,1.350000000000000089e+00,6.600000000000000311e-01,0.000000000000000000e+00,3.490000000000000213e+00,1.550000000000000044e+00,1.146000000000000085e+01,2.417999999999999972e+01,6.800000000000000488e-01,0.000000000000000000e+00,1.570000000000000062e+00,4.199999999999999845e-01,2.160000000000000142e+00,2.060000000000000053e+00,1.179999999999999938e+00,3.100000000000000089e+00,1.209999999999999964e+00,4.459999999999999964e+00,0.000000000000000000e+00,1.370000000000000107e+00,1.790000000000000036e+00,8.999999999999999667e-02,1.199999999999999956e+00,1.590000000000000080e+00,6.669999999999999929e+00,7.740000000000000213e+00,3.959999999999999964e+00,1.010000000000000009e+00,4.129999999999999893e+00,7.089999999999999858e+00,1.800000000000000044e+00,2.299999999999999822e+00,2.540000000000000036e+00,3.040000000000000036e+00,2.180000000000000160e+00,0.000000000000000000e+00,2.529999999999999805e+00,0.000000000000000000e+00,0.000000000000000000e+00,2.009999999999999787e+00,2.020000000000000018e+00,1.070000000000000062e+00,0.000000000000000000e+00,1.208000000000000007e+01,5.679999999999999716e+00,4.280000000000000249e+00,2.183999999999999986e+01,0.000000000000000000e+00,4.080000000000000071e+00,8.349999999999999645e+00,3.599999999999999867e-01,6.300000000000000044e-01,1.600000000000000033e-01,4.500000000000000111e-01,1.899999999999999911e+00,9.100000000000000311e-01,0.000000000000000000e+00,4.259999999999999787e+00,3.180000000000000160e+00,2.979999999999999982e+00,3.399999999999999911e+00,2.509999999999999787e+00,4.330000000000000071e+00,2.290000000000000036e+00,4.199999999999999845e-01,6.500000000000000222e-01,3.229999999999999982e+00,5.240000000000000213e+00,8.100000000000000533e-01,1.989999999999999991e+00,3.750000000000000000e+00,2.890000000000000124e+00,1.840000000000000080e+00,7.900000000000000355e-01,2.729999999999999982e+00,2.999999999999999889e-01,2.430000000000000160e+00,2.000000000000000042e-02,1.600000000000000089e+00,1.100000000000000089e+00,1.459999999999999964e+00,9.699999999999999734e-01,3.009999999999999787e+00,3.899999999999999911e+00,2.649999999999999911e+00,0.000000000000000000e+00,4.919999999999999929e+00,2.000000000000000042e-02,2.250000000000000000e+00,2.339999999999999858e+00,5.699999999999999512e-01,8.299999999999999600e-01,1.879999999999999893e+00,7.490000000000000213e+00,7.199999999999999734e-01,2.999999999999999889e-02,7.000000000000000666e-02,2.709999999999999964e+00,4.570000000000000284e+00,0.000000000000000000e+00,3.169999999999999929e+00,0.000000000000000000e+00,6.500000000000000222e-01,6.199999999999999956e-01,9.609999999999999432e+00,7.669999999999999929e+00,0.000000000000000000e+00,2.649999999999999911e+00,3.640000000000000124e+00,0.000000000000000000e+00,2.250000000000000000e+00,0.000000000000000000e+00,0.000000000000000000e+00,5.500000000000000444e-01,0.000000000000000000e+00,6.400000000000000133e-01,2.200000000000000011e-01,1.320000000000000062e+00,9.499999999999999556e-01,5.799999999999999600e-01,4.450000000000000178e+00,3.339999999999999858e+00,3.620000000000000107e+00,3.020000000000000018e+00,5.200000000000000178e-01,9.100000000000000311e-01,1.000000000000000056e-01,0.000000000000000000e+00,0.000000000000000000e+00,0.000000000000000000e+00,9.000000000000000222e-01,0.000000000000000000e+00,1.459999999999999964e+00,2.049999999999999822e+00,0.000000000000000000e+00,1.090000000000000080e+00,1.290000000000000036e+00,1.399999999999999911e+00,6.600000000000000311e-01,0.000000000000000000e+00,3.099999999999999978e-01,1.250000000000000000e+00,2.250000000000000000e+00,9.499999999999999556e-01,2.459999999999999964e+00,2.859999999999999876e+00,4.830000000000000071e+00,0.000000000000000000e+00,0.000000000000000000e+00,0.000000000000000000e+00,4.809999999999999609e+00,5.610000000000000320e+00,3.720000000000000195e+00,0.000000000000000000e+00,2.129999999999999893e+00,0.000000000000000000e+00,1.300000000000000044e+00,5.500000000000000444e-01,2.689999999999999947e+00,1.499999999999999944e-01,3.430000000000000160e+00,0.000000000000000000e+00,0.000000000000000000e+00,7.900000000000000355e-01,8.000000000000000167e-02,8.900000000000000133e-01
1.093999999999999950e+01,2.519000000000000128e+01,7.299999999999999822e-01,1.350000000000000089e+00,1.409999999999999920e+00,2.839999999999999858e+00,3.160000000000000142e+00,2.437999999999999901e+01,1.336999999999999922e+01,0.000000000000000000e+00,4.089999999999999858e+00,1.778999999999999915e+01,2.870000000000000107e+00,1.750000000000000000e+00,2.020000000000000018e+00,9.699999999999999734e-01,1.850000000000000089e+00,2.819999999999999840e+00,3.009999999999999787e+00,9.200000000000000400e-01,4.299999999999999933e-01,5.300000000000000266e-01,2.660000000000000142e+00,2.500000000000000000e+00,1.129999999999999893e+00,2.180000000000000160e+00,2.149999999999999911e+00,2.490000000000000213e+00,3.390000000000000124e+00,4.799999999999999822e-01,5.790000000000000036e+00,0.000000000000000000e+00,0.000000000000000000e+00,9.120999999999999375e+01,6.389999999999999680e+00,0.000000000000000000e+00,1.370000000000000107e+00,8.299999999999999600e-01,6.899999999999999467e-01,3.180000000000000160e+00,3.649999999999999911e+00,4.609000000000000341e+01,1.149999999999999911e+00,1.300000000000000044e+00,2.490000000000000213e+00,1.050000000000000044e+00,2.237999999999999901e+01,2.560999999999999943e+01,4.707999999999999829e+01,5.542000000000000171e+01,2.644999999999999929e+01,3.057000000000000028e+01,5.500000000000000444e-01,5.759999999999999787e+00,6.660000000000000142e+00,1.989999999999999991e+00,3.810000000000000053e+00,1.405000000000000071e+01,6.929999999999999716e+00,2.490000000000000213e+00,3.040000000000000036e+00,3.746999999999999886e+01,6.593000000000000682e+01,4.477000000000000313e+01,2.629999999999999893e+00,2.339999999999999858e+00,6.400000000000000133e-01,7.599999999999999645e+00,7.230000000000000426e+00,9.609999999999999432e+00,5.429999999999999716e+00,1.133000000000000007e+01,1.449999999999999956e+00,1.570000000000000062e+00,2.859999999999999876e+00,1.560000000000000053e+00,0.000000000000000000e+00,2.220000000000000195e+00,0.000000000000000000e+00,2.049999999999999822e+00,0.000000000000000000e+00,6.375999999999999801e+01,9.017000000000000171e+01,1.090000000000000036e+01,1.361999999999999922e+01,7.839999999999999858e+00,2.037999999999999901e+01,1.149999999999999911e+00,3.578999999999999915e+01,7.349999999999999645e+00,1.969999999999999973e+00,6.209999999999999964e+00,1.499000000000000021e+01,5.660000000000000142e+00,8.710000000000000853e+00,9.300000000000000488e-01,4.059999999999999609e+00,1.159999999999999920e+00,3.459999999999999964e+00,0.000000000000000000e+00,1.909999999999999920e+00,0.000000000000000000e+00,1.570000000000000062e+00,4.299999999999999933e-01,0.000000000000000000e+00,4.870000000000000107e+00,1.097000000000000064e+01,6.259999999999999787e+00,6.910000000000000142e+00,7.709999999999999964e+00,6.580000000000000071e+00,1.199999999999999956e-01,8.717000000000000171e+01,4.570000000000000284e+00,1.719999999999999973e+00,2.680000000000000160e+00,2.870000000000000107e+00,5.049999999999999822e+00,5.714000000000000057e+01,5.481000000000000227e+01,5.289999999999999858e+01,5.009999999999999787e+00,3.439999999999999947e+00,8.800000000000000044e-01,2.439999999999999947e+00,1.239999999999999991e+00,0.000000000000000000e+00,7.900000000000000355e-01,8.042000000000000171e+01,4.853999999999999915e+01,2.410000000000000142e+00,8.000000000000000167e-02,2.689999999999999947e+00,9.499999999999999556e-01,2.099999999999999922e-01,1.090000000000000080e+00,9.699999999999999734e-01,2.200000000000000011e-01,3.400000000000000244e-01,2.140000000000000124e+00,0.000000000000000000e+00,5.699999999999999512e-01,1.600000000000000033e-01,1.050000000000000044e+00,0.000000000000000000e+00,1.550000000000000044e+00,1.189999999999999947e+00,2.149999999999999911e+00,2.470000000000000195e+00,1.399999999999999911e+00,8.100000000000000533e-01,4.450000000000000178e+00,3.759999999999999787e+00,0.000000000000000000e+00,8.529999999999999716e+01,1.070000000000000062e+00,7.009999999999999787e+00,4.910000000000000142e+00,9.060000000000000497e+00,9.179999999999999716e+00,3.220000000000000195e+00,3.229999999999999982e+00,5.580000000000000071e+00,0.000000000000000000e+00,2.817999999999999972e+01,1.699999999999999956e+00,0.000000000000000000e+00,1.179999999999999938e+00,5.309999999999999609e+00,6.290000000000000036e+00,1.007000000000000028e+01,4.099999999999999756e-01,1.860000000000000098e+00,9.330000000000000071e+00,2.498999999999999844e+01,4.419999999999999929e+00,4.269999999999999574e+00,0.000000000000000000e+00,4.699999999999999734e-01,3.069999999999999840e+00,6.370000000000000284e+01,1.250000000000000000e+00,7.399999999999999911e-01,3.400000000000000244e-01,1.689999999999999947e+00,3.140000000000000124e+00,0.000000000000000000e+00,5.110000000000000320e+00,6.629999999999999893e+00,1.409999999999999920e+00
4.959999999999999964e+00,3.479999999999999982e+00,8.199999999999999512e-01,1.969999999999999973e+00,4.600000000000000200e-01,2.689999999999999947e+00,5.999999999999999778e-01,5.610000000000000320e+00,2.279999999999999805e+00,7.099999999999999645e-01,3.419999999999999929e+00,1.600000000000000089e+00,2.879999999999999893e+00,4.559999999999999609e+00,7.650000000000000355e+00,1.489999999999999991e+00,3.900000000000000133e-01,3.450000000000000178e+00,1.479999999999999982e+00,0.000000000000000000e+00,2.250000000000000000e+00,1.280000000000000027e+00,5.000000000000000000e-01,8.100000000000000533e-01,2.479999999999999982e+00,9.899999999999999911e-01,9.100000000000000311e-01,0.000000000000000000e+00,4.089999999999999858e+00,2.060000000000000053e+00,2.299999999999999822e+00,1.770000000000000018e+00,1.370000000000000107e+00,6.500000000000000222e-01,3.080000000000000071e+00,3.850000000000000089e+00,2.649999999999999911e+00,1.949999999999999956e+00,1.100000000000000089e+00,3.660000000000000142e+00,4.299999999999999933e-01,4.519999999999999574e+00,1.129999999999999893e+00,3.200000000000000067e-01,1.540000000000000036e+00,2.259999999999999787e+00,2.569999999999999840e+00,2.430000000000000160e+00,1.165000000000000036e+01,9.960000000000000853e+00,1.719999999999999973e+00,2.779999999999999805e+00,3.009999999999999787e+00,6.980000000000000426e+00,5.589999999999999858e+00,2.509999999999999787e+00,4.540000000000000036e+00,3.589999999999999858e+00,5.000000000000000000e+00,2.600000000000000089e+00,6.660000000000000142e+00,2.140000000000000124e+00,1.400000000000000133e-01,1.275999999999999979e+01,1.659999999999999920e+00,2.999999999999999889e-01,4.849999999999999645e+00,3.100000000000000089e+00,3.370000000000000107e+00,4.580000000000000071e+00,5.349999999999999645e+00,7.259999999999999787e+00,8.599999999999999867e-01,7.169999999999999929e+00,7.500000000000000000e-01,1.030000000000000027e+00,0.000000000000000000e+00,1.739999999999999991e+00,6.309999999999999609e+00,1.550000000000000044e+00,4.699999999999999734e-01,9.839999999999999858e+00,3.379999999999999893e+00,1.919999999999999929e+00,3.979999999999999982e+00,1.889999999999999902e+00,3.799999999999999822e+00,3.439999999999999947e+00,5.009999999999999787e+00,3.979999999999999982e+00,4.780000000000000249e+00,3.870000000000000107e+00,9.399999999999999467e-01,2.580000000000000071e+00,0.000000000000000000e+00,5.639999999999999680e+00,1.550000000000000044e+00,2.379999999999999893e+00,3.140000000000000124e+00,2.149999999999999911e+00,2.580000000000000071e+00,1.340000000000000080e+00,1.530000000000000027e+00,1.030000000000000027e+00,3.160000000000000142e+00,3.540000000000000036e+00,4.490000000000000213e+00,5.330000000000000071e+00,3.479999999999999982e+00,3.060000000000000053e+00,1.003999999999999915e+01,4.000000000000000222e-01,3.259999999999999787e+00,5.299999999999999822e+00,3.979999999999999982e+00,5.750000000000000000e+00,2.899999999999999911e+00,6.440000000000000391e+00,0.000000000000000000e+00,0.000000000000000000e+00,1.310000000000000053e+00,7.990000000000000213e+00,5.110000000000000320e+00,8.599999999999999867e-01,3.240000000000000213e+00,5.849999999999999645e+00,7.540000000000000036e+00,1.659999999999999920e+00,1.174000000000000021e+01,7.889999999999999680e+00,1.850000000000000089e+00,3.390000000000000124e+00,4.339999999999999858e+00,7.219999999999999751e+00,2.899999999999999911e+00,5.600000000000000533e-01,7.600000000000000089e-01,2.500000000000000000e-01,3.330000000000000071e+00,5.120000000000000107e+00,2.189999999999999947e+00,3.120000000000000107e+00,0.000000000000000000e+00,1.163000000000000078e+01,3.009999999999999787e+00,3.370000000000000107e+00,1.899999999999999911e+00,3.299999999999999822e+00,4.089999999999999858e+00,8.500000000000000000e+00,3.100000000000000089e+00,5.110000000000000320e+00,8.000000000000000444e-01,0.000000000000000000e+00,5.469999999999999751e+00,2.910000000000000142e+00,4.900000000000000355e+00,5.150000000000000355e+00,5.339999999999999858e+00,5.700000000000000178e+00,3.740000000000000213e+00,6.750000000000000000e+00,1.319999999999999929e+01,1.800000000000000044e+00,1.335999999999999943e+01,4.629999999999999893e+00,4.129999999999999893e+00,6.900000000000000355e+00,4.040000000000000036e+00,4.450000000000000178e+00,0.000000000000000000e+00,3.589999999999999858e+00,6.500000000000000222e-01,3.599999999999999867e-01,1.146000000000000085e+01,1.141999999999999993e+01,1.205000000000000071e+01,1.770000000000000018e+00,1.760000000000000009e+00,3.959999999999999964e+00,2.250000000000000000e+00,3.040000000000000036e+00,3.939999999999999947e+00,2.770000000000000018e+00,7.469999999999999751e+00,4.889999999999999680e+00,0.000000000000000000e+00,3.250000000000000000e+00,2.270000000000000018e+00,2.729999999999999982e+00
3.479999999999999982e+00,3.609999999999999876e+00,7.800000000000000266e-01,7.099999999999999645e-01,4.600000000000000200e-01,2.140000000000000124e+00,1.590000000000000080e+00,4.769999999999999574e+00,4.540000000000000036e+00,0.000000000000000000e+00,2.250000000000000000e+00,0.000000000000000000e+00,2.930000000000000160e+00,0.000000000000000000e+00,8.299999999999999600e-01,4.099999999999999756e-01,0.000000000000000000e+00,2.220000000000000195e+00,5.300000000000000266e-01,0.000000000000000000e+00,0.000000000000000000e+00,0.000000000000000000e+00,1.799999999999999933e-01,1.750000000000000000e+00,8.299999999999999600e-01,2.680000000000000160e+00,4.199999999999999845e-01,4.759999999999999787e+00,1.070000000000000062e+00,2.370000000000000107e+00,9.080000000000000071e+00,3.439999999999999947e+00,3.589999999999999858e+00,4.219999999999999751e+00,7.730000000000000426e+00,2.959999999999999964e+00,3.189999999999999947e+00,3.490000000000000213e+00,3.240000000000000213e+00,3.919999999999999929e+00,8.699999999999999956e-01,5.070000000000000284e+00,1.790000000000000036e+00,7.299999999999999822e-01,2.540000000000000036e+00,2.040000000000000036e+00,3.319999999999999840e+00,1.800000000000000044e+00,8.300000000000000711e+00,6.070000000000000284e+00,3.209999999999999964e+00,1.310000000000000053e+00,1.040000000000000036e+00,7.330000000000000071e+00,2.569999999999999840e+00,2.250000000000000000e+00,0.000000000000000000e+00,4.559999999999999609e+00,5.469999999999999751e+00,2.999999999999999889e-01,1.949999999999999956e+00,1.020000000000000018e+00,2.919999999999999929e+00,3.129999999999999893e+00,1.409999999999999920e+00,0.000000000000000000e+00,5.360000000000000320e+00,1.639999999999999858e+01,1.109999999999999964e+01,1.889999999999999902e+00,3.160000000000000142e+00,1.909999999999999920e+00,3.899999999999999911e+00,8.419999999999999929e+00,7.900000000000000355e-01,2.160000000000000142e+00,0.000000000000000000e+00,7.700000000000000178e-01,3.669999999999999929e+00,4.199999999999999845e-01,0.000000000000000000e+00,4.320000000000000284e+00,2.676999999999999957e+01,2.120000000000000107e+00,5.190000000000000391e+00,2.950000000000000178e+00,4.919999999999999929e+00,4.150000000000000355e+00,0.000000000000000000e+00,2.370000000000000107e+00,5.190000000000000391e+00,2.740000000000000213e+00,2.800000000000000266e-01,2.209999999999999964e+00,2.399999999999999911e+00,1.830000000000000071e+00,5.999999999999999778e-01,1.889999999999999902e+00,1.729999999999999982e+00,2.089999999999999858e+00,2.180000000000000160e+00,0.000000000000000000e+00,0.000000000000000000e+00,1.499999999999999944e-01,2.149999999999999911e+00,8.900000000000000133e-01,1.399999999999999911e+00,3.870000000000000107e+00,3.529999999999999805e+00,2.009999999999999787e+00,5.100000000000000089e-01,0.000000000000000000e+00,1.370000000000000107e+00,1.649999999999999911e+00,3.220000000000000195e+00,3.319999999999999840e+00,4.400000000000000355e+00,9.599999999999999645e-01,3.350000000000000089e+00,2.109999999999999876e+00,2.930000000000000160e+00,3.410000000000000142e+00,5.469999999999999751e+00,1.739999999999999991e+00,3.890000000000000124e+00,2.180000000000000160e+00,7.330000000000000071e+00,0.000000000000000000e+00,8.080000000000000071e+00,7.599999999999999645e+00,5.799999999999999600e-01,0.000000000000000000e+00,3.060000000000000053e+00,1.459999999999999964e+00,3.319999999999999840e+00,6.800000000000000488e-01,1.020000000000000018e+00,0.000000000000000000e+00,3.599999999999999867e-01,9.100000000000000311e-01,0.000000000000000000e+00,1.040000000000000036e+00,2.899999999999999800e-01,5.600000000000000533e-01,1.006000000000000050e+01,2.879999999999999893e+00,2.370000000000000107e+00,3.470000000000000195e+00,1.419999999999999929e+00,0.000000000000000000e+00,1.229999999999999982e+00,1.014000000000000057e+01,3.240000000000000213e+00,1.489999999999999991e+00,3.049999999999999822e+00,5.600000000000000533e-01,3.009999999999999787e+00,1.969999999999999973e+00,9.300000000000000488e-01,1.270000000000000018e+00,1.900000000000000022e-01,1.219999999999999973e+00,2.490000000000000213e+00,3.900000000000000133e-01,0.000000000000000000e+00,2.069999999999999840e+00,3.000000000000000000e+00,5.889999999999999680e+00,3.990000000000000213e+00,6.419999999999999929e+00,4.400000000000000022e-01,0.000000000000000000e+00,0.000000000000000000e+00,1.010000000000000009e+00,4.780000000000000249e+00,8.390000000000000568e+00,7.230000000000000426e+00,0.000000000000000000e+00,3.800000000000000044e-01,3.620000000000000107e+00,2.109999999999999876e+00,1.560000000000000053e+00,3.009999999999999787e+00,1.489999999999999991e+00,1.363000000000000078e+01,3.359999999999999876e+00,0.000000000000000000e+00,3.709999999999999964e+00,0.000000000000000000e+00,2.319999999999999840e+00
3.759999999999999787e+00,3.490000000000000213e+00,4.400000000000000022e-01,1.820000000000000062e+00,1.219999999999999973e+00,2.819999999999999840e+00,1.250000000000000000e+00,3.919999999999999929e+00,2.149999999999999911e+00,0.000000000000000000e+00,2.470000000000000195e+00,0.000000000000000000e+00,3.089999999999999858e+00,2.390000000000000124e+00,2.379999999999999893e+00,0.000000000000000000e+00,5.000000000000000278e-02,2.540000000000000036e+00,2.419999999999999929e+00,1.149999999999999911e+00,0.000000000000000000e+00,5.799999999999999600e-01,8.000000000000000167e-02,1.129999999999999893e+00,3.900000000000000133e-01,1.820000000000000062e+00,5.100000000000000089e-01,2.100000000000000089e+00,8.599999999999999867e-01,1.560000000000000053e+00,1.659999999999999920e+00,0.000000000000000000e+00,1.510000000000000009e+00,1.050000000000000000e+01,5.999999999999999778e-01,0.000000000000000000e+00,1.919999999999999929e+00,2.169999999999999929e+00,1.790000000000000036e+00,1.790000000000000036e+00,0.000000000000000000e+00,1.620000000000000107e+00,1.540000000000000036e+00,2.099999999999999922e-01,2.000000000000000000e+00,7.959999999999998010e+01,0.000000000000000000e+00,2.970000000000000195e+00,7.540000000000000036e+00,9.470000000000000639e+00,4.549999999999999822e+00,2.430000000000000160e+00,4.000000000000000000e+00,9.253000000000000114e+01,1.020000000000000018e+00,2.169999999999999929e+00,2.330000000000000071e+00,2.109999999999999876e+00,5.299999999999999822e+00,8.000000000000000444e-01,1.560000000000000053e+00,1.800000000000000044e+00,0.000000000000000000e+00,2.379999999999999893e+00,1.370000000000000107e+00,0.000000000000000000e+00,3.729999999999999982e+00,1.639999999999999902e+00,1.310000000000000053e+00,4.490000000000000213e+00,0.000000000000000000e+00,3.220000000000000195e+00,3.169999999999999929e+00,1.550000000000000044e+00,4.019999999999999574e+00,7.900000000000000355e-01,0.000000000000000000e+00,1.489999999999999991e+00,2.350000000000000089e+00,1.840000000000000080e+00,0.000000000000000000e+00,4.690000000000000391e+00,2.319999999999999840e+00,1.919999999999999929e+00,1.639999999999999902e+00,1.699999999999999956e+00,3.870000000000000107e+00,1.290000000000000036e+00,8.199999999999999512e-01,3.450000000000000178e+00,0.000000000000000000e+00,5.100000000000000089e-01,1.799999999999999933e-01,0.000000000000000000e+00,1.350000000000000089e+00,1.439999999999999947e+00,2.259999999999999787e+00,1.500000000000000000e+00,2.839999999999999858e+00,6.999999999999999556e-01,2.509999999999999787e+00,9.399999999999999467e-01,2.140000000000000124e+00,1.040000000000000036e+00,1.500000000000000000e+00,4.299999999999999933e-01,1.840000000000000080e+00,3.509999999999999787e+00,2.310000000000000053e+00,1.149999999999999911e+00,1.310000000000000053e+00,0.000000000000000000e+00,2.979999999999999982e+00,1.199999999999999956e+00,4.440000000000000391e+00,1.810000000000000053e+00,3.600000000000000089e+00,7.400000000000000355e+00,2.899999999999999911e+00,1.919999999999999929e+00,1.379999999999999893e+00,1.870000000000000107e+00,4.280000000000000249e+00,1.719999999999999973e+00,2.529999999999999805e+00,9.300000000000000711e+00,4.799999999999999822e+00,1.600000000000000033e-01,6.769999999999999574e+00,2.180000000000000160e+00,1.919999999999999929e+00,2.620000000000000107e+00,2.939999999999999947e+00,4.950000000000000178e+00,1.469999999999999973e+00,1.699999999999999956e+00,0.000000000000000000e+00,5.699999999999999512e-01,0.000000000000000000e+00,2.899999999999999911e+00,1.830000000000000071e+00,2.319999999999999840e+00,5.699999999999999512e-01,0.000000000000000000e+00,3.200000000000000178e+00,2.379999999999999893e+00,2.299999999999999822e+00,2.560000000000000053e+00,2.240000000000000213e+00,0.000000000000000000e+00,1.350000000000000089e+00,6.179999999999999716e+00,5.519999999999999574e+00,3.109999999999999876e+00,4.969999999999999751e+00,1.820000000000000062e+00,2.109999999999999876e+00,4.250000000000000000e+00,1.949999999999999956e+00,3.699999999999999956e-01,7.500000000000000000e-01,5.999999999999999778e-02,2.399999999999999911e+00,9.599999999999999645e-01,8.900000000000000133e-01,3.800000000000000044e-01,9.000000000000000222e-01,1.300000000000000044e-01,4.320000000000000284e+00,1.150000000000000000e+01,3.859999999999999876e+00,5.899999999999999689e-01,0.000000000000000000e+00,2.300000000000000100e-01,4.179999999999999716e+00,2.810000000000000053e+00,2.100000000000000089e+00,0.000000000000000000e+00,0.000000000000000000e+00,3.979999999999999982e+00,2.979999999999999982e+00,1.419999999999999929e+00,1.610000000000000098e+00,4.199999999999999845e-01,4.750000000000000000e+00,2.859999999999999876e+00,0.000000000000000000e+00,2.229999999999999982e+00,1.370000000000000107e+00,9.699999999999999734e-01
0.000000000000000000e+00,0.000000000000000000e+00,0.000000000000000000e+00,0.000000000000000000e+00,0.000000000000000000e+00,0.000000000000000000e+00,0.000000000000000000e+00,0.000000000000000000e+00,0.000000000000000000e+00,2.689999999999999947e+00,0.000000000000000000e+00,0.000000000000000000e+00,0.000000000000000000e+00,0.000000000000000000e+00,3.499999999999999778e-01,0.000000000000000000e+00,0.000000000000000000e+00,0.000000000000000000e+00,0.000000000000000000e+00,6.800000000000000488e-01,0.000000000000000000e+00,3.099999999999999978e-01,8.000000000000000167e-02,0.000000000000000000e+00,0.000000000000000000e+00,8.000000000000000167e-02,3.599999999999999867e-01,4.889999999999999680e+00,0.000000000000000000e+00,0.000000000000000000e+00,1.148000000000000043e+01,0.000000000000000000e+00,1.389999999999999902e+00,5.999999999999999778e-01,0.000000000000000000e+00,8.499999999999999778e-01,0.000000000000000000e+00,0.000000000000000000e+00,0.000000000000000000e+00,0.000000000000000000e+00,0.000000000000000000e+00,2.999999999999999889e-02,3.919999999999999929e+00,3.259999999999999787e+00,0.000000000000000000e+00,1.070000000000000062e+00,0.000000000000000000e+00,0.000000000000000000e+00,0.000000000000000000e+00,0.000000000000000000e+00,0.000000000000000000e+00,0.000000000000000000e+00,0.000000000000000000e+00,0.000000000000000000e+00,1.929999999999999938e+00,0.000000000000000000e+00,0.000000000000000000e+00,0.000000000000000000e+00,1.310000000000000053e+00,0.000000000000000000e+00,1.499999999999999944e-01,7.900000000000000355e-01,0.000000000000000000e+00,1.229999999999999982e+00,0.000000000000000000e+00,2.160000000000000142e+00,2.370000000000000107e+00,2.142000000000000171e+01,7.879999999999999893e+00,6.700000000000000400e-01,2.129999999999999893e+00,5.999999999999999778e-02,8.000000000000000444e-01,0.000000000000000000e+00,2.240000000000000213e+00,0.000000000000000000e+00,0.000000000000000000e+00,0.000000000000000000e+00,0.000000000000000000e+00,0.000000000000000000e+00,1.000000000000000021e-02,4.839999999999999858e+00,0.000000000000000000e+00,0.000000000000000000e+00,0.000000000000000000e+00,0.000000000000000000e+00,2.000000000000000042e-02,0.000000000000000000e+00,4.199999999999999845e-01,0.000000000000000000e+00,0.000000000000000000e+00,0.000000000000000000e+00,0.000000000000000000e+00,0.000000000000000000e+00,3.200000000000000067e-01,0.000000000000000000e+00,9.799999999999999822e-01,0.000000000000000000e+00,0.000000000000000000e+00,0.000000000000000000e+00,0.000000000000000000e+00,0.000000000000000000e+00,0.000000000000000000e+00,0.000000000000000000e+00,0.000000000000000000e+00,1.270000000000000018e+00,0.000000000000000000e+00,0.000000000000000000e+00,0.000000000000000000e+00,0.000000000000000000e+00,0.000000000000000000e+00,0.000000000000000000e+00,0.000000000000000000e+00,0.000000000000000000e+00,0.000000000000000000e+00,2.600000000000000089e-01,0.000000000000000000e+00,0.000000000000000000e+00,4.400000000000000022e-01,1.229999999999999982e+00,0.000000000000000000e+00,1.820000000000000062e+00,0.000000000000000000e+00,0.000000000000000000e+00,0.000000000000000000e+00,1.306000000000000050e+01,1.400000000000000133e-01,0.000000000000000000e+00,1.929999999999999938e+00,4.089999999999999858e+00,1.199999999999999956e-01,0.000000000000000000e+00,0.000000000000000000e+00,0.000000000000000000e+00,1.090000000000000080e+00,3.379999999999999893e+00,0.000000000000000000e+00,1.050000000000000044e+00,1.900000000000000022e-01,0.000000000000000000e+00,2.600000000000000089e-01,0.000000000000000000e+00,0.000000000000000000e+00,0.000000000000000000e+00,5.200000000000000178e-01,0.000000000000000000e+00,0.000000000000000000e+00,0.000000000000000000e+00,0.000000000000000000e+00,0.000000000000000000e+00,0.000000000000000000e+00,0.000000000000000000e+00,5.999999999999999778e-02,0.000000000000000000e+00,3.140000000000000124e+00,0.000000000000000000e+00,0.000000000000000000e+00,1.449999999999999956e+00,0.000000000000000000e+00,0.000000000000000000e+00,0.000000000000000000e+00,0.000000000000000000e+00,0.000000000000000000e+00,0.000000000000000000e+00,0.000000000000000000e+00,1.080000000000000071e+00,0.000000000000000000e+00,0.000000000000000000e+00,0.000000000000000000e+00,0.000000000000000000e+00,4.799999999999999822e-01,8.499999999999999778e-01,1.639999999999999902e+00,8.499999999999999778e-01,0.000000000000000000e+00,0.000000000000000000e+00,0.000000000000000000e+00,0.000000000000000000e+00,0.000000000000000000e+00,0.000000000000000000e+00,0.000000000000000000e+00,0.000000000000000000e+00,0.000000000000000000e+00,0.000000000000000000e+00,0.000000000000000000e+00,0.000000000000000000e+00,4.000000000000000083e-02,0.000000000000000000e+00,0.000000000000000000e+00,0.000000000000000000e+00
2.990000000000000213e+00,4.849999999999999645e+00,0.000000000000000000e+00,0.000000000000000000e+00,8.900000000000000133e-01,2.700000000000000178e-01,6.800000000000000488e-01,5.540000000000000036e+00,3.220000000000000195e+00,0.000000000000000000e+00,8.699999999999999956e-01,3.029999999999999805e+00,0.000000000000000000e+00,0.000000000000000000e+00,4.899999999999999911e-01,0.000000000000000000e+00,0.000000000000000000e+00,0.000000000000000000e+00,0.000000000000000000e+00,7.199999999999999734e-01,1.000000000000000021e-02,0.000000000000000000e+00,2.000000000000000111e-01,1.290000000000000036e+00,1.540000000000000036e+00,1.040000000000000036e+00,1.000000000000000021e-02,0.000000000000000000e+00,0.000000000000000000e+00,0.000000000000000000e+00,5.360000000000000320e+00,0.000000000000000000e+00,4.600000000000000200e-01,4.500000000000000000e+00,0.000000000000000000e+00,1.100000000000000006e-01,0.000000000000000000e+00,1.300000000000000044e-01,0.000000000000000000e+00,0.000000000000000000e+00,0.000000000000000000e+00,2.099999999999999922e-01,1.000000000000000021e-02,5.000000000000000000e-01,0.000000000000000000e+00,2.099999999999999922e-01,0.000000000000000000e+00,2.890000000000000124e+00,2.870000000000000107e+00,6.600000000000000311e-01,2.319999999999999840e+00,0.000000000000000000e+00,2.000000000000000111e-01,2.149999999999999911e+00,0.000000000000000000e+00,2.000000000000000111e-01,0.000000000000000000e+00,2.759999999999999787e+00,1.530000000000000027e+00,0.000000000000000000e+00,9.499999999999999556e-01,0.000000000000000000e+00,0.000000000000000000e+00,7.900000000000000355e-01,6.800000000000000488e-01,1.310000000000000053e+00,0.000000000000000000e+00,4.000000000000000083e-02,2.999999999999999889e-02,2.129999999999999893e+00,0.000000000000000000e+00,1.610000000000000098e+00,0.000000000000000000e+00,8.599999999999999867e-01,2.790000000000000036e+00,0.000000000000000000e+00,2.200000000000000178e+00,8.100000000000000533e-01,0.000000000000000000e+00,3.200000000000000067e-01,0.000000000000000000e+00,6.669999999999999929e+00,2.600000000000000089e-01,2.040000000000000036e+00,2.700000000000000178e+00,1.370000000000000107e+00,7.600000000000000089e-01,8.000000000000000444e-01,5.699999999999999512e-01,4.199999999999999845e-01,0.000000000000000000e+00,0.000000000000000000e+00,9.000000000000000222e-01,0.000000000000000000e+00,7.429999999999999716e+00,0.000000000000000000e+00,1.070000000000000062e+00,0.000000000000000000e+00,0.000000000000000000e+00,7.000000000000000666e-02,4.400000000000000022e-01,0.000000000000000000e+00,1.499999999999999944e-01,0.000000000000000000e+00,2.149999999999999911e+00,1.590000000000000080e+00,1.399999999999999911e+00,1.699999999999999956e+00,5.200000000000000178e-01,0.000000000000000000e+00,1.820000000000000062e+00,0.000000000000000000e+00,0.000000000000000000e+00,8.199999999999999512e-01,7.500000000000000000e-01,1.080000000000000071e+00,2.100000000000000089e+00,6.199999999999999956e-01,1.489999999999999991e+00,0.000000000000000000e+00,5.429999999999999716e+00,1.040000000000000036e+00,0.000000000000000000e+00,0.000000000000000000e+00,0.000000000000000000e+00,0.000000000000000000e+00,0.000000000000000000e+00,0.000000000000000000e+00,1.096000000000000085e+01,6.200000000000000178e+00,1.169999999999999929e+00,0.000000000000000000e+00,0.000000000000000000e+00,2.069999999999999840e+00,7.800000000000000266e-01,5.100000000000000089e-01,3.599999999999999867e-01,0.000000000000000000e+00,0.000000000000000000e+00,3.970000000000000195e+00,0.000000000000000000e+00,8.800000000000000044e-01,0.000000000000000000e+00,3.499999999999999778e-01,0.000000000000000000e+00,5.999999999999999778e-01,1.090000000000000080e+00,7.000000000000000666e-02,0.000000000000000000e+00,0.000000000000000000e+00,0.000000000000000000e+00,0.000000000000000000e+00,0.000000000000000000e+00,3.800000000000000044e-01,3.060000000000000053e+00,0.000000000000000000e+00,0.000000000000000000e+00,1.800000000000000044e+00,0.000000000000000000e+00,0.000000000000000000e+00,0.000000000000000000e+00,1.300000000000000044e-01,0.000000000000000000e+00,0.000000000000000000e+00,0.000000000000000000e+00,6.199999999999999956e-01,1.899999999999999911e+00,8.000000000000000167e-02,2.600000000000000089e+00,4.389999999999999680e+00,9.100000000000000311e-01,1.159999999999999920e+00,0.000000000000000000e+00,0.000000000000000000e+00,1.292999999999999972e+01,1.149999999999999911e+00,0.000000000000000000e+00,4.440000000000000391e+00,2.129999999999999893e+00,8.399999999999999689e-01,1.939999999999999947e+00,6.800000000000000488e-01,1.760000000000000009e+00,1.300000000000000044e-01,4.690000000000000391e+00,1.469999999999999973e+00,0.000000000000000000e+00,6.700000000000000400e-01,6.400000000000000133e-01,1.790000000000000036e+00
2.109999999999999876e+00,3.129999999999999893e+00,3.800000000000000044e-01,5.999999999999999778e-01,2.999999999999999889e-01,7.199999999999999734e-01,1.750000000000000000e+00,4.549999999999999822e+00,2.520000000000000018e+00,0.000000000000000000e+00,1.979999999999999982e+00,3.399999999999999911e+00,4.129999999999999893e+00,0.000000000000000000e+00,1.159999999999999920e+00,2.479999999999999982e+00,2.000000000000000111e-01,4.139999999999999680e+00,2.569999999999999840e+00,0.000000000000000000e+00,9.799999999999999822e-01,1.700000000000000122e-01,1.080000000000000071e+00,1.270000000000000018e+00,3.250000000000000000e+00,7.800000000000000266e-01,5.699999999999999512e-01,2.200000000000000178e+00,2.430000000000000160e+00,1.379999999999999893e+00,1.510000000000000009e+00,8.599999999999999867e-01,9.000000000000000222e-01,0.000000000000000000e+00,0.000000000000000000e+00,1.050000000000000044e+00,1.629999999999999893e+00,1.659999999999999920e+00,0.000000000000000000e+00,2.879999999999999893e+00,1.050000000000000044e+00,5.110000000000000320e+00,1.449999999999999956e+00,0.000000000000000000e+00,8.000000000000000444e-01,9.200000000000000400e-01,1.340000000000000080e+00,3.319999999999999840e+00,6.660000000000000142e+00,4.480000000000000426e+00,3.649999999999999911e+00,1.300000000000000044e+00,2.459999999999999964e+00,6.080000000000000071e+00,2.649999999999999911e+00,9.300000000000000488e-01,3.140000000000000124e+00,1.449999999999999956e+00,1.469999999999999973e+00,0.000000000000000000e+00,4.990000000000000213e+00,1.000000000000000021e-02,2.629999999999999893e+00,1.379999999999999893e+00,1.540000000000000036e+00,9.399999999999999467e-01,7.709999999999999964e+00,2.990000000000000213e+00,1.189999999999999947e+00,2.490000000000000213e+00,1.469999999999999973e+00,2.319999999999999840e+00,8.970000000000002416e+00,6.150000000000000355e+00,2.779999999999999805e+00,0.000000000000000000e+00,3.100000000000000089e+00,1.139999999999999902e+00,2.029999999999999805e+00,0.000000000000000000e+00,0.000000000000000000e+00,1.840000000000000080e+00,0.000000000000000000e+00,1.899999999999999911e+00,7.099999999999999645e-01,2.819999999999999840e+00,3.740000000000000213e+00,3.390000000000000124e+00,1.000000000000000000e+00,1.271000000000000085e+01,4.089999999999999858e+00,3.770000000000000018e+00,3.200000000000000067e-01,0.000000000000000000e+00,0.000000000000000000e+00,2.979999999999999982e+00,0.000000000000000000e+00,1.560000000000000053e+00,7.800000000000000266e-01,1.540000000000000036e+00,2.459999999999999964e+00,4.799999999999999822e-01,3.640000000000000124e+00,0.000000000000000000e+00,8.000000000000000444e-01,3.800000000000000044e-01,0.000000000000000000e+00,1.000000000000000000e+01,1.469999999999999973e+00,1.409999999999999920e+00,9.200000000000000400e-01,5.899999999999999689e-01,2.209999999999999964e+00,1.580000000000000071e+00,2.490000000000000213e+00,3.099999999999999978e-01,1.909999999999999920e+00,3.080000000000000071e+00,0.000000000000000000e+00,1.149999999999999911e+00,1.199999999999999956e+00,3.499999999999999778e-01,6.800000000000000488e-01,1.050000000000000044e+00,3.629999999999999893e+00,2.649999999999999911e+00,0.000000000000000000e+00,4.799999999999999822e-01,5.259999999999999787e+00,2.830000000000000071e+00,9.499999999999999556e-01,3.629999999999999893e+00,2.580000000000000071e+00,0.000000000000000000e+00,4.799999999999999822e-01,7.199999999999999734e-01,2.999999999999999889e-02,0.000000000000000000e+00,4.199999999999999845e-01,6.150000000000000355e+00,0.000000000000000000e+00,1.209999999999999964e+00,7.000000000000000666e-02,7.800000000000000266e-01,4.000000000000000222e-01,2.490000000000000213e+00,2.279999999999999805e+00,2.250000000000000000e+00,1.169999999999999929e+00,2.009999999999999787e+00,1.429999999999999938e+00,5.570000000000000284e+00,0.000000000000000000e+00,2.000000000000000111e-01,2.450000000000000178e+00,2.000000000000000042e-02,2.770000000000000018e+00,2.220000000000000195e+00,2.279999999999999805e+00,2.569999999999999840e+00,1.600000000000000089e+00,2.850000000000000089e+00,3.060000000000000053e+00,7.399999999999999911e-01,2.500000000000000000e-01,2.169999999999999929e+00,1.330000000000000071e+00,2.890000000000000124e+00,1.459999999999999964e+00,5.459999999999999964e+00,5.040000000000000036e+00,0.000000000000000000e+00,0.000000000000000000e+00,2.600000000000000089e-01,1.500000000000000000e+00,3.689999999999999947e+00,4.009999999999999787e+00,0.000000000000000000e+00,1.169999999999999929e+00,2.229999999999999982e+00,2.080000000000000071e+00,5.400000000000000355e-01,4.209999999999999964e+00,2.709999999999999964e+00,4.879999999999999893e+00,2.770000000000000018e+00,0.000000000000000000e+00,1.110000000000000098e+00,9.499999999999999556e-01,1.820000000000000062e+00
3.978000000000000114e+01,3.279999999999999716e+01,9.100000000000000311e-01,4.400000000000000022e-01,2.020000000000000018e+00,4.120000000000000107e+00,7.009999999999999787e+00,4.700000000000000178e+00,2.999999999999999889e-02,0.000000000000000000e+00,2.128000000000000114e+01,1.129999999999999893e+00,7.419999999999999929e+00,1.149999999999999911e+00,1.629999999999999893e+00,3.649999999999999911e+00,8.900000000000000133e-01,2.750000000000000000e+00,4.730000000000000426e+00,0.000000000000000000e+00,4.370000000000000107e+00,1.499999999999999944e-01,1.719999999999999973e+00,3.740000000000000213e+00,0.000000000000000000e+00,2.689999999999999947e+00,2.099999999999999922e-01,3.049999999999999822e+00,3.939999999999999947e+00,2.750000000000000000e+00,9.529999999999999361e+00,1.300000000000000000e+01,2.490000000000000213e+00,3.367000000000000171e+01,7.639999999999999680e+00,5.469999999999999751e+00,4.639999999999999680e+00,3.910000000000000142e+00,3.700000000000000178e+00,7.209999999999999964e+00,1.709999999999999964e+00,5.269999999999999574e+00,4.830000000000000071e+00,7.600000000000000089e-01,5.209999999999999964e+00,3.049999999999999822e+00,2.149999999999999911e+00,8.119999999999999218e+00,1.133999999999999986e+01,1.846000000000000085e+01,3.049999999999999822e+00,5.589999999999999858e+00,3.867999999999999972e+01,9.460000000000000853e+00,2.319999999999999840e+00,4.719999999999999751e+00,1.266000000000000014e+01,4.053000000000000114e+01,5.285000000000000142e+01,5.309999999999999609e+00,4.024000000000000199e+01,1.418999999999999950e+01,2.332999999999999829e+01,3.642000000000000171e+01,1.050999999999999979e+01,3.014000000000000057e+01,4.169999999999999929e+00,2.669999999999999929e+00,2.720000000000000195e+00,3.295000000000000284e+01,1.260000000000000009e+00,5.719999999999999751e+00,6.879999999999999893e+00,1.081000000000000050e+01,7.030000000000000249e+00,2.839999999999999858e+00,2.359999999999999876e+00,2.160000000000000142e+00,7.389999999999999680e+00,3.250000000000000000e+00,0.000000000000000000e+00,4.677000000000000313e+01,7.471999999999999886e+01,2.035000000000000142e+01,2.200000000000000178e+00,7.849999999999999645e+00,3.247999999999999687e+01,4.980000000000000426e+00,1.310000000000000053e+00,6.469999999999999751e+00,6.330000000000000071e+00,4.799999999999999822e+00,3.310000000000000053e+00,5.580000000000000071e+00,1.343999999999999950e+01,4.679999999999999716e+00,7.660000000000000142e+00,2.520000000000000018e+00,7.019999999999999574e+00,2.109999999999999876e+00,1.750000000000000000e+00,2.490000000000000213e+00,3.770000000000000018e+00,2.109999999999999876e+00,7.000000000000000000e+00,2.899999999999999911e+00,6.730000000000000426e+00,8.050000000000000711e+00,3.790000000000000036e+00,1.149999999999999911e+00,1.033999999999999986e+01,0.000000000000000000e+00,3.580000000000000071e+00,4.049999999999999822e+00,6.139999999999999680e+00,0.000000000000000000e+00,4.070000000000000284e+00,7.490000000000000213e+00,6.839999999999999858e+00,1.003999999999999915e+01,1.197000000000000064e+01,7.099999999999999645e-01,9.429999999999999716e+00,1.969999999999999973e+00,6.000000000000000000e+00,0.000000000000000000e+00,7.290000000000000036e+00,0.000000000000000000e+00,2.112000000000000099e+01,3.571000000000000085e+01,4.009999999999999787e+00,6.049999999999999822e+00,6.860000000000000320e+00,4.899999999999999911e-01,5.950000000000000178e+00,2.229999999999999982e+00,1.979999999999999982e+00,0.000000000000000000e+00,3.099999999999999978e-01,7.799999999999999822e+00,7.219999999999999751e+00,2.450000000000000178e+00,1.280000000000000027e+00,0.000000000000000000e+00,5.169999999999999929e+00,4.250000000000000000e+00,3.919999999999999929e+00,4.669999999999999929e+00,4.879999999999999893e+00,3.779999999999999805e+00,3.370000000000000107e+00,1.100999999999999979e+01,9.279999999999999361e+00,1.219999999999999973e+00,1.347000000000000064e+01,2.490000000000000213e+00,3.629999999999999893e+00,8.050000000000000711e+00,2.839999999999999858e+00,4.070000000000000284e+00,1.120000000000000107e+00,4.360000000000000320e+00,5.290000000000000036e+00,2.200000000000000178e+00,2.770000000000000018e+00,2.660000000000000142e+00,5.999999999999999778e-02,3.850000000000000089e+00,7.360000000000000320e+00,8.599999999999999645e+00,4.935999999999999943e+01,3.470000000000000195e+00,0.000000000000000000e+00,0.000000000000000000e+00,1.203999999999999915e+01,5.690000000000000391e+00,3.310000000000000053e+00,4.500000000000000111e-01,5.980000000000000426e+00,9.859999999999999432e+00,4.209999999999999964e+00,2.970000000000000195e+00,6.419999999999999929e+00,3.410000000000000142e+00,1.053999999999999915e+01,1.721000000000000085e+01,0.000000000000000000e+00,6.629999999999999893e+00,7.593999999999999773e+01,1.939999999999999947e+00
1.229999999999999982e+00,1.270000000000000018e+00,7.000000000000000666e-02,0.000000000000000000e+00,2.300000000000000100e-01,2.500000000000000000e-01,1.439999999999999947e+00,1.139999999999999902e+00,1.699999999999999956e+00,0.000000000000000000e+00,1.149999999999999911e+00,1.580000000000000071e+00,1.350000000000000089e+00,5.600000000000000533e-01,2.200000000000000011e-01,0.000000000000000000e+00,0.000000000000000000e+00,0.000000000000000000e+00,0.000000000000000000e+00,0.000000000000000000e+00,1.750000000000000000e+00,1.139999999999999902e+00,7.500000000000000000e-01,0.000000000000000000e+00,0.000000000000000000e+00,3.499999999999999778e-01,5.500000000000000444e-01,0.000000000000000000e+00,0.000000000000000000e+00,0.000000000000000000e+00,3.549999999999999822e+00,1.580000000000000071e+00,6.600000000000000311e-01,1.000000000000000056e-01,2.729999999999999982e+00,0.000000000000000000e+00,3.900000000000000133e-01,4.199999999999999845e-01,0.000000000000000000e+00,0.000000000000000000e+00,0.000000000000000000e+00,0.000000000000000000e+00,1.879999999999999893e+00,1.389999999999999902e+00,0.000000000000000000e+00,4.497999999999999687e+01,0.000000000000000000e+00,0.000000000000000000e+00,0.000000000000000000e+00,5.230000000000000426e+00,3.800000000000000044e-01,1.370000000000000107e+00,1.070000000000000062e+00,5.250000000000000000e+00,5.400000000000000355e+00,4.500000000000000111e-01,4.360000000000000320e+00,2.919999999999999929e+00,4.000000000000000222e-01,3.499999999999999778e-01,1.429999999999999938e+00,0.000000000000000000e+00,3.800000000000000044e-01,3.770000000000000018e+00,1.120000000000000107e+00,1.110000000000000098e+00,1.479999999999999982e+00,1.689999999999999947e+00,1.969999999999999973e+00,1.679999999999999938e+00,0.000000000000000000e+00,3.800000000000000044e-01,1.100000000000000089e+00,0.000000000000000000e+00,4.849999999999999645e+00,0.000000000000000000e+00,3.900000000000000133e-01,8.399999999999999689e-01,0.000000000000000000e+00,0.000000000000000000e+00,1.459999999999999964e+00,4.410000000000000142e+00,9.519999999999999574e+00,9.899999999999999911e-01,1.830000000000000071e+00,0.000000000000000000e+00,5.699999999999999512e-01,2.299999999999999822e+00,0.000000000000000000e+00,1.290000000000000036e+00,2.169999999999999929e+00,0.000000000000000000e+00,5.999999999999999778e-01,1.260000000000000009e+00,9.300000000000000488e-01,1.100000000000000089e+00,6.199999999999999956e-01,0.000000000000000000e+00,0.000000000000000000e+00,5.100000000000000089e-01,8.800000000000000044e-01,1.149999999999999911e+00,2.000000000000000042e-02,5.899999999999999689e-01,2.250000000000000000e+00,1.500000000000000000e+00,0.000000000000000000e+00,1.449999999999999956e+00,2.109999999999999876e+00,1.360000000000000098e+00,0.000000000000000000e+00,0.000000000000000000e+00,0.000000000000000000e+00,2.040000000000000036e+00,2.879999999999999893e+00,0.000000000000000000e+00,0.000000000000000000e+00,1.949999999999999956e+00,1.300000000000000044e+00,1.850000000000000089e+00,1.209999999999999964e+00,4.019999999999999574e+00,1.629999999999999893e+00,0.000000000000000000e+00,0.000000000000000000e+00,0.000000000000000000e+00,0.000000000000000000e+00,9.599999999999999645e-01,2.169999999999999929e+00,3.060000000000000053e+00,0.000000000000000000e+00,2.660000000000000142e+00,0.000000000000000000e+00,4.400000000000000022e-01,9.000000000000000222e-01,0.000000000000000000e+00,3.800000000000000044e-01,5.200000000000000178e-01,4.699999999999999734e-01,1.639999999999999902e+00,2.890000000000000124e+00,1.340000000000000080e+00,0.000000000000000000e+00,0.000000000000000000e+00,0.000000000000000000e+00,8.999999999999999667e-02,0.000000000000000000e+00,0.000000000000000000e+00,1.570000000000000062e+00,2.999999999999999889e-02,6.400000000000000133e-01,0.000000000000000000e+00,0.000000000000000000e+00,1.449999999999999956e+00,3.970000000000000195e+00,1.729999999999999982e+00,9.899999999999999911e-01,5.259999999999999787e+00,0.000000000000000000e+00,3.800000000000000044e-01,0.000000000000000000e+00,1.590000000000000080e+00,0.000000000000000000e+00,0.000000000000000000e+00,0.000000000000000000e+00,1.050000000000000044e+00,3.699999999999999956e-01,4.000000000000000083e-02,7.199999999999999734e-01,2.250000000000000000e+00,2.200000000000000178e+00,0.000000000000000000e+00,1.799999999999999933e-01,4.600000000000000200e-01,2.839999999999999858e+00,0.000000000000000000e+00,7.000000000000000666e-02,3.200000000000000067e-01,8.299999999999999600e-01,0.000000000000000000e+00,1.070000000000000062e+00,0.000000000000000000e+00,5.999999999999999778e-01,2.200000000000000011e-01,2.430000000000000160e+00,2.200000000000000178e+00,0.000000000000000000e+00,5.400000000000000355e-01,5.699999999999999512e-01,0.000000000000000000e+00
3.870000000000000107e+00,2.959999999999999964e+00,1.229999999999999982e+00,1.229999999999999982e+00,2.279999999999999805e+00,4.839999999999999858e+00,2.890000000000000124e+00,4.040000000000000036e+00,5.999999999999999778e-02,0.000000000000000000e+00,3.799999999999999822e+00,3.109999999999999876e+00,6.400000000000000355e+00,3.459999999999999964e+00,1.270000000000000018e+00,0.000000000000000000e+00,0.000000000000000000e+00,2.009999999999999787e+00,3.930000000000000160e+00,0.000000000000000000e+00,5.809999999999999609e+00,0.000000000000000000e+00,1.879999999999999893e+00,3.490000000000000213e+00,0.000000000000000000e+00,4.099999999999999645e+00,9.699999999999999734e-01,0.000000000000000000e+00,1.064000000000000057e+01,8.689999999999999503e+00,4.440000000000000391e+00,2.060000000000000053e+00,9.000000000000000222e-01,2.270000000000000018e+00,4.699999999999999734e-01,1.066999999999999993e+01,6.349999999999999645e+00,5.540000000000000036e+00,7.799999999999999822e+00,1.239000000000000057e+01,0.000000000000000000e+00,2.830000000000000071e+00,2.959999999999999964e+00,0.000000000000000000e+00,4.610000000000000320e+00,2.080000000000000071e+00,1.860000000000000098e+00,2.439999999999999947e+00,6.900000000000000355e+00,7.519999999999999574e+00,4.750000000000000000e+00,2.740000000000000213e+00,3.950000000000000178e+00,6.469999999999999751e+00,1.510000000000000009e+00,3.479999999999999982e+00,6.980000000000000426e+00,6.959999999999999964e+00,7.610000000000000320e+00,0.000000000000000000e+00,0.000000000000000000e+00,0.000000000000000000e+00,2.970000000000000195e+00,3.279999999999999805e+00,2.370000000000000107e+00,2.649999999999999911e+00,3.640000000000000124e+00,2.970000000000000195e+00,2.209999999999999964e+00,5.330000000000000071e+00,0.000000000000000000e+00,5.309999999999999609e+00,5.839999999999999858e+00,7.469999999999999751e+00,7.040000000000000036e+00,1.909999999999999920e+00,1.500000000000000000e+00,3.370000000000000107e+00,1.179999999999999938e+00,2.339999999999999858e+00,1.040000000000000036e+00,2.970000000000000195e+00,2.939999999999999947e+00,4.009999999999999787e+00,6.199999999999999956e-01,3.779999999999999805e+00,3.459999999999999964e+00,4.349999999999999645e+00,2.540000000000000036e+00,4.440000000000000391e+00,5.580000000000000071e+00,1.307000000000000028e+01,4.179999999999999716e+00,3.799999999999999822e+00,7.959999999999998010e+01,3.669999999999999929e+00,3.560000000000000053e+00,5.150000000000000355e+00,3.746000000000000085e+01,1.120000000000000107e+00,2.100000000000000089e+00,2.709999999999999964e+00,2.759999999999999787e+00,7.500000000000000000e-01,6.349999999999999645e+00,1.429999999999999938e+00,9.380000000000000782e+00,5.290000000000000036e+00,1.100000000000000089e+00,7.199999999999999734e-01,1.600000000000000033e-01,0.000000000000000000e+00,2.430000000000000160e+00,1.090000000000000080e+00,5.870000000000000107e+00,0.000000000000000000e+00,3.939999999999999947e+00,4.610000000000000320e+00,3.399999999999999911e+00,2.540000000000000036e+00,2.439999999999999947e+00,7.800000000000000266e-01,6.629999999999999893e+00,2.189999999999999947e+00,4.799999999999999822e+00,0.000000000000000000e+00,5.410000000000000142e+00,0.000000000000000000e+00,3.689999999999999947e+00,2.569999999999999840e+00,2.999999999999999889e-02,9.599999999999999645e-01,5.509999999999999787e+00,0.000000000000000000e+00,3.740000000000000213e+00,0.000000000000000000e+00,8.999999999999999667e-02,0.000000000000000000e+00,0.000000000000000000e+00,4.450000000000000178e+00,8.179999999999999716e+00,4.740000000000000213e+00,1.360000000000000098e+00,1.479999999999999982e+00,2.370000000000000107e+00,5.080000000000000071e+00,4.629999999999999893e+00,5.209999999999999964e+00,4.809999999999999609e+00,3.209999999999999964e+00,2.430000000000000160e+00,3.189999999999999947e+00,1.090000000000000080e+00,1.439999999999999947e+00,2.359999999999999876e+00,2.390000000000000124e+00,2.529999999999999805e+00,1.205000000000000071e+01,3.009999999999999787e+00,3.609999999999999876e+00,1.729999999999999982e+00,2.529999999999999805e+00,1.024000000000000021e+01,2.379999999999999893e+00,2.410000000000000142e+00,1.530000000000000027e+00,3.229999999999999982e+00,4.759999999999999787e+00,7.969999999999999751e+00,6.450000000000000178e+00,1.085999999999999943e+01,0.000000000000000000e+00,0.000000000000000000e+00,4.509999999999999787e+00,5.519999999999999574e+00,4.830000000000000071e+00,2.430000000000000160e+00,8.699999999999999956e-01,2.660000000000000142e+00,7.610000000000000320e+00,3.790000000000000036e+00,7.299999999999999822e-01,4.179999999999999716e+00,9.399999999999999467e-01,6.669999999999999929e+00,8.910000000000000142e+00,0.000000000000000000e+00,1.469999999999999973e+00,2.099999999999999922e-01,9.499999999999999556e-01
0.000000000000000000e+00,0.000000000000000000e+00,0.000000000000000000e+00,1.860000000000000098e+00,0.000000000000000000e+00,0.000000000000000000e+00,0.000000000000000000e+00,4.224999999999999645e+00,0.000000000000000000e+00,0.000000000000000000e+00,0.000000000000000000e+00,0.000000000000000000e+00,0.000000000000000000e+00,0.000000000000000000e+00,3.694999999999999840e+00,1.049999999999999961e-01,3.285000000000000142e+00,7.000000000000000666e-02,0.000000000000000000e+00,0.000000000000000000e+00,1.084999999999999964e+00,0.000000000000000000e+00,3.134999999999999787e+00,1.050000000000000044e+00,2.790000000000000036e+00,0.000000000000000000e+00,2.819999999999999840e+00,6.634999999999999787e+00,2.849999999999999756e-01,5.919999999999999929e+00,1.854999999999999982e+00,1.199999999999999956e+00,4.830000000000000071e+00,5.160000000000000142e+00,0.000000000000000000e+00,3.089999999999999858e+00,3.930000000000000160e+00,0.000000000000000000e+00,2.055000000000000160e+00,0.000000000000000000e+00,0.000000000000000000e+00,0.000000000000000000e+00,6.450000000000000178e-01,4.355000000000000426e+00,3.899999999999999911e+00,2.370000000000000107e+00,0.000000000000000000e+00,1.900000000000000022e-01,1.449999999999999956e+00,0.000000000000000000e+00,2.294999999999999929e+00,0.000000000000000000e+00,0.000000000000000000e+00,0.000000000000000000e+00,0.000000000000000000e+00,2.834999999999999964e+00,0.000000000000000000e+00,0.000000000000000000e+00,8.900000000000000355e+00,0.000000000000000000e+00,0.000000000000000000e+00,0.000000000000000000e+00,4.745000000000000107e+00,5.105000000000000426e+00,5.160000000000000142e+00,5.400000000000000355e-01,4.549999999999999822e+00,3.950000000000000178e-01,0.000000000000000000e+00,3.899999999999999911e+00,0.000000000000000000e+00,1.800000000000000044e+00,0.000000000000000000e+00,1.064999999999999947e+00,0.000000000000000000e+00,6.999999999999999556e-01,0.000000000000000000e+00,6.610000000000000320e+00,2.595000000000000195e+00,4.459999999999999964e+00,0.000000000000000000e+00,7.325000000000000178e+00,1.981500000000000128e+01,3.015000000000000124e+00,3.499999999999999778e-01,0.000000000000000000e+00,0.000000000000000000e+00,8.549999999999999822e-01,8.449999999999999734e-01,0.000000000000000000e+00,9.549999999999999600e-01,0.000000000000000000e+00,1.665000000000000036e+00,8.850000000000000089e-01,0.000000000000000000e+00,0.000000000000000000e+00,0.000000000000000000e+00,3.000000000000000000e+00,0.000000000000000000e+00,3.439999999999999947e+00,1.540000000000000036e+00,2.075000000000000178e+00,0.000000000000000000e+00,4.099999999999999756e-01,1.945000000000000062e+00,4.134999999999999787e+00,2.569999999999999840e+00,0.000000000000000000e+00,6.254999999999999893e+00,7.150000000000000355e+00,5.084999999999999964e+00,3.790000000000000036e+00,1.600000000000000033e-01,5.014999999999999680e+00,3.799999999999999822e+00,2.650000000000000133e-01,0.000000000000000000e+00,0.000000000000000000e+00,3.040000000000000036e+00,3.214999999999999858e+00,0.000000000000000000e+00,5.724999999999999645e+00,0.000000000000000000e+00,0.000000000000000000e+00,3.694999999999999840e+00,1.554999999999999938e+00,0.000000000000000000e+00,1.510000000000000009e+00,1.350000000000000089e-01,0.000000000000000000e+00,2.805000000000000160e+00,0.000000000000000000e+00,6.375000000000000000e+00,1.689999999999999947e+00,0.000000000000000000e+00,1.821999999999999886e+01,2.949999999999999845e-01,8.549999999999999822e-01,2.899999999999999800e-01,9.799999999999999822e-01,8.349999999999999645e-01,3.919999999999999929e+00,8.050000000000000488e-01,0.000000000000000000e+00,0.000000000000000000e+00,0.000000000000000000e+00,1.014999999999999902e+00,3.660000000000000142e+00,1.955000000000000071e+00,0.000000000000000000e+00,1.649999999999999911e+00,2.455000000000000071e+00,1.500000000000000000e+00,0.000000000000000000e+00,3.125000000000000000e+00,1.590000000000000080e+00,2.849999999999999756e-01,2.984999999999999876e+00,7.349999999999999867e-01,3.839999999999999858e+00,2.349999999999999867e-01,1.034999999999999920e+00,1.110000000000000098e+00,6.350000000000000089e-01,2.444999999999999840e+00,1.254999999999999893e+00,2.055000000000000160e+00,2.410000000000000142e+00,6.199999999999999956e-01,3.470000000000000195e+00,0.000000000000000000e+00,0.000000000000000000e+00,0.000000000000000000e+00,0.000000000000000000e+00,7.099999999999999645e-01,7.349999999999999867e-01,0.000000000000000000e+00,0.000000000000000000e+00,0.000000000000000000e+00,1.235000000000000098e+00,0.000000000000000000e+00,0.000000000000000000e+00,0.000000000000000000e+00,2.484999999999999876e+00,0.000000000000000000e+00,1.854999999999999982e+00,2.770000000000000018e+00,4.879999999999999893e+00,0.000000000000000000e+00,0.000000000000000000e+00
8.070000000000000284e+00,5.940000000000000391e+00,1.189999999999999947e+00,2.080000000000000071e+00,1.570000000000000062e+00,3.629999999999999893e+00,4.400000000000000355e+00,6.240000000000000213e+00,3.669999999999999929e+00,0.000000000000000000e+00,3.129999999999999893e+00,0.000000000000000000e+00,5.650000000000000355e+00,2.529999999999999805e+00,2.000000000000000000e+00,3.020000000000000018e+00,5.400000000000000355e-01,4.980000000000000426e+00,4.959999999999999964e+00,2.000000000000000042e-02,2.700000000000000178e-01,9.100000000000000311e-01,2.099999999999999922e-01,1.489999999999999991e+00,1.689999999999999947e+00,2.890000000000000124e+00,6.899999999999999467e-01,0.000000000000000000e+00,3.359999999999999876e+00,3.250000000000000000e+00,6.969999999999999751e+00,1.739999999999999991e+00,1.939999999999999947e+00,3.569999999999999840e+00,3.919999999999999929e+00,9.480000000000000426e+00,4.269999999999999574e+00,3.009999999999999787e+00,3.669999999999999929e+00,4.309999999999999609e+00,2.189999999999999947e+00,2.680000000000000160e+00,1.820000000000000062e+00,3.300000000000000155e-01,2.620000000000000107e+00,3.689999999999999947e+00,2.779999999999999805e+00,6.059999999999999609e+00,9.839999999999999858e+00,1.218999999999999950e+01,5.719999999999999751e+00,4.580000000000000071e+00,4.500000000000000111e-01,1.158999999999999986e+01,2.200000000000000178e+00,3.600000000000000089e+00,5.910000000000000142e+00,5.490000000000000213e+00,6.259999999999999787e+00,4.000000000000000083e-02,3.430000000000000160e+00,9.399999999999999467e-01,3.250000000000000000e+00,1.469999999999999973e+00,2.250000000000000000e+00,2.250000000000000000e+00,2.999999999999999889e-02,2.149999999999999911e+00,2.209999999999999964e+00,9.199999999999999289e+00,2.300000000000000100e-01,1.560000000000000053e+00,5.290000000000000036e+00,4.910000000000000142e+00,3.330000000000000071e+00,4.429999999999999716e+00,0.000000000000000000e+00,1.590000000000000080e+00,3.549999999999999822e+00,2.169999999999999929e+00,0.000000000000000000e+00,7.669999999999999929e+00,1.308999999999999986e+01,4.570000000000000284e+00,4.190000000000000391e+00,3.450000000000000178e+00,6.030000000000000249e+00,5.120000000000000107e+00,1.149999999999999911e+00,5.209999999999999964e+00,5.490000000000000213e+00,4.129999999999999893e+00,6.300000000000000044e-01,3.049999999999999822e+00,4.429999999999999716e+00,3.560000000000000053e+00,2.149999999999999911e+00,1.949999999999999956e+00,3.910000000000000142e+00,1.169999999999999929e+00,4.660000000000000142e+00,1.800000000000000044e+00,4.599999999999999645e+00,1.750000000000000000e+00,6.019999999999999574e+00,7.500000000000000000e-01,1.166999999999999993e+01,5.769999999999999574e+00,2.649999999999999911e+00,4.099999999999999756e-01,0.000000000000000000e+00,0.000000000000000000e+00,3.109999999999999876e+00,2.169999999999999929e+00,5.759999999999999787e+00,2.180000000000000160e+00,3.259999999999999787e+00,5.120000000000000107e+00,3.270000000000000018e+00,3.160000000000000142e+00,4.370000000000000107e+00,3.720000000000000195e+00,3.250000000000000000e+00,2.609999999999999876e+00,4.790000000000000036e+00,3.790000000000000036e+00,1.770000000000000018e+00,8.299999999999999600e-01,9.570000000000000284e+00,4.870000000000000107e+00,3.180000000000000160e+00,2.770000000000000018e+00,5.910000000000000142e+00,0.000000000000000000e+00,3.359999999999999876e+00,1.520000000000000018e+00,7.800000000000000266e-01,7.199999999999999734e-01,0.000000000000000000e+00,3.560000000000000053e+00,2.089999999999999858e+00,1.989999999999999991e+00,1.270000000000000018e+00,2.099999999999999922e-01,1.489999999999999991e+00,4.389999999999999680e+00,4.750000000000000000e+00,5.740000000000000213e+00,1.899999999999999911e+00,2.689999999999999947e+00,1.550000000000000044e+00,1.197000000000000064e+01,4.490000000000000213e+00,0.000000000000000000e+00,4.719999999999999751e+00,1.429999999999999938e+00,3.740000000000000213e+00,6.839999999999999858e+00,1.379999999999999893e+00,2.720000000000000195e+00,7.900000000000000355e-01,1.010000000000000009e+00,4.120000000000000107e+00,1.530000000000000027e+00,2.089999999999999858e+00,3.649999999999999911e+00,1.370000000000000107e+00,3.279999999999999805e+00,9.000000000000000000e+00,8.759999999999999787e+00,0.000000000000000000e+00,4.299999999999999933e-01,0.000000000000000000e+00,1.229999999999999982e+00,6.009999999999999787e+00,8.490000000000000213e+00,6.589999999999999858e+00,0.000000000000000000e+00,2.359999999999999876e+00,7.610000000000000320e+00,2.479999999999999982e+00,1.719999999999999973e+00,3.189999999999999947e+00,6.999999999999999556e-01,7.410000000000000142e+00,6.419999999999999929e+00,0.000000000000000000e+00,3.250000000000000000e+00,1.580000000000000071e+00,1.399999999999999911e+00
1.419999999999999929e+00,3.939999999999999947e+00,5.999999999999999778e-02,3.499999999999999778e-01,1.010000000000000009e+00,4.400000000000000022e-01,1.939999999999999947e+00,0.000000000000000000e+00,6.099999999999999867e-01,0.000000000000000000e+00,9.200000000000000400e-01,0.000000000000000000e+00,2.839999999999999858e+00,5.899999999999999689e-01,1.689999999999999947e+00,0.000000000000000000e+00,8.699999999999999956e-01,3.850000000000000089e+00,4.299999999999999933e-01,1.159999999999999920e+00,1.080000000000000071e+00,1.989999999999999991e+00,7.399999999999999911e-01,2.049999999999999822e+00,7.800000000000000266e-01,1.370000000000000107e+00,4.600000000000000200e-01,0.000000000000000000e+00,2.200000000000000011e-01,0.000000000000000000e+00,2.859999999999999876e+00,2.399999999999999911e-01,6.300000000000000044e-01,0.000000000000000000e+00,0.000000000000000000e+00,1.367999999999999972e+01,1.479999999999999982e+00,1.649999999999999911e+00,6.999999999999999556e-01,7.199999999999999734e-01,1.010000000000000009e+00,1.719999999999999973e+00,9.899999999999999911e-01,2.999999999999999889e-02,7.600000000000000089e-01,3.049999999999999822e+00,0.000000000000000000e+00,3.939999999999999947e+00,5.139999999999999680e+00,5.200000000000000178e+00,4.480000000000000426e+00,1.729999999999999982e+00,1.520000000000000018e+00,1.083999999999999986e+01,1.500000000000000000e+00,5.699999999999999512e-01,3.290000000000000036e+00,0.000000000000000000e+00,5.679999999999999716e+00,8.399999999999999689e-01,0.000000000000000000e+00,1.979999999999999982e+00,0.000000000000000000e+00,0.000000000000000000e+00,4.199999999999999845e-01,5.200000000000000178e-01,7.500000000000000000e-01,1.020000000000000018e+00,1.330000000000000071e+00,1.959999999999999964e+00,0.000000000000000000e+00,5.999999999999999778e-01,5.100000000000000089e-01,2.310000000000000053e+00,1.919999999999999929e+00,0.000000000000000000e+00,2.689999999999999947e+00,1.100000000000000089e+00,8.699999999999999956e-01,3.599999999999999867e-01,0.000000000000000000e+00,3.839999999999999858e+00,1.229999999999999982e+00,1.239999999999999991e+00,1.659999999999999920e+00,1.270000000000000018e+00,6.400000000000000133e-01,1.229999999999999982e+00,2.330000000000000071e+00,5.519999999999999574e+00,8.299999999999999600e-01,7.330000000000000071e+00,1.659999999999999920e+00,0.000000000000000000e+00,4.140999999999999659e+01,1.330000000000000071e+00,4.299999999999999822e+00,2.200000000000000011e-01,1.435999999999999943e+01,1.000000000000000021e-02,1.760000000000000009e+00,0.000000000000000000e+00,1.000000000000000000e+00,1.100000000000000006e-01,3.069999999999999840e+00,1.479999999999999982e+00,0.000000000000000000e+00,4.740000000000000213e+00,3.099999999999999978e-01,0.000000000000000000e+00,3.620000000000000107e+00,0.000000000000000000e+00,3.060000000000000053e+00,1.979999999999999982e+00,1.199999999999999956e+00,3.699999999999999956e-01,3.720000000000000195e+00,5.490000000000000213e+00,2.299999999999999822e+00,3.800000000000000044e-01,0.000000000000000000e+00,0.000000000000000000e+00,3.290000000000000036e+00,0.000000000000000000e+00,1.290000000000000036e+00,4.750000000000000000e+00,0.000000000000000000e+00,0.000000000000000000e+00,1.929999999999999938e+00,5.799999999999999600e-01,8.199999999999999512e-01,2.419999999999999929e+00,2.800000000000000266e-01,0.000000000000000000e+00,1.400000000000000133e-01,3.200000000000000067e-01,0.000000000000000000e+00,0.000000000000000000e+00,0.000000000000000000e+00,1.110000000000000098e+00,1.389999999999999902e+00,2.549999999999999822e+00,7.500000000000000000e-01,8.609999999999999432e+00,0.000000000000000000e+00,1.780000000000000027e+00,1.929999999999999938e+00,3.069999999999999840e+00,3.890000000000000124e+00,2.399999999999999911e+00,1.409999999999999920e+00,3.990000000000000213e+00,0.000000000000000000e+00,0.000000000000000000e+00,1.590000000000000080e+00,5.049999999999999822e+00,5.660000000000000142e+00,1.350000000000000089e+00,1.479999999999999982e+00,6.700000000000000400e-01,1.870000000000000107e+00,5.059999999999999609e+00,4.620000000000000107e+00,1.100000000000000089e+00,1.209999999999999964e+00,1.900000000000000022e-01,3.790000000000000036e+00,3.250000000000000000e+00,1.080000000000000071e+00,0.000000000000000000e+00,0.000000000000000000e+00,0.000000000000000000e+00,0.000000000000000000e+00,0.000000000000000000e+00,2.069999999999999840e+00,8.999999999999999667e-02,1.000000000000000021e-02,2.259999999999999787e+00,2.660000000000000142e+00,1.219999999999999973e+00,3.200000000000000178e+00,1.600000000000000033e-01,1.120000000000000107e+00,0.000000000000000000e+00,1.739999999999999991e+00,2.390000000000000124e+00,8.000000000000000444e-01,2.200000000000000011e-01,1.799999999999999933e-01,7.299999999999999822e-01
2.910000000000000142e+00,3.879999999999999893e+00,5.000000000000000000e-01,1.739999999999999991e+00,1.330000000000000071e+00,2.919999999999999929e+00,2.419999999999999929e+00,1.030000000000000027e+00,1.030000000000000027e+00,0.000000000000000000e+00,1.280000000000000027e+00,3.609999999999999876e+00,4.290000000000000036e+00,2.229999999999999982e+00,1.179999999999999938e+00,0.000000000000000000e+00,1.080000000000000071e+00,1.290000000000000036e+00,2.339999999999999858e+00,2.049999999999999822e+00,0.000000000000000000e+00,9.300000000000000488e-01,1.070000000000000062e+00,4.980000000000000426e+00,2.560000000000000053e+00,3.819999999999999840e+00,1.300000000000000044e+00,0.000000000000000000e+00,7.169999999999999929e+00,6.179999999999999716e+00,5.480000000000000426e+00,1.290000000000000036e+00,6.300000000000000044e-01,8.499999999999999778e-01,5.999999999999999778e-02,0.000000000000000000e+00,2.729999999999999982e+00,2.200000000000000178e+00,2.060000000000000053e+00,8.890000000000002345e+00,2.300000000000000100e-01,2.549999999999999822e+00,1.070000000000000062e+00,4.699999999999999734e-01,1.860000000000000098e+00,2.100000000000000089e+00,0.000000000000000000e+00,2.049999999999999822e+00,6.919999999999999929e+00,5.230000000000000426e+00,5.389999999999999680e+00,3.790000000000000036e+00,1.649999999999999911e+00,6.370000000000000107e+00,2.879999999999999893e+00,2.200000000000000178e+00,2.200000000000000011e-01,1.679999999999999938e+00,5.839999999999999858e+00,0.000000000000000000e+00,1.530000000000000027e+00,0.000000000000000000e+00,2.279999999999999805e+00,7.000000000000000666e-02,2.640000000000000124e+00,2.069999999999999840e+00,3.580000000000000071e+00,5.509999999999999787e+00,3.720000000000000195e+00,4.790000000000000036e+00,0.000000000000000000e+00,1.590000000000000080e+00,3.310000000000000053e+00,4.910000000000000142e+00,5.969999999999999751e+00,8.100000000000000533e-01,2.640000000000000124e+00,1.770000000000000018e+00,3.979999999999999982e+00,1.620000000000000107e+00,0.000000000000000000e+00,6.330000000000000071e+00,2.709999999999999964e+00,2.979999999999999982e+00,1.350000000000000089e+00,2.580000000000000071e+00,4.910000000000000142e+00,3.759999999999999787e+00,1.919999999999999929e+00,3.890000000000000124e+00,2.020000000000000018e+00,7.800000000000000266e-01,2.379999999999999893e+00,2.160000000000000142e+00,2.970000000000000195e+00,0.000000000000000000e+00,6.070000000000000284e+00,4.070000000000000284e+00,8.240000000000000213e+00,7.199999999999999734e-01,3.259999999999999787e+00,6.400000000000000133e-01,2.500000000000000000e+00,2.490000000000000213e+00,4.200000000000000178e+00,8.599999999999999867e-01,3.609999999999999876e+00,5.150000000000000355e+00,1.489999999999999991e+00,1.090000000000000080e+00,1.520000000000000018e+00,0.000000000000000000e+00,3.620000000000000107e+00,1.189999999999999947e+00,3.930000000000000160e+00,3.319999999999999840e+00,5.780000000000000249e+00,5.959999999999999964e+00,3.350000000000000089e+00,2.029999999999999805e+00,2.330000000000000071e+00,1.580000000000000071e+00,5.019999999999999574e+00,1.199999999999999956e-01,2.520000000000000018e+00,7.759999999999999787e+00,0.000000000000000000e+00,0.000000000000000000e+00,6.559999999999999609e+00,3.169999999999999929e+00,1.520000000000000018e+00,8.320000000000000284e+00,2.740000000000000213e+00,0.000000000000000000e+00,1.580000000000000071e+00,2.319999999999999840e+00,5.100000000000000089e-01,0.000000000000000000e+00,0.000000000000000000e+00,3.770000000000000018e+00,3.830000000000000071e+00,1.590000000000000080e+00,2.600000000000000089e-01,1.239999999999999991e+00,2.479999999999999982e+00,4.230000000000000426e+00,2.169999999999999929e+00,4.610000000000000320e+00,3.399999999999999911e+00,1.510000000000000009e+00,2.339999999999999858e+00,2.950000000000000178e+00,3.399999999999999911e+00,0.000000000000000000e+00,5.349999999999999645e+00,9.799999999999999822e-01,1.810000000000000053e+00,3.200000000000000178e+00,1.909999999999999920e+00,2.549999999999999822e+00,1.010000000000000009e+00,1.949999999999999956e+00,7.780000000000000249e+00,1.139999999999999902e+00,1.139999999999999902e+00,3.759999999999999787e+00,1.090000000000000080e+00,1.649999999999999911e+00,7.259999999999999787e+00,2.470000000000000195e+00,1.230000000000000071e+01,0.000000000000000000e+00,0.000000000000000000e+00,0.000000000000000000e+00,3.839999999999999858e+00,2.390000000000000124e+00,3.399999999999999911e+00,0.000000000000000000e+00,1.199999999999999956e-01,2.310000000000000053e+00,2.339999999999999858e+00,1.199999999999999956e-01,3.390000000000000124e+00,8.800000000000000044e-01,1.189000000000000057e+01,2.339999999999999858e+00,0.000000000000000000e+00,2.979999999999999982e+00,3.080000000000000071e+00,2.189999999999999947e+00
5.290000000000000036e+00,3.750000000000000000e+00,0.000000000000000000e+00,5.600000000000000533e-01,2.419999999999999929e+00,2.049999999999999822e+00,2.759999999999999787e+00,0.000000000000000000e+00,2.999999999999999889e-01,0.000000000000000000e+00,1.310000000000000053e+00,3.000000000000000000e+00,1.469999999999999973e+00,2.200000000000000011e-01,2.169999999999999929e+00,0.000000000000000000e+00,5.600000000000000533e-01,0.000000000000000000e+00,8.000000000000000167e-02,1.139999999999999902e+00,3.400000000000000244e-01,8.699999999999999956e-01,2.999999999999999889e-01,5.699999999999999512e-01,8.499999999999999778e-01,0.000000000000000000e+00,0.000000000000000000e+00,0.000000000000000000e+00,2.240000000000000213e+00,0.000000000000000000e+00,2.069999999999999840e+00,0.000000000000000000e+00,3.699999999999999956e-01,2.379999999999999893e+00,0.000000000000000000e+00,1.850000000000000089e+00,4.000000000000000222e-01,5.500000000000000444e-01,8.000000000000000167e-02,6.500000000000000222e-01,0.000000000000000000e+00,5.699999999999999512e-01,1.270000000000000018e+00,0.000000000000000000e+00,1.000000000000000056e-01,0.000000000000000000e+00,0.000000000000000000e+00,5.999999999999999778e-01,3.450000000000000178e+00,1.550000000000000044e+00,2.709999999999999964e+00,0.000000000000000000e+00,1.419999999999999929e+00,2.270000000000000018e+00,4.000000000000000083e-02,4.500000000000000111e-01,0.000000000000000000e+00,6.199999999999999956e-01,1.610000000000000098e+00,3.490000000000000213e+00,2.060000000000000053e+00,3.330000000000000071e+00,0.000000000000000000e+00,4.900000000000000355e+00,1.550000000000000044e+00,6.400000000000000133e-01,4.600000000000000200e-01,3.900000000000000133e-01,0.000000000000000000e+00,5.699999999999999512e-01,0.000000000000000000e+00,1.270000000000000018e+00,8.699999999999999956e-01,6.199999999999999956e-01,0.000000000000000000e+00,0.000000000000000000e+00,1.850000000000000089e+00,3.800000000000000044e-01,0.000000000000000000e+00,0.000000000000000000e+00,6.500000000000000222e-01,6.132999999999999829e+01,0.000000000000000000e+00,4.500000000000000111e-01,1.669999999999999929e+00,6.199999999999999956e-01,8.900000000000000133e-01,1.750000000000000000e+00,1.719999999999999973e+00,5.330000000000000071e+00,3.900000000000000133e-01,0.000000000000000000e+00,8.399999999999999689e-01,1.229999999999999982e+00,2.509999999999999787e+00,3.129999999999999893e+00,1.260000000000000009e+00,6.099999999999999867e-01,5.799999999999999600e-01,8.000000000000000167e-02,1.000000000000000000e+00,0.000000000000000000e+00,0.000000000000000000e+00,0.000000000000000000e+00,1.010000000000000009e+00,0.000000000000000000e+00,2.890000000000000124e+00,4.049999999999999822e+00,4.400000000000000022e-01,2.000000000000000111e-01,3.700000000000000178e+00,0.000000000000000000e+00,6.400000000000000133e-01,2.069999999999999840e+00,1.590000000000000080e+00,1.750000000000000000e+00,2.979999999999999982e+00,1.600000000000000089e+00,0.000000000000000000e+00,0.000000000000000000e+00,2.200000000000000011e-01,7.800000000000000266e-01,0.000000000000000000e+00,0.000000000000000000e+00,5.500000000000000444e-01,0.000000000000000000e+00,0.000000000000000000e+00,0.000000000000000000e+00,1.066999999999999993e+01,2.419999999999999929e+00,1.020000000000000018e+00,1.189999999999999947e+00,0.000000000000000000e+00,1.570000000000000062e+00,0.000000000000000000e+00,0.000000000000000000e+00,0.000000000000000000e+00,2.200000000000000011e-01,0.000000000000000000e+00,5.300000000000000266e-01,8.499999999999999778e-01,1.120000000000000107e+00,1.900000000000000022e-01,1.700000000000000122e-01,0.000000000000000000e+00,2.770000000000000018e+00,5.629999999999999893e+00,2.200000000000000178e+00,1.360000000000000098e+00,9.399999999999999467e-01,9.100000000000000311e-01,0.000000000000000000e+00,2.999999999999999889e-01,0.000000000000000000e+00,1.649999999999999911e+00,4.799999999999999822e-01,7.199999999999999734e-01,1.260000000000000009e+00,0.000000000000000000e+00,2.899999999999999800e-01,1.159999999999999920e+00,1.840000000000000080e+00,7.900000000000000355e-01,9.799999999999999822e-01,5.500000000000000444e-01,8.599999999999999867e-01,2.300000000000000100e-01,7.800000000000000266e-01,0.000000000000000000e+00,3.180000000000000160e+00,2.629999999999999893e+00,2.999999999999999889e-02,0.000000000000000000e+00,0.000000000000000000e+00,3.359999999999999876e+00,0.000000000000000000e+00,0.000000000000000000e+00,1.270000000000000018e+00,0.000000000000000000e+00,7.600000000000000089e-01,1.199999999999999956e+00,0.000000000000000000e+00,8.000000000000000444e-01,0.000000000000000000e+00,2.509999999999999787e+00,1.270000000000000018e+00,0.000000000000000000e+00,2.700000000000000178e-01,1.949999999999999956e+00,3.209999999999999964e+00
5.379999999999999893e+00,4.019999999999999574e+00,1.199999999999999956e-01,1.270000000000000018e+00,7.299999999999999822e-01,6.807999999999999829e+01,3.470000000000000195e+00,4.820000000000000284e+00,6.999999999999999556e-01,2.709999999999999964e+00,2.919999999999999929e+00,2.189999999999999947e+00,6.099999999999999645e+00,0.000000000000000000e+00,1.719999999999999973e+00,0.000000000000000000e+00,0.000000000000000000e+00,3.990000000000000213e+00,3.259999999999999787e+00,0.000000000000000000e+00,0.000000000000000000e+00,0.000000000000000000e+00,1.300000000000000044e+00,1.989999999999999991e+00,4.480000000000000426e+00,2.629999999999999893e+00,1.709999999999999964e+00,5.009999999999999787e+00,1.969999999999999973e+00,4.990000000000000213e+00,4.179999999999999716e+00,5.610000000000000320e+00,3.729999999999999982e+00,2.819999999999999840e+00,5.059999999999999609e+00,6.820000000000000284e+00,3.560000000000000053e+00,2.680000000000000160e+00,1.830000000000000071e+00,3.879999999999999893e+00,9.100000000000000311e-01,1.679999999999999938e+00,5.549999999999999822e+00,5.540000000000000036e+00,2.879999999999999893e+00,1.499999999999999944e-01,6.500000000000000222e-01,2.979999999999999982e+00,8.470000000000000639e+00,9.960000000000000853e+00,3.689999999999999947e+00,2.819999999999999840e+00,3.720000000000000195e+00,1.172000000000000064e+01,3.254999999999999716e+01,1.850000000000000000e+01,2.189999999999999947e+00,7.299999999999999822e+00,4.650000000000000355e+00,0.000000000000000000e+00,4.759999999999999787e+00,1.379999999999999893e+00,4.000000000000000222e-01,2.540000000000000036e+00,4.040000000000000036e+00,0.000000000000000000e+00,6.589999999999999858e+00,5.000000000000000000e+00,3.950000000000000178e+00,4.599999999999999645e+00,4.969999999999999751e+00,6.570999999999999375e+01,6.660000000000000142e+00,5.219999999999999751e+00,8.256000000000000227e+01,2.214000000000000057e+01,2.040000000000000036e+00,1.350000000000000089e+00,4.169999999999999929e+00,6.660000000000000142e+00,0.000000000000000000e+00,4.669999999999999929e+00,2.859999999999999876e+00,1.919999999999999929e+00,6.610000000000000320e+00,6.642000000000000171e+01,4.910000000000000142e+00,4.860000000000000320e+00,9.100000000000000311e-01,7.429999999999999716e+00,5.179999999999999716e+00,3.149999999999999911e+00,9.499999999999999556e-01,4.969999999999999751e+00,6.330000000000000071e+00,5.830000000000000071e+00,2.644999999999999929e+01,2.140000000000000124e+00,4.389999999999999680e+00,1.350000000000000089e+00,3.189999999999999947e+00,1.110000000000000098e+00,4.950000000000000178e+00,1.879999999999999893e+00,2.859999999999999876e+00,1.010000000000000009e+00,9.650000000000000355e+00,4.849999999999999645e+00,3.100000000000000089e+00,1.570000000000000062e+00,3.599999999999999867e-01,0.000000000000000000e+00,4.219999999999999751e+00,2.080000000000000071e+00,5.219999999999999751e+00,2.609999999999999876e+00,3.580000000000000071e+00,9.890000000000000568e+00,4.690000000000000391e+00,3.779999999999999805e+00,2.640000000000000124e+00,5.299999999999999822e+00,6.190000000000000391e+00,1.310000000000000053e+00,4.370000000000000107e+00,2.200000000000000011e-01,3.700000000000000178e+00,6.500000000000000222e-01,1.130000000000000071e+01,7.620000000000000107e+00,2.240000000000000213e+00,8.070000000000000284e+00,6.179999999999999716e+00,2.439999999999999947e+00,2.859999999999999876e+00,0.000000000000000000e+00,0.000000000000000000e+00,1.000000000000000021e-02,1.000000000000000000e+00,6.280000000000000249e+00,4.799999999999999822e-01,1.489999999999999991e+00,1.379999999999999893e+00,0.000000000000000000e+00,1.770000000000000018e+00,3.890000000000000124e+00,3.649999999999999911e+00,4.610000000000000320e+00,1.600000000000000089e+00,1.770000000000000018e+00,1.229999999999999982e+00,9.062999999999999545e+01,4.629999999999999893e+00,1.760000000000000009e+00,4.879999999999999893e+00,4.099999999999999756e-01,2.049999999999999822e+00,1.380000000000000071e+01,4.059999999999999609e+00,9.899999999999999911e-01,2.180000000000000160e+00,4.799999999999999822e-01,2.890000000000000124e+00,2.169999999999999929e+00,1.219999999999999973e+00,4.099999999999999756e-01,2.000000000000000111e-01,3.600000000000000089e+00,2.770000000000000018e+00,5.269999999999999574e+00,0.000000000000000000e+00,0.000000000000000000e+00,0.000000000000000000e+00,0.000000000000000000e+00,5.690000000000000391e+00,5.030000000000000249e+00,5.230000000000000426e+00,0.000000000000000000e+00,4.450000000000000178e+00,4.019999999999999574e+00,2.040000000000000036e+00,1.909999999999999920e+00,2.108999999999999986e+01,9.880000000000000782e+00,6.232999999999999829e+01,1.979999999999999982e+00,0.000000000000000000e+00,2.729999999999999982e+00,1.689999999999999947e+00,2.689999999999999947e+00
3.120000000000000107e+00,2.169999999999999929e+00,6.600000000000000311e-01,1.229999999999999982e+00,6.999999999999999556e-01,1.909999999999999920e+00,7.900000000000000355e-01,2.910000000000000142e+00,0.000000000000000000e+00,0.000000000000000000e+00,2.160000000000000142e+00,2.060000000000000053e+00,3.720000000000000195e+00,1.389999999999999902e+00,9.100000000000000311e-01,0.000000000000000000e+00,0.000000000000000000e+00,9.399999999999999467e-01,3.100000000000000089e+00,0.000000000000000000e+00,1.919999999999999929e+00,0.000000000000000000e+00,0.000000000000000000e+00,1.000000000000000000e+00,0.000000000000000000e+00,1.649999999999999911e+00,1.199999999999999956e-01,0.000000000000000000e+00,8.009999999999999787e+00,6.610000000000000320e+00,7.040000000000000036e+00,1.770000000000000018e+00,6.899999999999999467e-01,4.699999999999999734e-01,0.000000000000000000e+00,2.270000000000000018e+00,2.299999999999999822e+00,2.399999999999999911e+00,3.270000000000000018e+00,1.060999999999999943e+01,0.000000000000000000e+00,1.090000000000000080e+00,2.859999999999999876e+00,0.000000000000000000e+00,2.229999999999999982e+00,5.940000000000000391e+00,0.000000000000000000e+00,2.549999999999999822e+00,5.150000000000000355e+00,2.729999999999999982e+00,2.600000000000000089e-01,1.989999999999999991e+00,2.240000000000000213e+00,5.769999999999999574e+00,2.990000000000000213e+00,2.250000000000000000e+00,3.720000000000000195e+00,9.769999999999999574e+00,4.559999999999999609e+00,2.779999999999999805e+00,3.300000000000000155e-01,2.169999999999999929e+00,3.029999999999999805e+00,7.399999999999999911e-01,2.419999999999999929e+00,1.219999999999999973e+00,1.550000000000000044e+00,3.500000000000000000e+00,2.649999999999999911e+00,2.709999999999999964e+00,0.000000000000000000e+00,5.699999999999999512e-01,5.480000000000000426e+00,2.879999999999999893e+00,4.780000000000000249e+00,0.000000000000000000e+00,6.800000000000000488e-01,1.409999999999999920e+00,1.700000000000000122e-01,1.750000000000000000e+00,0.000000000000000000e+00,1.669999999999999929e+00,3.859999999999999876e+00,2.580000000000000071e+00,1.419999999999999929e+00,2.810000000000000053e+00,2.720000000000000195e+00,2.790000000000000036e+00,1.000000000000000000e+00,3.330000000000000071e+00,4.150000000000000355e+00,1.389999999999999902e+00,2.770000000000000018e+00,3.390000000000000124e+00,4.950000000000000178e+00,2.419999999999999929e+00,1.820000000000000062e+00,4.469999999999999751e+00,7.549999999999999822e+00,5.300000000000000266e-01,2.140000000000000124e+00,2.350000000000000089e+00,1.729999999999999982e+00,6.099999999999999867e-01,4.190000000000000391e+00,7.399999999999999911e-01,3.930000000000000160e+00,4.690000000000000391e+00,6.300000000000000044e-01,0.000000000000000000e+00,1.889999999999999902e+00,0.000000000000000000e+00,2.799999999999999822e+00,1.090000000000000080e+00,4.190000000000000391e+00,3.410000000000000142e+00,3.410000000000000142e+00,5.370000000000000107e+00,1.969999999999999973e+00,2.220000000000000195e+00,2.529999999999999805e+00,1.199999999999999956e+00,3.680000000000000160e+00,1.459999999999999964e+00,3.430000000000000160e+00,0.000000000000000000e+00,2.259999999999999787e+00,4.699999999999999734e-01,3.689999999999999947e+00,3.450000000000000178e+00,1.459999999999999964e+00,2.899999999999999911e+00,3.799999999999999822e+00,0.000000000000000000e+00,2.339999999999999858e+00,7.900000000000000355e-01,5.999999999999999778e-02,0.000000000000000000e+00,0.000000000000000000e+00,2.970000000000000195e+00,6.280000000000000249e+00,9.000000000000000222e-01,4.600000000000000200e-01,0.000000000000000000e+00,2.339999999999999858e+00,3.870000000000000107e+00,2.399999999999999911e+00,3.240000000000000213e+00,1.610000000000000098e+00,1.409999999999999920e+00,2.589999999999999858e+00,2.649999999999999911e+00,1.870000000000000107e+00,4.600000000000000200e-01,2.879999999999999893e+00,1.600000000000000089e+00,1.689999999999999947e+00,4.639999999999999680e+00,9.000000000000000222e-01,2.729999999999999982e+00,1.310000000000000053e+00,1.229999999999999982e+00,9.109999999999999432e+00,1.000000000000000056e-01,6.300000000000000044e-01,2.259999999999999787e+00,2.870000000000000107e+00,2.620000000000000107e+00,6.179999999999999716e+00,3.180000000000000160e+00,5.459999999999999964e+00,2.109999999999999876e+00,0.000000000000000000e+00,0.000000000000000000e+00,2.490000000000000213e+00,8.199999999999999512e-01,7.800000000000000266e-01,0.000000000000000000e+00,3.800000000000000044e-01,2.930000000000000160e+00,2.299999999999999822e+00,4.699999999999999734e-01,2.569999999999999840e+00,1.510000000000000009e+00,4.669999999999999929e+00,2.209999999999999964e+00,0.000000000000000000e+00,1.590000000000000080e+00,2.180000000000000160e+00,0.000000000000000000e+00
0.000000000000000000e+00,0.000000000000000000e+00,1.925000000000000044e+00,2.564999999999999947e+00,0.000000000000000000e+00,3.254999999999999893e+00,0.000000000000000000e+00,5.019999999999999574e+00,0.000000000000000000e+00,1.687500000000000000e+01,0.000000000000000000e+00,0.000000000000000000e+00,0.000000000000000000e+00,1.235000000000000098e+00,2.404999999999999805e+00,9.250000000000000444e-01,1.364999999999999991e+00,8.500000000000000611e-02,0.000000000000000000e+00,0.000000000000000000e+00,9.000000000000000222e-01,4.099999999999999756e-01,4.949999999999999956e-01,1.395000000000000018e+00,1.260000000000000009e+00,0.000000000000000000e+00,1.409999999999999920e+00,6.440000000000000391e+00,1.459999999999999964e+00,5.464999999999999858e+00,2.305000000000000160e+00,1.824999999999999956e+00,6.139999999999999680e+00,7.804999999999999716e+00,1.620000000000000107e+00,4.035000000000000142e+00,1.915000000000000036e+00,0.000000000000000000e+00,2.669999999999999929e+00,4.550000000000000155e-01,0.000000000000000000e+00,0.000000000000000000e+00,1.645000000000000018e+00,2.120000000000000107e+00,4.355000000000000426e+00,2.859999999999999876e+00,0.000000000000000000e+00,0.000000000000000000e+00,0.000000000000000000e+00,0.000000000000000000e+00,1.750000000000000000e+00,0.000000000000000000e+00,0.000000000000000000e+00,0.000000000000000000e+00,0.000000000000000000e+00,2.915000000000000036e+00,7.449999999999999956e-01,0.000000000000000000e+00,1.059999999999999964e+01,0.000000000000000000e+00,0.000000000000000000e+00,0.000000000000000000e+00,5.294999999999999929e+00,6.759999999999999787e+00,6.480000000000000426e+00,3.449999999999999734e-01,3.910000000000000142e+00,1.100000000000000006e-01,2.439999999999999947e+00,6.480000000000000426e+00,5.799999999999999600e-01,3.325000000000000178e+00,0.000000000000000000e+00,1.034999999999999920e+00,1.060000000000000053e+00,1.495000000000000107e+00,1.415000000000000036e+00,6.759999999999999787e+00,4.499999999999999833e-02,5.684999999999999609e+00,0.000000000000000000e+00,7.950000000000000178e+00,2.214499999999999957e+01,3.750000000000000000e+00,3.049999999999999933e-01,3.049999999999999933e-01,0.000000000000000000e+00,1.219999999999999973e+00,3.029999999999999805e+00,1.879999999999999893e+00,4.600000000000000200e-01,0.000000000000000000e+00,1.820000000000000062e+00,5.250000000000000222e-01,0.000000000000000000e+00,7.800000000000000266e-01,0.000000000000000000e+00,4.509999999999999787e+00,0.000000000000000000e+00,3.470000000000000195e+00,0.000000000000000000e+00,4.155000000000000249e+00,2.970000000000000195e+00,2.640000000000000124e+00,3.479999999999999982e+00,3.084999999999999964e+00,8.444499999999997897e+01,0.000000000000000000e+00,4.400000000000000355e+00,4.280000000000000249e+00,3.850000000000000089e+00,2.555000000000000160e+00,0.000000000000000000e+00,4.245000000000000107e+00,4.280000000000000249e+00,1.239999999999999991e+00,2.080000000000000071e+00,0.000000000000000000e+00,3.174999999999999822e+00,4.500000000000000000e+00,0.000000000000000000e+00,2.089999999999999858e+00,0.000000000000000000e+00,5.550000000000000488e-01,4.309999999999999609e+00,6.949999999999999512e-01,0.000000000000000000e+00,8.349999999999999645e-01,8.649999999999999911e-01,1.735000000000000098e+00,3.850000000000000089e+00,0.000000000000000000e+00,5.599999999999999645e+00,1.719999999999999973e+00,3.160000000000000142e+00,2.370000000000000107e+00,3.449999999999999734e-01,1.114999999999999991e+00,0.000000000000000000e+00,9.849999999999999867e-01,9.100000000000000311e-01,4.525000000000000355e+00,0.000000000000000000e+00,0.000000000000000000e+00,0.000000000000000000e+00,0.000000000000000000e+00,1.745000000000000107e+00,4.825000000000000178e+00,2.399999999999999911e+00,0.000000000000000000e+00,1.389999999999999902e+00,1.794999999999999929e+00,1.610000000000000098e+00,0.000000000000000000e+00,4.860000000000000320e+00,8.850000000000000089e-01,0.000000000000000000e+00,3.464999999999999858e+00,0.000000000000000000e+00,3.044999999999999929e+00,0.000000000000000000e+00,1.379999999999999893e+00,1.594999999999999973e+00,1.185000000000000053e+00,3.455000000000000071e+00,2.330000000000000071e+00,1.399999999999999911e+00,1.820000000000000062e+00,1.560000000000000053e+00,3.649999999999999911e+00,0.000000000000000000e+00,0.000000000000000000e+00,0.000000000000000000e+00,1.225000000000000089e+00,2.524999999999999911e+00,1.405000000000000027e+00,1.804999999999999938e+00,0.000000000000000000e+00,0.000000000000000000e+00,2.299999999999999822e+00,0.000000000000000000e+00,0.000000000000000000e+00,0.000000000000000000e+00,1.199999999999999956e+00,0.000000000000000000e+00,2.455000000000000071e+00,2.470000000000000195e+00,6.325000000000000178e+00,2.794999999999999929e+00,0.000000000000000000e+00
5.635000000000000142e+01,5.075000000000000000e+01,0.000000000000000000e+00,0.000000000000000000e+00,0.000000000000000000e+00,0.000000000000000000e+00,1.434999999999999964e+01,6.440000000000000391e+00,8.250000000000000000e+00,0.000000000000000000e+00,1.182000000000000028e+01,1.407000000000000028e+01,6.530000000000000249e+00,1.000000000000000056e-01,2.240000000000000213e+00,3.399999999999999911e+00,1.340000000000000080e+00,3.209999999999999964e+00,2.939999999999999947e+00,0.000000000000000000e+00,0.000000000000000000e+00,0.000000000000000000e+00,0.000000000000000000e+00,0.000000000000000000e+00,1.919999999999999929e+00,0.000000000000000000e+00,0.000000000000000000e+00,0.000000000000000000e+00,1.000000000000000000e+00,2.560000000000000053e+00,4.769999999999999574e+00,1.320000000000000062e+00,0.000000000000000000e+00,1.274000000000000021e+01,1.077999999999999936e+01,1.659999999999999920e+00,0.000000000000000000e+00,0.000000000000000000e+00,0.000000000000000000e+00,1.620000000000000107e+00,0.000000000000000000e+00,5.320000000000000284e+00,2.450000000000000178e+00,0.000000000000000000e+00,2.250000000000000000e+00,0.000000000000000000e+00,1.659999999999999920e+00,1.425999999999999979e+01,1.714000000000000057e+01,8.619999999999999218e+00,2.899999999999999800e-01,2.220000000000000195e+00,2.410000000000000142e+00,6.839999999999999858e+00,4.750000000000000000e+00,2.500000000000000000e+00,4.599999999999999645e+00,1.510000000000000009e+00,3.549999999999999822e+00,0.000000000000000000e+00,5.257999999999999829e+01,6.993000000000000682e+01,1.876999999999999957e+01,6.404999999999999716e+01,4.857999999999999829e+01,7.723000000000000398e+01,1.489999999999999991e+00,6.700000000000000400e-01,7.399999999999999911e-01,5.882999999999999829e+01,0.000000000000000000e+00,0.000000000000000000e+00,7.900000000000000355e+00,1.143999999999999950e+01,3.529999999999999805e+00,2.879999999999999893e+00,0.000000000000000000e+00,0.000000000000000000e+00,5.160000000000000142e+00,5.290000000000000036e+00,0.000000000000000000e+00,7.690999999999999659e+01,8.570000000000000284e+00,2.923000000000000043e+01,7.399999999999999911e-01,4.360000000000000320e+00,6.117999999999999972e+01,4.219999999999999751e+00,2.069999999999999840e+00,6.530000000000000249e+00,4.589999999999999858e+00,3.700000000000000178e+00,0.000000000000000000e+00,0.000000000000000000e+00,4.410000000000000142e+00,3.660000000000000142e+00,3.910000000000000142e+00,1.020000000000000018e+00,3.049999999999999822e+00,1.129999999999999893e+00,2.299999999999999822e+00,4.000000000000000222e-01,4.150000000000000355e+00,1.679999999999999938e+00,2.959999999999999964e+00,1.300000000000000044e+00,5.110000000000000320e+00,6.269999999999999574e+00,2.870000000000000107e+00,2.080000000000000071e+00,1.900000000000000022e-01,2.700000000000000178e-01,5.889999999999999680e+00,2.350000000000000089e+00,4.000000000000000000e+00,4.219999999999999751e+00,4.629999999999999893e+00,6.860000000000000320e+00,4.379999999999999893e+00,4.589999999999999858e+00,3.129999999999999893e+00,7.759999999999999787e+00,5.459999999999999964e+00,1.770000000000000018e+00,3.060000000000000053e+00,0.000000000000000000e+00,5.169999999999999929e+00,6.600000000000000311e-01,4.810999999999999943e+01,5.471000000000000085e+01,2.890000000000000124e+00,1.959999999999999964e+00,4.750000000000000000e+00,3.129999999999999893e+00,1.780000000000000027e+00,2.879999999999999893e+00,1.400000000000000133e-01,0.000000000000000000e+00,1.799999999999999933e-01,3.220000000000000195e+00,1.350000000000000089e+00,0.000000000000000000e+00,0.000000000000000000e+00,3.200000000000000067e-01,4.849999999999999645e+00,0.000000000000000000e+00,0.000000000000000000e+00,0.000000000000000000e+00,1.110000000000000098e+00,2.930000000000000160e+00,1.820000000000000062e+00,9.710000000000000853e+00,4.886999999999999744e+01,6.980000000000000426e+00,7.354000000000002046e+01,5.600000000000000533e-01,4.110000000000000320e+00,1.739000000000000057e+01,2.410000000000000142e+00,1.810000000000000053e+00,1.820000000000000062e+00,2.410000000000000142e+00,1.199999999999999956e+00,2.279999999999999805e+00,1.610000000000000098e+00,1.929999999999999938e+00,5.549999999999999822e+00,1.320000000000000062e+00,2.983999999999999986e+01,1.310999999999999943e+01,7.826999999999999602e+01,1.083999999999999986e+01,0.000000000000000000e+00,9.100000000000000311e-01,7.049999999999999822e+00,4.589999999999999858e+00,5.179999999999999716e+00,0.000000000000000000e+00,2.740000000000000213e+00,1.796000000000000085e+01,4.559999999999999609e+00,3.729999999999999982e+00,3.410000000000000142e+00,1.389999999999999902e+00,5.910000000000000142e+00,1.007000000000000028e+01,0.000000000000000000e+00,1.308000000000000007e+01,3.350000000000000000e+01,0.000000000000000000e+00
3.160000000000000142e+00,3.270000000000000018e+00,8.199999999999999512e-01,3.300000000000000155e-01,6.099999999999999867e-01,0.000000000000000000e+00,4.099999999999999645e+00,3.529999999999999805e+00,2.970000000000000195e+00,4.250000000000000000e+00,4.500000000000000111e-01,3.900000000000000133e-01,0.000000000000000000e+00,4.290000000000000036e+00,2.819999999999999840e+00,2.300000000000000100e-01,3.830000000000000071e+00,3.640000000000000124e+00,2.390000000000000124e+00,1.770000000000000018e+00,1.989999999999999991e+00,3.109999999999999876e+00,1.889999999999999902e+00,4.400000000000000022e-01,2.299999999999999822e+00,1.699999999999999956e+00,2.149999999999999911e+00,1.929999999999999938e+00,5.469999999999999751e+00,5.870000000000000107e+00,2.250000000000000000e+00,2.029999999999999805e+00,0.000000000000000000e+00,7.806000000000000227e+01,5.400000000000000355e-01,4.899999999999999911e-01,0.000000000000000000e+00,0.000000000000000000e+00,0.000000000000000000e+00,8.900000000000000355e+00,2.800000000000000266e-01,8.570000000000000284e+00,1.439999999999999947e+00,4.000000000000000000e+00,0.000000000000000000e+00,0.000000000000000000e+00,2.270000000000000018e+00,0.000000000000000000e+00,1.250000000000000000e+00,1.399999999999999911e+00,0.000000000000000000e+00,9.399999999999999467e-01,0.000000000000000000e+00,3.149999999999999911e+00,2.140000000000000124e+00,1.719999999999999973e+00,1.780000000000000027e+00,1.459999999999999964e+00,2.290000000000000036e+00,3.950000000000000178e+00,0.000000000000000000e+00,1.030000000000000027e+00,0.000000000000000000e+00,0.000000000000000000e+00,0.000000000000000000e+00,2.200000000000000011e-01,0.000000000000000000e+00,1.370000000000000107e+00,9.599999999999999645e-01,3.279999999999999805e+00,0.000000000000000000e+00,0.000000000000000000e+00,0.000000000000000000e+00,0.000000000000000000e+00,5.400000000000000355e-01,4.000000000000000083e-02,1.040000000000000036e+00,1.469999999999999973e+00,3.770000000000000018e+00,1.989999999999999991e+00,2.120000000000000107e+00,6.019999999999999574e+00,1.040000000000000036e+00,2.999999999999999889e-02,4.879999999999999893e+00,0.000000000000000000e+00,5.799999999999999600e-01,1.659999999999999920e+00,3.720000000000000195e+00,3.400000000000000244e-01,0.000000000000000000e+00,2.439999999999999947e+00,0.000000000000000000e+00,0.000000000000000000e+00,5.799999999999999600e-01,5.999999999999999778e-01,2.000000000000000111e-01,2.950000000000000178e+00,6.150000000000000355e+00,0.000000000000000000e+00,2.600000000000000089e+00,1.260000000000000009e+00,4.540000000000000036e+00,2.830000000000000071e+00,8.199999999999999512e-01,2.310000000000000053e+00,2.140000000000000124e+00,7.099999999999999645e-01,1.076999999999999957e+01,3.140000000000000124e+00,1.989999999999999991e+00,3.220000000000000195e+00,4.719999999999999751e+00,1.409999999999999920e+00,0.000000000000000000e+00,0.000000000000000000e+00,2.810000000000000053e+00,2.200000000000000011e-01,3.240999999999999659e+01,2.573000000000000043e+01,2.385999999999999943e+01,3.640000000000000124e+00,1.820000000000000062e+00,4.600000000000000200e-01,1.750000000000000000e+00,3.300000000000000155e-01,5.999999999999999778e-01,1.770000000000000018e+00,1.090000000000000036e+01,8.679999999999999716e+00,1.689999999999999947e+00,0.000000000000000000e+00,1.580000000000000071e+00,2.149999999999999911e+00,1.400000000000000133e-01,0.000000000000000000e+00,1.340000000000000080e+00,2.709999999999999964e+00,2.120000000000000107e+00,2.099999999999999922e-01,2.649999999999999911e+00,4.690000000000000391e+00,1.050000000000000044e+00,3.259999999999999787e+00,2.109999999999999876e+00,6.099999999999999867e-01,0.000000000000000000e+00,1.000000000000000021e-02,4.150000000000000355e+00,2.890000000000000124e+00,2.089999999999999858e+00,0.000000000000000000e+00,0.000000000000000000e+00,1.840000000000000080e+00,9.650000000000000355e+00,2.350000000000000089e+00,1.540000000000000036e+00,5.469999999999999751e+00,1.360000000000000098e+00,1.000000000000000021e-02,7.800000000000000266e-01,1.989999999999999991e+00,8.750000000000000000e+00,6.899999999999999467e-01,1.540000000000000036e+00,5.080000000000000071e+00,4.240000000000000213e+00,2.569999999999999840e+00,0.000000000000000000e+00,0.000000000000000000e+00,3.770000000000000018e+00,1.820000000000000062e+00,0.000000000000000000e+00,2.009999999999999787e+00,5.280000000000000249e+00,3.879999999999999893e+00,4.509999999999999787e+00,1.510000000000000009e+00,2.120000000000000107e+00,1.620000000000000107e+00,2.200000000000000178e+00,2.240000000000000213e+00,4.400000000000000022e-01,0.000000000000000000e+00,0.000000000000000000e+00,4.150000000000000355e+00,3.750000000000000000e+00,7.900000000000000355e-01,0.000000000000000000e+00,3.080000000000000071e+00
5.999999999999999778e-01,2.160000000000000142e+00,2.000000000000000042e-02,0.000000000000000000e+00,2.000000000000000111e-01,3.839999999999999858e+00,9.699999999999999734e-01,1.379999999999999893e+00,1.040000000000000036e+00,6.700000000000000400e-01,5.999999999999999778e-01,0.000000000000000000e+00,5.999999999999999778e-02,0.000000000000000000e+00,1.499999999999999944e-01,8.900000000000000133e-01,0.000000000000000000e+00,4.899999999999999911e-01,4.899999999999999911e-01,0.000000000000000000e+00,0.000000000000000000e+00,0.000000000000000000e+00,1.219999999999999973e+00,0.000000000000000000e+00,0.000000000000000000e+00,3.699999999999999956e-01,4.299999999999999933e-01,0.000000000000000000e+00,0.000000000000000000e+00,2.000000000000000042e-02,0.000000000000000000e+00,1.360000000000000098e+00,0.000000000000000000e+00,0.000000000000000000e+00,0.000000000000000000e+00,8.800000000000000044e-01,7.399999999999999911e-01,2.999999999999999889e-01,7.900000000000000355e-01,2.240000000000000213e+00,0.000000000000000000e+00,1.510000000000000009e+00,5.400000000000000355e-01,0.000000000000000000e+00,1.199999999999999956e-01,0.000000000000000000e+00,6.199999999999999956e-01,7.500000000000000000e-01,2.890000000000000124e+00,0.000000000000000000e+00,0.000000000000000000e+00,1.799999999999999933e-01,2.009999999999999787e+00,2.339999999999999858e+00,5.040000000000000036e+00,5.080000000000000071e+00,0.000000000000000000e+00,6.099999999999999867e-01,6.309999999999999609e+00,0.000000000000000000e+00,2.640000000000000124e+00,0.000000000000000000e+00,2.410000000000000142e+00,2.999999999999999889e-02,0.000000000000000000e+00,4.299999999999999933e-01,0.000000000000000000e+00,0.000000000000000000e+00,0.000000000000000000e+00,0.000000000000000000e+00,0.000000000000000000e+00,0.000000000000000000e+00,1.030000000000000027e+00,1.649999999999999911e+00,1.379999999999999893e+00,1.169999999999999929e+00,5.699999999999999512e-01,0.000000000000000000e+00,0.000000000000000000e+00,0.000000000000000000e+00,0.000000000000000000e+00,3.099999999999999978e-01,0.000000000000000000e+00,2.620000000000000107e+00,6.400000000000000355e+00,1.830000000000000071e+00,1.669999999999999929e+00,1.800000000000000044e+00,2.229999999999999982e+00,0.000000000000000000e+00,0.000000000000000000e+00,4.490000000000000213e+00,1.120000000000000107e+00,6.899999999999999467e-01,7.889999999999999680e+00,3.720000000000000195e+00,2.399999999999999911e+00,0.000000000000000000e+00,5.469999999999999751e+00,3.400000000000000244e-01,0.000000000000000000e+00,0.000000000000000000e+00,0.000000000000000000e+00,0.000000000000000000e+00,6.600000000000000311e-01,0.000000000000000000e+00,2.790000000000000036e+00,1.739999999999999991e+00,1.919999999999999929e+00,4.899999999999999911e-01,1.050000000000000044e+00,4.299999999999999933e-01,0.000000000000000000e+00,0.000000000000000000e+00,0.000000000000000000e+00,2.899999999999999800e-01,0.000000000000000000e+00,5.699999999999999512e-01,0.000000000000000000e+00,3.900000000000000133e-01,1.100000000000000006e-01,1.600000000000000033e-01,6.500000000000000222e-01,0.000000000000000000e+00,0.000000000000000000e+00,3.479999999999999982e+00,0.000000000000000000e+00,8.900000000000000133e-01,5.019999999999999574e+00,3.900000000000000133e-01,0.000000000000000000e+00,3.629999999999999893e+00,8.599999999999999867e-01,0.000000000000000000e+00,1.499999999999999944e-01,5.500000000000000444e-01,2.099999999999999922e-01,0.000000000000000000e+00,7.399999999999999911e-01,2.529999999999999805e+00,9.399999999999999467e-01,7.399999999999999911e-01,5.000000000000000278e-02,0.000000000000000000e+00,0.000000000000000000e+00,7.700000000000000178e-01,1.620000000000000107e+00,9.899999999999999911e-01,0.000000000000000000e+00,0.000000000000000000e+00,7.199999999999999734e-01,0.000000000000000000e+00,1.570000000000000062e+00,0.000000000000000000e+00,2.759999999999999787e+00,0.000000000000000000e+00,0.000000000000000000e+00,4.580000000000000071e+00,4.799999999999999822e-01,9.499999999999999556e-01,0.000000000000000000e+00,1.239999999999999991e+00,0.000000000000000000e+00,0.000000000000000000e+00,0.000000000000000000e+00,1.360000000000000098e+00,2.279999999999999805e+00,3.009999999999999787e+00,0.000000000000000000e+00,0.000000000000000000e+00,1.350000000000000089e+00,3.099999999999999978e-01,0.000000000000000000e+00,0.000000000000000000e+00,0.000000000000000000e+00,0.000000000000000000e+00,2.300000000000000100e-01,0.000000000000000000e+00,0.000000000000000000e+00,6.400000000000000133e-01,1.199999999999999956e+00,0.000000000000000000e+00,3.699999999999999956e-01,3.200000000000000067e-01,1.729999999999999982e+00,1.100000000000000006e-01,0.000000000000000000e+00,2.999999999999999889e-02,9.100000000000000311e-01,0.000000000000000000e+00
2.439999999999999947e+00,3.089999999999999858e+00,3.099999999999999978e-01,7.600000000000000089e-01,2.870000000000000107e+00,2.569999999999999840e+00,2.560999999999999943e+01,8.720000000000000639e+00,5.139999999999999680e+00,1.020000000000000018e+00,3.009999999999999787e+00,0.000000000000000000e+00,7.000000000000000666e-02,7.320000000000000284e+00,1.456000000000000050e+01,1.860000000000000098e+00,3.099999999999999978e-01,2.919999999999999929e+00,2.830000000000000071e+00,0.000000000000000000e+00,1.909999999999999920e+00,0.000000000000000000e+00,2.869000000000000128e+01,1.000000000000000000e+02,6.846999999999999886e+01,3.432999999999999829e+01,3.967000000000000171e+01,6.359000000000000341e+01,6.349999999999999645e+00,5.360000000000000320e+00,3.490000000000000213e+00,1.689999999999999947e+00,0.000000000000000000e+00,4.175000000000000000e+01,5.999999999999999778e-01,6.160000000000000142e+00,5.200000000000000178e-01,1.669999999999999929e+00,0.000000000000000000e+00,9.259999999999999787e+00,2.500000000000000000e-01,8.499999999999999778e-01,0.000000000000000000e+00,5.699999999999999512e-01,5.799999999999999600e-01,2.029999999999999805e+00,8.299999999999999600e-01,2.779999999999999805e+00,4.389999999999999680e+00,1.719999999999999973e+00,2.649999999999999911e+00,1.719999999999999973e+00,5.899999999999999689e-01,5.980000000000000426e+00,3.569999999999999840e+00,3.099999999999999978e-01,0.000000000000000000e+00,3.879999999999999893e+00,3.359999999999999876e+00,4.089999999999999858e+00,5.759999999999999787e+00,1.389999999999999902e+00,6.790000000000000036e+00,4.820000000000000284e+00,1.439999999999999947e+00,4.490000000000000213e+00,3.060000000000000053e+00,1.384999999999999964e+01,7.419999999999999929e+00,2.330000000000000071e+00,2.490000000000000213e+00,2.450000000000000178e+00,1.010000000000000009e+00,5.719999999999999751e+00,1.280000000000000027e+00,1.949999999999999956e+00,0.000000000000000000e+00,6.400000000000000133e-01,2.529999999999999805e+00,2.180000000000000160e+00,5.650000000000000355e+00,8.900000000000000355e+00,1.408999999999999986e+01,3.660000000000000142e+00,1.491000000000000014e+01,1.870000000000000107e+00,6.780000000000000249e+00,2.000000000000000042e-02,1.889999999999999902e+00,3.270000000000000018e+00,0.000000000000000000e+00,7.800000000000000266e-01,0.000000000000000000e+00,2.800000000000000266e-01,4.000000000000000083e-02,5.999999999999999778e-01,0.000000000000000000e+00,3.529999999999999805e+00,7.639999999999999680e+00,4.799999999999999822e-01,2.109999999999999876e+00,1.870000000000000107e+00,2.080000000000000071e+00,1.889999999999999902e+00,9.799999999999999822e-01,2.500000000000000000e-01,0.000000000000000000e+00,3.629999999999999893e+00,2.300000000000000100e-01,1.899999999999999911e+00,2.029999999999999805e+00,4.549999999999999822e+00,7.000000000000000000e+00,4.799999999999999822e-01,0.000000000000000000e+00,1.860000000000000098e+00,0.000000000000000000e+00,4.669999999999999929e+00,6.870000000000000107e+00,2.244000000000000128e+01,2.364000000000000057e+01,8.028000000000000114e+01,0.000000000000000000e+00,3.900000000000000133e-01,2.200000000000000011e-01,7.250000000000000000e+00,8.320000000000000284e+00,9.300000000000000488e-01,2.033999999999999986e+01,1.735000000000000142e+01,1.041999999999999993e+01,6.400000000000000133e-01,1.739999999999999991e+00,1.780000000000000027e+00,5.999999999999999778e-02,2.300000000000000100e-01,1.050000000000000044e+00,7.199999999999999734e-01,1.739999999999999991e+00,0.000000000000000000e+00,3.740000000000000213e+00,4.699999999999999734e-01,9.599999999999999645e-01,2.600000000000000089e-01,1.439999999999999947e+00,2.839999999999999858e+00,0.000000000000000000e+00,1.389999999999999902e+00,1.139999999999999902e+00,1.129999999999999893e+00,1.110000000000000098e+00,3.240000000000000213e+00,1.350000000000000089e+00,3.259999999999999787e+00,1.483999999999999986e+01,1.300000000000000044e+00,3.959999999999999964e+00,0.000000000000000000e+00,2.450000000000000178e+00,2.500000000000000000e+00,1.530000000000000027e+00,2.649999999999999911e+00,7.700000000000000178e+00,1.610000000000000098e+00,1.060000000000000053e+00,3.400000000000000244e-01,0.000000000000000000e+00,2.000000000000000042e-02,3.240000000000000213e+00,4.690000000000000391e+00,1.078999999999999915e+01,3.209999999999999964e+00,1.300000000000000044e-01,0.000000000000000000e+00,1.179999999999999938e+00,5.259000000000000341e+01,6.657999999999999829e+01,2.779999999999999805e+00,3.779999999999999805e+00,2.439999999999999947e+00,3.699999999999999956e-01,1.000000000000000021e-02,1.270000000000000018e+00,4.899999999999999911e-01,1.174000000000000021e+01,3.640000000000000124e+00,3.750000000000000000e+00,2.830000000000000071e+00,2.279999999999999805e+00,4.599999999999999645e+00
9.496999999999999886e+01,9.178499999999999659e+01,0.000000000000000000e+00,0.000000000000000000e+00,2.115000000000000213e+00,1.945000000000000062e+00,0.000000000000000000e+00,1.280000000000000027e+00,0.000000000000000000e+00,0.000000000000000000e+00,3.104999999999999982e+00,0.000000000000000000e+00,5.899999999999999689e-01,0.000000000000000000e+00,0.000000000000000000e+00,1.699999999999999956e+00,8.685000000000000497e+00,1.350000000000000089e-01,5.849999999999999645e-01,5.050000000000000044e-01,0.000000000000000000e+00,0.000000000000000000e+00,0.000000000000000000e+00,0.000000000000000000e+00,0.000000000000000000e+00,0.000000000000000000e+00,1.629999999999999893e+00,9.499999999999999556e-01,0.000000000000000000e+00,6.850000000000000533e-01,1.350000000000000089e-01,0.000000000000000000e+00,0.000000000000000000e+00,8.825000000000000000e+01,1.192999999999999972e+01,0.000000000000000000e+00,0.000000000000000000e+00,0.000000000000000000e+00,7.149999999999999689e-01,0.000000000000000000e+00,0.000000000000000000e+00,8.953000000000000114e+01,0.000000000000000000e+00,0.000000000000000000e+00,0.000000000000000000e+00,0.000000000000000000e+00,5.817499999999999716e+01,2.609499999999999886e+01,6.448000000000000398e+01,8.156000000000000227e+01,1.654500000000000171e+01,4.073499999999999943e+01,0.000000000000000000e+00,3.771999999999999886e+01,0.000000000000000000e+00,5.849999999999999645e-01,0.000000000000000000e+00,0.000000000000000000e+00,4.684999999999999609e+00,0.000000000000000000e+00,3.245000000000000284e+01,0.000000000000000000e+00,0.000000000000000000e+00,7.499999999999999722e-02,5.165000000000000036e+00,3.844500000000000028e+01,3.459999999999999964e+00,0.000000000000000000e+00,0.000000000000000000e+00,3.871000000000000085e+01,0.000000000000000000e+00,0.000000000000000000e+00,5.500000000000000444e-01,1.254999999999999893e+00,1.770000000000000018e+00,0.000000000000000000e+00,0.000000000000000000e+00,4.535000000000000142e+00,5.150000000000000133e-01,3.520000000000000018e+00,4.499999999999999833e-02,5.360000000000000320e+00,8.128499999999999659e+01,8.175000000000000000e+01,7.299999999999999822e-01,0.000000000000000000e+00,8.253000000000000114e+01,0.000000000000000000e+00,0.000000000000000000e+00,0.000000000000000000e+00,0.000000000000000000e+00,2.729999999999999982e+00,0.000000000000000000e+00,0.000000000000000000e+00,1.556000000000000050e+01,0.000000000000000000e+00,0.000000000000000000e+00,3.709999999999999964e+00,3.125000000000000000e+00,8.149999999999999467e-01,0.000000000000000000e+00,0.000000000000000000e+00,0.000000000000000000e+00,0.000000000000000000e+00,0.000000000000000000e+00,2.194999999999999840e+00,4.330000000000000071e+00,0.000000000000000000e+00,4.870000000000000107e+00,3.390000000000000124e+00,3.305000000000000160e+00,0.000000000000000000e+00,0.000000000000000000e+00,3.189999999999999947e+00,6.025000000000000355e+00,8.249999999999999556e-01,2.044999999999999929e+00,1.245000000000000107e+00,0.000000000000000000e+00,4.669999999999999929e+00,1.354999999999999982e+00,2.015000000000000124e+00,4.320000000000000284e+00,5.000000000000000104e-03,8.399999999999999689e-01,7.850000000000000311e-01,0.000000000000000000e+00,1.169999999999999929e+00,9.740500000000000114e+01,8.781999999999997897e+01,3.865000000000000213e+00,9.285000000000000142e+00,0.000000000000000000e+00,9.100000000000000311e-01,7.410000000000000142e+00,2.317500000000000071e+01,0.000000000000000000e+00,1.290000000000000036e+00,1.389999999999999902e+00,0.000000000000000000e+00,1.950000000000000067e-01,1.239999999999999991e+00,3.250000000000000111e-01,1.197499999999999964e+01,3.099999999999999978e-01,0.000000000000000000e+00,8.500000000000000611e-02,7.389999999999999680e+00,0.000000000000000000e+00,2.800000000000000266e-01,1.350000000000000089e+00,1.413499999999999979e+01,0.000000000000000000e+00,5.513499999999999801e+01,8.294999999999999929e+00,9.499999999999999556e-01,0.000000000000000000e+00,0.000000000000000000e+00,0.000000000000000000e+00,2.564999999999999947e+00,2.209999999999999964e+00,1.459999999999999964e+00,1.600000000000000089e+00,2.000000000000000111e-01,0.000000000000000000e+00,0.000000000000000000e+00,4.349999999999999978e-01,0.000000000000000000e+00,3.274999999999999911e+00,2.560000000000000053e+00,1.144999999999999929e+01,5.350000000000000311e-01,0.000000000000000000e+00,0.000000000000000000e+00,0.000000000000000000e+00,0.000000000000000000e+00,0.000000000000000000e+00,2.435000000000000053e+00,0.000000000000000000e+00,2.084999999999999964e+00,1.175000000000000044e+00,0.000000000000000000e+00,1.088000000000000078e+01,2.240000000000000213e+00,0.000000000000000000e+00,6.445000000000000284e+00,0.000000000000000000e+00,0.000000000000000000e+00,3.989000000000000057e+01,0.000000000000000000e+00
7.070000000000000284e+00,0.000000000000000000e+00,8.900000000000000133e-01,8.000000000000000444e-01,7.299999999999999822e-01,3.250000000000000000e+00,1.820000000000000062e+00,5.030000000000000249e+00,3.890000000000000124e+00,0.000000000000000000e+00,1.242999999999999972e+01,7.209999999999999964e+00,6.349999999999999645e+00,2.220000000000000195e+00,1.330000000000000071e+00,5.100000000000000089e-01,6.400000000000000133e-01,2.640000000000000124e+00,2.930000000000000160e+00,1.159999999999999920e+00,1.060000000000000053e+00,8.299999999999999600e-01,3.779999999999999805e+00,4.089999999999999858e+00,0.000000000000000000e+00,4.120000000000000107e+00,2.109999999999999876e+00,0.000000000000000000e+00,0.000000000000000000e+00,0.000000000000000000e+00,1.790000000000000036e+00,0.000000000000000000e+00,6.500000000000000222e-01,1.770000000000000018e+00,4.629999999999999893e+00,1.533000000000000007e+01,5.000000000000000000e+00,3.819999999999999840e+00,4.250000000000000000e+00,0.000000000000000000e+00,6.400000000000000133e-01,6.320000000000000284e+00,3.649999999999999911e+00,1.300000000000000044e+00,4.309999999999999609e+00,2.885999999999999943e+01,6.899999999999999467e-01,5.980000000000000426e+00,8.589999999999999858e+00,1.757000000000000028e+01,3.609999999999999876e+00,7.620000000000000107e+00,5.370000000000000107e+00,4.035000000000000142e+01,0.000000000000000000e+00,3.669999999999999929e+00,5.589999999999999858e+00,6.450000000000000178e+00,7.839999999999999858e+00,2.149999999999999911e+00,3.681000000000000227e+01,2.370000000000000107e+00,1.889999999999999902e+00,4.589999999999999858e+00,5.000000000000000000e+00,1.564000000000000057e+01,2.149999999999999911e+00,2.257000000000000028e+01,3.567000000000000171e+01,1.125999999999999979e+01,3.300000000000000155e-01,2.540000000000000036e+00,4.629999999999999893e+00,7.459999999999999964e+00,8.089999999999999858e+00,2.330000000000000071e+00,2.029999999999999805e+00,1.330000000000000071e+00,6.269999999999999574e+00,1.010000000000000009e+00,0.000000000000000000e+00,1.769000000000000128e+01,9.720000000000000639e+00,8.539999999999999147e+00,1.870000000000000107e+00,4.139999999999999680e+00,1.263000000000000078e+01,5.349999999999999645e+00,0.000000000000000000e+00,7.070000000000000284e+00,6.129999999999999893e+00,6.889999999999999680e+00,3.799999999999999822e+00,4.660000000000000142e+00,3.747999999999999687e+01,5.719999999999999751e+00,3.010000000000000142e+01,0.000000000000000000e+00,1.560999999999999943e+01,1.800000000000000044e+00,1.580000000000000071e+00,1.889999999999999902e+00,0.000000000000000000e+00,2.609999999999999876e+00,5.839999999999999858e+00,4.490000000000000213e+00,1.393999999999999950e+01,8.789999999999999147e+00,3.299999999999999822e+00,2.040000000000000036e+00,2.850000000000000089e+00,2.000000000000000111e-01,4.929999999999999716e+00,3.109999999999999876e+00,6.280000000000000249e+00,6.410000000000000142e+00,7.399999999999999911e-01,8.929999999999999716e+00,1.790000000000000036e+00,4.089999999999999858e+00,2.410000000000000142e+00,4.179999999999999716e+00,9.960000000000000853e+00,1.379999999999999893e+00,5.110000000000000320e+00,0.000000000000000000e+00,0.000000000000000000e+00,0.000000000000000000e+00,1.391000000000000014e+01,3.536999999999999744e+01,6.500000000000000222e-01,2.620000000000000107e+00,4.099999999999999645e+00,4.400000000000000022e-01,3.950000000000000178e+00,2.600000000000000089e-01,1.050000000000000044e+00,0.000000000000000000e+00,5.000000000000000000e-01,7.389999999999999680e+00,5.959999999999999964e+00,2.430000000000000160e+00,1.570000000000000062e+00,5.400000000000000355e-01,0.000000000000000000e+00,7.679999999999999716e+00,1.275999999999999979e+01,1.158000000000000007e+01,3.109999999999999876e+00,3.259999999999999787e+00,2.649999999999999911e+00,1.651000000000000156e+01,1.547000000000000064e+01,4.150000000000000355e+00,1.541000000000000014e+01,3.080000000000000071e+00,3.310000000000000053e+00,7.309999999999999609e+00,5.200000000000000178e-01,3.580000000000000071e+00,0.000000000000000000e+00,2.520000000000000018e+00,0.000000000000000000e+00,8.199999999999999512e-01,2.100000000000000089e+00,2.229999999999999982e+00,5.639999999999999680e+00,3.069999999999999840e+00,6.299999999999999822e+00,1.030000000000000027e+00,2.532000000000000028e+01,1.709999999999999964e+00,0.000000000000000000e+00,3.400000000000000244e-01,8.490000000000000213e+00,5.679999999999999716e+00,3.509999999999999787e+00,4.500000000000000111e-01,3.229999999999999982e+00,8.800000000000002487e+00,3.549999999999999822e+00,9.799999999999999822e-01,3.879999999999999893e+00,1.399999999999999911e+00,1.052999999999999936e+01,6.160000000000000142e+00,0.000000000000000000e+00,2.700000000000000178e+00,5.384000000000000341e+01,8.999999999999999667e-02
3.899999999999999911e+00,4.379999999999999893e+00,0.000000000000000000e+00,1.499999999999999944e-01,9.000000000000000222e-01,1.629999999999999893e+00,1.030000000000000027e+00,4.809999999999999609e+00,1.439999999999999947e+00,0.000000000000000000e+00,2.279999999999999805e+00,5.349999999999999645e+00,3.080000000000000071e+00,0.000000000000000000e+00,6.500000000000000222e-01,1.010000000000000009e+00,0.000000000000000000e+00,1.870000000000000107e+00,8.000000000000000167e-02,0.000000000000000000e+00,3.800000000000000044e-01,0.000000000000000000e+00,2.779999999999999805e+00,6.589999999999999858e+00,1.010999999999999943e+01,3.859999999999999876e+00,4.450000000000000178e+00,2.189999999999999858e+01,9.300000000000000488e-01,1.040000000000000036e+00,5.019999999999999574e+00,1.439999999999999947e+00,1.699999999999999956e+00,3.049999999999999822e+00,2.149999999999999911e+00,1.550000000000000044e+00,1.610000000000000098e+00,1.820000000000000062e+00,1.939999999999999947e+00,2.180000000000000160e+00,0.000000000000000000e+00,2.299999999999999822e+00,1.469999999999999973e+00,0.000000000000000000e+00,7.099999999999999645e-01,0.000000000000000000e+00,1.139999999999999902e+00,2.390000000000000124e+00,6.349999999999999645e+00,2.839999999999999858e+00,3.660000000000000142e+00,3.300000000000000155e-01,2.680000000000000160e+00,6.419999999999999929e+00,1.760000000000000009e+00,9.300000000000000488e-01,0.000000000000000000e+00,2.660000000000000142e+00,2.720000000000000195e+00,0.000000000000000000e+00,5.469999999999999751e+00,2.459999999999999964e+00,1.203999999999999915e+01,0.000000000000000000e+00,9.200000000000000400e-01,1.429999999999999938e+00,5.370000000000000107e+00,5.759999999999999787e+00,2.850000000000000089e+00,6.899999999999999467e-01,3.500000000000000000e+00,3.400000000000000244e-01,3.290000000000000036e+00,5.549999999999999822e+00,1.810000000000000053e+00,6.099999999999999867e-01,2.819999999999999840e+00,1.159999999999999920e+00,5.200000000000000178e-01,7.800000000000000266e-01,0.000000000000000000e+00,3.109999999999999876e+00,1.992999999999999972e+01,2.790000000000000036e+00,1.010000000000000009e+00,4.040000000000000036e+00,3.970000000000000195e+00,2.209999999999999964e+00,7.900000000000000355e-01,4.929999999999999716e+00,1.389999999999999902e+00,1.510000000000000009e+00,3.740000000000000213e+00,0.000000000000000000e+00,2.240000000000000213e+00,2.870000000000000107e+00,1.320000000000000062e+00,9.000000000000000222e-01,0.000000000000000000e+00,1.219999999999999973e+00,1.979999999999999982e+00,0.000000000000000000e+00,0.000000000000000000e+00,0.000000000000000000e+00,0.000000000000000000e+00,5.300000000000000266e-01,2.459999999999999964e+00,5.099999999999999645e+00,2.669999999999999929e+00,2.189999999999999947e+00,0.000000000000000000e+00,0.000000000000000000e+00,1.860000000000000098e+00,1.600000000000000089e+00,2.509999999999999787e+00,1.870000000000000107e+00,2.819999999999999840e+00,8.320000000000000284e+00,0.000000000000000000e+00,3.160000000000000142e+00,4.530000000000000249e+00,7.500000000000000000e-01,0.000000000000000000e+00,3.300000000000000155e-01,2.609999999999999876e+00,3.790000000000000036e+00,0.000000000000000000e+00,3.699999999999999956e-01,5.629999999999999893e+00,7.370000000000000107e+00,4.299999999999999933e-01,2.950000000000000178e+00,1.850000000000000089e+00,0.000000000000000000e+00,8.800000000000000044e-01,0.000000000000000000e+00,1.499999999999999944e-01,1.000000000000000056e-01,1.000000000000000056e-01,2.120000000000000107e+00,0.000000000000000000e+00,9.599999999999999645e-01,0.000000000000000000e+00,6.999999999999999556e-01,0.000000000000000000e+00,5.320000000000000284e+00,1.969999999999999973e+00,1.909999999999999920e+00,0.000000000000000000e+00,2.999999999999999889e-02,1.090000000000000080e+00,1.870000000000000107e+00,3.509999999999999787e+00,0.000000000000000000e+00,2.140000000000000124e+00,4.000000000000000083e-02,2.000000000000000000e+00,2.330000000000000071e+00,1.900000000000000022e-01,1.139999999999999902e+00,2.000000000000000042e-02,1.000000000000000000e+00,1.219999999999999973e+00,0.000000000000000000e+00,0.000000000000000000e+00,2.750000000000000000e+00,1.899999999999999911e+00,2.180000000000000160e+00,1.139999999999999902e+00,1.760000000000000009e+00,6.639999999999999680e+00,2.209999999999999964e+00,0.000000000000000000e+00,0.000000000000000000e+00,2.270000000000000018e+00,4.160000000000000142e+00,3.000000000000000000e+00,1.050000000000000044e+00,1.050000000000000044e+00,1.290000000000000036e+00,4.799999999999999822e-01,4.600000000000000200e-01,3.899999999999999911e+00,2.410000000000000142e+00,6.599999999999999645e+00,1.620000000000000107e+00,0.000000000000000000e+00,1.760000000000000009e+00,2.870000000000000107e+00,2.999999999999999889e-01
1.427999999999999936e+01,2.017999999999999972e+01,7.700000000000000178e-01,5.100000000000000089e-01,1.600000000000000033e-01,1.459999999999999964e+00,7.929999999999999716e+00,6.392999999999999972e+01,3.073000000000000043e+01,0.000000000000000000e+00,2.937000000000000099e+01,5.280000000000000249e+00,5.019999999999999574e+00,1.530000000000000027e+00,1.939999999999999947e+00,3.300000000000000155e-01,0.000000000000000000e+00,3.049999999999999822e+00,1.070000000000000062e+00,0.000000000000000000e+00,0.000000000000000000e+00,0.000000000000000000e+00,0.000000000000000000e+00,5.500000000000000444e-01,0.000000000000000000e+00,8.499999999999999778e-01,4.500000000000000111e-01,2.089999999999999858e+00,1.719999999999999973e+00,5.429999999999999716e+00,8.410000000000000142e+00,1.610000000000000098e+00,5.899999999999999689e-01,4.261999999999999744e+01,3.600000000000000089e+00,2.689999999999999947e+00,2.750000000000000000e+00,2.319999999999999840e+00,1.739999999999999991e+00,3.790000000000000036e+00,0.000000000000000000e+00,5.324000000000000199e+01,1.320000000000000062e+00,0.000000000000000000e+00,2.229999999999999982e+00,0.000000000000000000e+00,3.479999999999999982e+00,5.580000000000000071e+00,9.589999999999999858e+00,1.089000000000000057e+01,3.870000000000000107e+00,1.790000000000000036e+00,2.390000000000000124e+00,7.129999999999999893e+00,1.257000000000000028e+01,4.700000000000000178e+00,2.490000000000000213e+00,1.616000000000000014e+01,3.870000000000000107e+00,0.000000000000000000e+00,1.383999999999999986e+01,4.436999999999999744e+01,2.862000000000000099e+01,3.746999999999999886e+01,5.620000000000000107e+00,8.929999999999999716e+00,0.000000000000000000e+00,2.089999999999999858e+00,9.200000000000000400e-01,2.519000000000000128e+01,1.060000000000000053e+00,0.000000000000000000e+00,3.290000000000000036e+00,5.070000000000000284e+00,1.899999999999999911e+00,6.700000000000000400e-01,1.260000000000000009e+00,1.060999999999999943e+01,2.279999999999999805e+00,2.999999999999999889e-01,0.000000000000000000e+00,7.876999999999999602e+01,3.749000000000000199e+01,3.368999999999999773e+01,4.250000000000000000e+00,2.689999999999999947e+00,3.992000000000000171e+01,3.839999999999999858e+00,1.842999999999999972e+01,2.442999999999999972e+01,4.330000000000000071e+00,4.809999999999999609e+00,2.279999999999999805e+00,2.859999999999999876e+00,4.799999999999999822e+00,2.669999999999999929e+00,1.459999999999999964e+00,6.700000000000000400e-01,2.500000000000000000e+00,8.800000000000000044e-01,2.800000000000000266e-01,0.000000000000000000e+00,1.620000000000000107e+00,6.500000000000000222e-01,7.700000000000000178e-01,5.500000000000000000e+00,3.440999999999999659e+01,2.430999999999999872e+01,2.925000000000000000e+01,2.051999999999999957e+01,5.427000000000000313e+01,0.000000000000000000e+00,8.359999999999999432e+00,8.000000000000000444e-01,2.680000000000000160e+00,1.810000000000000053e+00,1.370000000000000107e+00,2.649999999999999911e+00,2.996000000000000085e+01,3.468999999999999773e+01,3.010999999999999943e+01,0.000000000000000000e+00,1.610000000000000098e+00,5.300000000000000266e-01,2.319999999999999840e+00,0.000000000000000000e+00,0.000000000000000000e+00,5.500000000000000444e-01,7.626999999999999602e+01,6.745999999999999375e+01,3.699999999999999956e-01,1.770000000000000018e+00,3.600000000000000089e+00,0.000000000000000000e+00,2.979999999999999982e+00,1.080000000000000071e+00,2.300000000000000100e-01,5.500000000000000444e-01,7.199999999999999734e-01,2.140000000000000124e+00,0.000000000000000000e+00,1.399999999999999911e+00,2.000000000000000042e-02,4.500000000000000111e-01,2.479999999999999982e+00,2.950000000000000178e+00,3.680000000000000160e+00,3.100000000000000089e+00,0.000000000000000000e+00,7.600000000000000089e-01,5.999999999999999778e-01,5.519999999999999574e+00,1.610000000000000142e+01,0.000000000000000000e+00,7.975000000000000000e+01,0.000000000000000000e+00,0.000000000000000000e+00,1.525000000000000000e+01,5.999999999999999778e-02,1.620000000000000107e+00,0.000000000000000000e+00,2.000000000000000000e+00,9.200000000000000400e-01,0.000000000000000000e+00,0.000000000000000000e+00,2.629999999999999893e+00,3.270000000000000018e+00,7.709999999999999964e+00,3.040000000000000036e+00,9.799999999999999822e-01,4.192999999999999972e+01,8.999999999999999667e-02,0.000000000000000000e+00,0.000000000000000000e+00,2.603999999999999915e+01,4.459999999999999964e+00,2.750000000000000000e+00,0.000000000000000000e+00,4.000000000000000083e-02,4.400000000000000022e-01,3.603000000000000114e+01,6.700000000000000400e-01,1.370000000000000107e+00,1.300000000000000044e+00,4.179999999999999716e+00,0.000000000000000000e+00,0.000000000000000000e+00,3.149999999999999911e+00,1.546000000000000085e+01,0.000000000000000000e+00
3.800000000000000044e-01,5.600000000000000533e-01,0.000000000000000000e+00,0.000000000000000000e+00,0.000000000000000000e+00,0.000000000000000000e+00,0.000000000000000000e+00,8.999999999999999667e-02,0.000000000000000000e+00,1.860000000000000098e+00,0.000000000000000000e+00,0.000000000000000000e+00,0.000000000000000000e+00,5.699999999999999512e-01,2.750000000000000000e+00,0.000000000000000000e+00,0.000000000000000000e+00,0.000000000000000000e+00,0.000000000000000000e+00,8.199999999999999512e-01,0.000000000000000000e+00,1.799999999999999933e-01,1.089000000000000057e+01,5.328999999999999915e+01,9.519999999999999574e+00,3.310000000000000053e+00,2.008999999999999986e+01,2.157000000000000028e+01,0.000000000000000000e+00,0.000000000000000000e+00,0.000000000000000000e+00,1.169999999999999929e+00,0.000000000000000000e+00,4.299999999999999933e-01,0.000000000000000000e+00,0.000000000000000000e+00,0.000000000000000000e+00,0.000000000000000000e+00,0.000000000000000000e+00,0.000000000000000000e+00,2.540000000000000036e+00,0.000000000000000000e+00,1.280000000000000027e+00,2.640000000000000124e+00,0.000000000000000000e+00,4.899999999999999911e-01,0.000000000000000000e+00,0.000000000000000000e+00,0.000000000000000000e+00,0.000000000000000000e+00,0.000000000000000000e+00,0.000000000000000000e+00,0.000000000000000000e+00,0.000000000000000000e+00,5.830000000000000071e+00,0.000000000000000000e+00,0.000000000000000000e+00,0.000000000000000000e+00,1.110000000000000098e+00,1.229999999999999982e+00,7.800000000000000266e-01,2.339999999999999858e+00,3.371999999999999886e+01,4.799999999999999822e-01,0.000000000000000000e+00,4.299999999999999933e-01,0.000000000000000000e+00,1.790000000000000036e+00,4.440000000000000391e+00,3.800000000000000044e-01,9.699999999999999734e-01,0.000000000000000000e+00,0.000000000000000000e+00,0.000000000000000000e+00,0.000000000000000000e+00,0.000000000000000000e+00,3.600000000000000089e+00,7.399999999999999911e-01,0.000000000000000000e+00,0.000000000000000000e+00,1.100000000000000006e-01,4.490000000000000213e+00,2.089000000000000057e+01,0.000000000000000000e+00,1.510000000000000009e+00,0.000000000000000000e+00,2.660000000000000142e+00,0.000000000000000000e+00,4.099999999999999756e-01,1.871999999999999886e+01,0.000000000000000000e+00,0.000000000000000000e+00,0.000000000000000000e+00,0.000000000000000000e+00,0.000000000000000000e+00,0.000000000000000000e+00,0.000000000000000000e+00,0.000000000000000000e+00,0.000000000000000000e+00,0.000000000000000000e+00,4.099999999999999756e-01,4.000000000000000222e-01,2.600000000000000089e-01,1.260000000000000009e+00,0.000000000000000000e+00,1.989999999999999991e+00,7.000000000000000666e-02,1.160999999999999943e+01,0.000000000000000000e+00,2.600000000000000089e-01,0.000000000000000000e+00,9.499999999999999556e-01,5.849999999999999645e+00,0.000000000000000000e+00,0.000000000000000000e+00,0.000000000000000000e+00,0.000000000000000000e+00,5.120000000000000107e+00,5.679999999999999716e+00,6.059999999999999609e+00,1.050999999999999979e+01,2.729999999999999982e+00,0.000000000000000000e+00,0.000000000000000000e+00,0.000000000000000000e+00,1.439999999999999947e+00,0.000000000000000000e+00,0.000000000000000000e+00,1.703000000000000114e+01,1.180000000000000071e+01,0.000000000000000000e+00,0.000000000000000000e+00,0.000000000000000000e+00,7.959999999999999964e+00,0.000000000000000000e+00,0.000000000000000000e+00,0.000000000000000000e+00,0.000000000000000000e+00,0.000000000000000000e+00,0.000000000000000000e+00,5.400000000000000355e-01,0.000000000000000000e+00,0.000000000000000000e+00,0.000000000000000000e+00,0.000000000000000000e+00,0.000000000000000000e+00,0.000000000000000000e+00,0.000000000000000000e+00,0.000000000000000000e+00,0.000000000000000000e+00,0.000000000000000000e+00,0.000000000000000000e+00,0.000000000000000000e+00,0.000000000000000000e+00,1.130000000000000071e+01,0.000000000000000000e+00,0.000000000000000000e+00,9.599999999999999645e-01,4.129999999999999893e+00,1.653000000000000114e+01,1.308999999999999986e+01,0.000000000000000000e+00,0.000000000000000000e+00,1.343999999999999950e+01,0.000000000000000000e+00,0.000000000000000000e+00,0.000000000000000000e+00,2.000000000000000111e-01,0.000000000000000000e+00,0.000000000000000000e+00,0.000000000000000000e+00,0.000000000000000000e+00,1.320000000000000062e+00,0.000000000000000000e+00,0.000000000000000000e+00,0.000000000000000000e+00,0.000000000000000000e+00,3.870000000000000107e+00,0.000000000000000000e+00,0.000000000000000000e+00,2.970000000000000195e+00,0.000000000000000000e+00,0.000000000000000000e+00,0.000000000000000000e+00,0.000000000000000000e+00,0.000000000000000000e+00,2.099999999999999922e-01,8.310000000000000497e+00,0.000000000000000000e+00,0.000000000000000000e+00
2.759999999999999787e+00,2.830000000000000071e+00,1.400000000000000133e-01,7.500000000000000000e-01,2.060000000000000053e+00,1.860000000000000098e+00,6.259999999999999787e+00,4.950000000000000178e+00,1.787999999999999901e+01,7.900000000000000355e-01,2.290000000000000036e+00,0.000000000000000000e+00,2.490000000000000213e+00,1.133999999999999986e+01,1.853000000000000114e+01,0.000000000000000000e+00,4.299999999999999933e-01,3.790000000000000036e+00,2.540000000000000036e+00,9.599999999999999645e-01,2.200000000000000011e-01,1.120000000000000107e+00,6.230000000000000426e+00,2.175000000000000000e+01,5.599999999999999645e+00,1.130000000000000071e+01,1.621999999999999886e+01,4.700000000000000178e+00,8.689999999999999503e+00,1.419999999999999929e+00,1.669999999999999929e+00,1.719999999999999973e+00,6.600000000000000311e-01,4.820000000000000284e+00,2.299999999999999822e+00,1.060000000000000053e+00,1.120000000000000107e+00,1.129999999999999893e+00,4.799999999999999822e-01,1.570000000000000062e+00,1.899999999999999911e+00,1.030000000000000027e+00,7.429999999999999716e+00,4.540000000000000036e+00,1.540000000000000036e+00,9.330000000000000071e+00,0.000000000000000000e+00,2.629999999999999893e+00,0.000000000000000000e+00,3.500000000000000000e+00,4.110000000000000320e+00,2.109999999999999876e+00,3.200000000000000067e-01,4.879999999999999893e+00,2.359999999999999876e+00,5.999999999999999778e-01,3.540000000000000036e+00,5.559999999999999609e+00,7.099999999999999645e+00,1.989999999999999991e+00,2.490000000000000213e+00,1.020000000000000018e+00,3.529999999999999805e+00,0.000000000000000000e+00,1.570000000000000062e+00,2.680000000000000160e+00,3.149999999999999911e+00,8.279999999999999361e+00,6.030000000000000249e+00,4.879999999999999893e+00,1.499999999999999944e-01,9.210000000000000853e+00,2.490000000000000213e+00,4.669999999999999929e+00,3.879999999999999893e+00,9.699999999999999734e-01,2.879999999999999893e+00,1.030000000000000027e+00,5.100000000000000089e-01,7.399999999999999911e-01,0.000000000000000000e+00,1.456000000000000050e+01,4.040000000000000036e+00,2.350000000000000089e+00,5.769999999999999574e+00,8.100000000000000533e-01,3.600000000000000089e+00,2.520000000000000018e+00,5.660000000000000142e+00,2.389000000000000057e+01,1.120000000000000107e+00,1.399999999999999911e+00,2.600000000000000089e+00,6.360000000000000320e+00,1.179999999999999938e+00,5.999999999999999778e-02,3.270000000000000018e+00,9.699999999999999734e-01,9.499999999999999556e-01,2.300000000000000100e-01,6.959999999999999964e+00,3.859999999999999876e+00,6.410000000000000142e+00,6.900000000000000355e+00,3.819999999999999840e+00,1.879999999999999893e+00,0.000000000000000000e+00,1.805999999999999872e+01,1.639999999999999902e+00,1.659999999999999920e+00,0.000000000000000000e+00,4.899999999999999911e-01,8.660000000000000142e+00,1.419999999999999929e+00,2.779999999999999805e+00,8.000000000000000444e-01,5.089999999999999858e+00,0.000000000000000000e+00,6.929999999999999716e+00,1.541999999999999993e+01,2.098999999999999844e+01,3.950999999999999801e+01,4.250000000000000000e+00,0.000000000000000000e+00,1.320000000000000062e+00,1.177999999999999936e+01,0.000000000000000000e+00,0.000000000000000000e+00,2.673000000000000043e+01,2.678999999999999915e+01,1.155000000000000071e+01,1.531000000000000050e+01,2.060000000000000053e+00,0.000000000000000000e+00,4.500000000000000111e-01,6.999999999999999556e-01,1.260000000000000009e+00,2.300000000000000100e-01,3.900000000000000133e-01,2.049999999999999822e+00,7.019999999999999574e+00,1.770000000000000018e+00,4.799999999999999822e-01,9.399999999999999467e-01,6.400000000000000133e-01,2.160000000000000142e+00,1.229999999999999982e+00,3.160000000000000142e+00,2.390000000000000124e+00,1.530000000000000027e+00,9.399999999999999467e-01,8.050000000000000711e+00,1.000000000000000056e-01,3.910000000000000142e+00,2.023000000000000043e+01,7.600000000000000089e-01,5.459999999999999964e+00,4.660000000000000142e+00,1.570000000000000062e+00,5.179999999999999716e+00,2.819999999999999840e+00,1.959999999999999964e+00,3.060000000000000053e+00,4.280000000000000249e+00,1.900000000000000022e-01,2.270000000000000018e+00,9.100000000000000311e-01,1.070000000000000062e+00,3.939999999999999947e+00,5.240000000000000213e+00,0.000000000000000000e+00,1.199999999999999956e+00,0.000000000000000000e+00,0.000000000000000000e+00,3.000000000000000000e+00,3.232000000000000028e+01,4.421000000000000085e+01,0.000000000000000000e+00,6.650000000000000355e+00,1.399999999999999911e+00,1.030000000000000027e+00,1.400000000000000133e-01,2.839999999999999858e+00,4.400000000000000022e-01,5.450000000000000178e+00,3.160000000000000142e+00,1.020000000000000018e+00,3.540000000000000036e+00,2.799999999999999822e+00,2.049999999999999822e+00
0.000000000000000000e+00,0.000000000000000000e+00,0.000000000000000000e+00,1.810000000000000053e+00,0.000000000000000000e+00,1.169999999999999929e+00,1.150000000000000050e-01,3.645000000000000018e+00,0.000000000000000000e+00,0.000000000000000000e+00,0.000000000000000000e+00,1.950000000000000067e-01,1.080000000000000071e+00,0.000000000000000000e+00,5.360000000000000320e+00,1.074999999999999956e+00,3.814999999999999947e+00,0.000000000000000000e+00,0.000000000000000000e+00,0.000000000000000000e+00,0.000000000000000000e+00,2.999999999999999889e-02,1.054999999999999938e+00,2.279999999999999805e+00,0.000000000000000000e+00,5.825000000000000178e+00,2.240000000000000213e+00,8.089999999999999858e+00,0.000000000000000000e+00,3.870000000000000107e+00,2.035000000000000142e+00,0.000000000000000000e+00,3.015000000000000124e+00,4.014999999999999680e+00,0.000000000000000000e+00,3.000000000000000000e+00,1.534999999999999920e+00,0.000000000000000000e+00,2.604999999999999982e+00,0.000000000000000000e+00,0.000000000000000000e+00,0.000000000000000000e+00,7.129999999999999893e+00,5.205000000000000071e+00,1.669500000000000028e+01,1.080000000000000071e+00,1.034999999999999920e+00,4.910000000000000142e+00,0.000000000000000000e+00,0.000000000000000000e+00,9.350000000000000533e-01,0.000000000000000000e+00,0.000000000000000000e+00,0.000000000000000000e+00,0.000000000000000000e+00,0.000000000000000000e+00,0.000000000000000000e+00,1.014999999999999902e+00,1.104999999999999982e+00,0.000000000000000000e+00,0.000000000000000000e+00,2.375000000000000000e+00,4.190000000000000391e+00,8.330000000000000071e+00,2.180000000000000160e+00,0.000000000000000000e+00,3.740000000000000213e+00,0.000000000000000000e+00,1.774999999999999911e+00,3.714999999999999858e+00,0.000000000000000000e+00,2.819999999999999840e+00,4.899999999999999911e-01,9.649999999999999689e-01,4.740000000000000213e+00,1.570000000000000062e+00,0.000000000000000000e+00,1.245000000000000107e+00,2.299999999999999822e+00,1.800000000000000044e+00,0.000000000000000000e+00,4.605000000000000426e+00,2.808999999999999986e+01,2.470000000000000195e+00,5.350000000000000311e-01,2.810000000000000053e+00,0.000000000000000000e+00,0.000000000000000000e+00,2.240000000000000213e+00,2.035500000000000043e+01,2.899999999999999800e-01,0.000000000000000000e+00,6.949999999999999512e-01,0.000000000000000000e+00,0.000000000000000000e+00,0.000000000000000000e+00,0.000000000000000000e+00,0.000000000000000000e+00,0.000000000000000000e+00,1.459999999999999964e+00,1.955000000000000071e+00,6.094999999999999751e+00,0.000000000000000000e+00,0.000000000000000000e+00,1.899999999999999911e+00,4.969999999999999751e+00,1.870000000000000107e+00,1.613500000000000156e+01,1.110500000000000043e+01,2.906500000000000128e+01,6.625000000000000000e+00,0.000000000000000000e+00,3.649999999999999911e-01,1.415000000000000036e+00,2.115000000000000213e+00,6.099999999999999867e-01,0.000000000000000000e+00,1.074999999999999956e+00,2.120000000000000107e+00,2.984999999999999876e+00,4.749999999999999778e-01,5.304999999999999716e+00,0.000000000000000000e+00,0.000000000000000000e+00,5.100000000000000089e-01,2.490000000000000213e+00,0.000000000000000000e+00,5.040000000000000036e+00,6.450000000000000178e-01,4.400000000000000022e-01,3.915000000000000036e+00,0.000000000000000000e+00,1.705000000000000071e+00,1.675000000000000044e+00,0.000000000000000000e+00,0.000000000000000000e+00,1.514999999999999902e+00,8.299999999999999600e-01,1.274999999999999911e+00,1.570000000000000062e+00,0.000000000000000000e+00,3.424999999999999822e+00,9.150000000000000355e-01,1.250000000000000000e+00,5.250000000000000000e+00,0.000000000000000000e+00,5.350000000000000311e-01,5.450000000000000400e-01,5.705000000000000071e+00,1.703000000000000114e+01,8.025000000000000355e+00,2.339999999999999858e+00,0.000000000000000000e+00,8.100000000000000533e-01,3.120000000000000107e+00,4.264999999999999680e+00,7.014999999999999680e+00,2.194999999999999840e+00,2.279999999999999805e+00,2.915000000000000036e+00,3.500000000000000333e-02,2.935000000000000053e+00,1.304999999999999938e+00,4.600000000000000200e-01,3.209999999999999964e+00,1.530000000000000027e+00,9.799999999999999822e-01,2.484999999999999876e+00,1.989999999999999991e+00,3.845000000000000195e+00,0.000000000000000000e+00,0.000000000000000000e+00,0.000000000000000000e+00,0.000000000000000000e+00,1.950000000000000067e-01,0.000000000000000000e+00,0.000000000000000000e+00,0.000000000000000000e+00,0.000000000000000000e+00,1.185000000000000053e+00,2.099999999999999922e-01,0.000000000000000000e+00,0.000000000000000000e+00,1.004999999999999893e+00,2.285000000000000142e+00,0.000000000000000000e+00,5.610000000000000320e+00,3.734999999999999876e+00,2.979999999999999982e+00,0.000000000000000000e+00
2.970000000000000195e+00,2.410000000000000142e+00,2.000000000000000042e-02,0.000000000000000000e+00,3.900000000000000133e-01,1.379999999999999893e+00,2.290000000000000036e+00,1.899999999999999911e+00,8.199999999999999512e-01,7.600000000000000089e-01,1.560000000000000053e+00,0.000000000000000000e+00,1.520000000000000018e+00,0.000000000000000000e+00,9.100000000000000311e-01,6.300000000000000044e-01,2.800000000000000266e-01,2.009999999999999787e+00,6.700000000000000400e-01,1.189999999999999947e+00,0.000000000000000000e+00,9.000000000000000222e-01,1.900000000000000022e-01,1.689999999999999947e+00,5.300000000000000266e-01,0.000000000000000000e+00,1.799999999999999933e-01,0.000000000000000000e+00,2.099999999999999922e-01,1.080000000000000071e+00,0.000000000000000000e+00,3.099999999999999978e-01,0.000000000000000000e+00,0.000000000000000000e+00,3.900000000000000133e-01,0.000000000000000000e+00,8.699999999999999956e-01,1.030000000000000027e+00,3.300000000000000155e-01,2.450000000000000178e+00,0.000000000000000000e+00,2.600000000000000089e-01,0.000000000000000000e+00,0.000000000000000000e+00,3.099999999999999978e-01,6.429000000000000625e+01,9.000000000000000222e-01,0.000000000000000000e+00,5.000000000000000278e-02,0.000000000000000000e+00,8.199999999999999512e-01,0.000000000000000000e+00,0.000000000000000000e+00,2.012000000000000099e+01,1.719999999999999973e+00,2.029999999999999805e+00,0.000000000000000000e+00,1.649999999999999911e+00,2.009999999999999787e+00,3.870000000000000107e+00,3.100000000000000089e+00,0.000000000000000000e+00,3.300000000000000155e-01,1.830000000000000071e+00,0.000000000000000000e+00,2.700000000000000178e-01,0.000000000000000000e+00,1.110000000000000098e+00,2.800000000000000266e-01,1.030000000000000027e+00,0.000000000000000000e+00,0.000000000000000000e+00,1.070000000000000062e+00,4.509999999999999787e+00,9.399999999999999467e-01,3.800000000000000044e-01,9.200000000000000400e-01,0.000000000000000000e+00,4.000000000000000000e+00,1.000000000000000056e-01,0.000000000000000000e+00,2.300000000000000100e-01,2.000000000000000111e-01,8.399999999999999689e-01,4.269999999999999574e+00,5.899999999999999689e-01,1.510000000000000009e+00,1.629999999999999893e+00,2.839999999999999858e+00,2.009999999999999787e+00,2.649999999999999911e+00,1.429999999999999938e+00,7.600000000000000089e-01,5.999999999999999778e-01,2.180000000000000160e+00,9.499999999999999556e-01,1.389999999999999902e+00,2.439999999999999947e+00,1.070000000000000062e+00,3.800000000000000044e-01,1.799999999999999933e-01,0.000000000000000000e+00,1.000000000000000056e-01,9.599999999999999645e-01,1.400000000000000133e-01,1.570000000000000062e+00,7.459999999999999964e+00,4.040000000000000036e+00,1.350000000000000089e+00,2.490000000000000213e+00,4.009999999999999787e+00,1.189999999999999947e+00,8.999999999999999667e-02,5.999999999999999778e-01,1.149999999999999911e+00,0.000000000000000000e+00,0.000000000000000000e+00,1.169999999999999929e+00,0.000000000000000000e+00,0.000000000000000000e+00,0.000000000000000000e+00,0.000000000000000000e+00,5.700000000000000178e+00,0.000000000000000000e+00,4.400000000000000022e-01,3.060000000000000053e+00,0.000000000000000000e+00,9.499999999999999556e-01,3.810000000000000053e+00,0.000000000000000000e+00,7.000000000000000666e-02,4.049999999999999822e+00,1.070000000000000062e+00,0.000000000000000000e+00,5.999999999999999778e-02,3.330000000000000071e+00,0.000000000000000000e+00,6.300000000000000044e-01,0.000000000000000000e+00,1.780000000000000027e+00,0.000000000000000000e+00,1.250000000000000000e+00,0.000000000000000000e+00,0.000000000000000000e+00,7.299999999999999822e-01,1.250000000000000000e+00,3.120000000000000107e+00,1.120000000000000107e+00,0.000000000000000000e+00,2.000000000000000042e-02,2.220000000000000195e+00,0.000000000000000000e+00,1.600000000000000089e+00,1.125000000000000000e+01,1.709999999999999964e+00,2.099999999999999922e-01,1.389999999999999902e+00,2.589999999999999858e+00,0.000000000000000000e+00,1.129999999999999893e+00,2.069999999999999840e+00,2.089999999999999858e+00,7.000000000000000666e-02,1.199999999999999956e-01,5.000000000000000000e-01,1.429999999999999938e+00,0.000000000000000000e+00,0.000000000000000000e+00,1.399999999999999911e+00,0.000000000000000000e+00,5.400000000000000355e-01,6.800000000000000488e-01,0.000000000000000000e+00,0.000000000000000000e+00,3.529999999999999805e+00,8.399999999999999689e-01,0.000000000000000000e+00,0.000000000000000000e+00,0.000000000000000000e+00,1.310000000000000053e+00,2.640000000000000124e+00,0.000000000000000000e+00,0.000000000000000000e+00,4.400000000000000022e-01,5.129999999999999893e+00,1.000000000000000021e-02,0.000000000000000000e+00,3.400000000000000244e-01,3.279999999999999805e+00,0.000000000000000000e+00
3.649999999999999911e-01,0.000000000000000000e+00,0.000000000000000000e+00,2.189999999999999947e+00,3.250000000000000000e+00,3.924999999999999822e+00,1.110000000000000098e+00,3.479999999999999982e+00,0.000000000000000000e+00,6.949999999999999512e-01,0.000000000000000000e+00,0.000000000000000000e+00,3.950000000000000178e+00,0.000000000000000000e+00,0.000000000000000000e+00,2.800000000000000266e-01,1.985000000000000098e+00,5.999999999999999778e-02,1.310000000000000053e+00,3.499999999999999778e-01,1.110000000000000098e+00,2.384999999999999787e+00,4.899999999999999911e-01,2.459999999999999964e+00,0.000000000000000000e+00,0.000000000000000000e+00,1.014999999999999902e+00,3.964999999999999858e+00,0.000000000000000000e+00,8.050000000000000488e-01,1.034999999999999920e+00,0.000000000000000000e+00,0.000000000000000000e+00,9.449999999999999512e-01,5.450000000000000400e-01,0.000000000000000000e+00,0.000000000000000000e+00,2.490000000000000213e+00,0.000000000000000000e+00,0.000000000000000000e+00,0.000000000000000000e+00,0.000000000000000000e+00,0.000000000000000000e+00,0.000000000000000000e+00,0.000000000000000000e+00,0.000000000000000000e+00,5.400000000000000355e-01,3.649999999999999911e-01,0.000000000000000000e+00,0.000000000000000000e+00,4.149999999999999800e-01,0.000000000000000000e+00,1.650000000000000078e-01,4.344999999999999751e+00,0.000000000000000000e+00,0.000000000000000000e+00,0.000000000000000000e+00,1.385000000000000009e+00,0.000000000000000000e+00,0.000000000000000000e+00,3.049999999999999933e-01,4.450000000000000067e-01,6.450000000000000178e-01,0.000000000000000000e+00,1.189999999999999947e+00,0.000000000000000000e+00,3.430000000000000160e+00,0.000000000000000000e+00,0.000000000000000000e+00,2.099999999999999922e-01,0.000000000000000000e+00,1.564999999999999947e+00,2.200000000000000011e-01,1.770000000000000018e+00,2.839999999999999858e+00,0.000000000000000000e+00,0.000000000000000000e+00,0.000000000000000000e+00,0.000000000000000000e+00,3.884999999999999787e+00,3.075000000000000178e+00,2.600000000000000089e+00,2.996499999999999986e+01,3.484999999999999876e+00,2.319999999999999840e+00,3.845000000000000195e+00,1.070000000000000062e+00,0.000000000000000000e+00,1.000000000000000056e-01,0.000000000000000000e+00,8.449999999999999734e-01,0.000000000000000000e+00,0.000000000000000000e+00,0.000000000000000000e+00,0.000000000000000000e+00,0.000000000000000000e+00,0.000000000000000000e+00,0.000000000000000000e+00,0.000000000000000000e+00,0.000000000000000000e+00,0.000000000000000000e+00,1.735000000000000098e+00,0.000000000000000000e+00,0.000000000000000000e+00,5.949999999999999734e-01,1.030000000000000027e+00,2.100000000000000089e+00,0.000000000000000000e+00,0.000000000000000000e+00,0.000000000000000000e+00,2.029999999999999805e+00,4.424999999999999822e+00,5.000000000000000278e-02,2.104999999999999982e+00,1.604999999999999982e+00,5.749999999999999556e-01,0.000000000000000000e+00,5.300000000000000266e-01,0.000000000000000000e+00,1.925000000000000044e+00,7.584999999999999964e+00,3.259999999999999787e+00,1.425000000000000044e+00,0.000000000000000000e+00,1.225000000000000089e+00,4.899999999999999911e-01,0.000000000000000000e+00,9.699999999999999734e-01,7.800000000000000266e-01,0.000000000000000000e+00,2.234999999999999876e+00,4.794999999999999929e+00,0.000000000000000000e+00,0.000000000000000000e+00,0.000000000000000000e+00,1.723000000000000043e+01,0.000000000000000000e+00,1.885000000000000009e+00,1.179999999999999938e+00,0.000000000000000000e+00,2.459999999999999964e+00,3.520000000000000018e+00,3.095000000000000195e+00,4.089999999999999858e+00,5.179999999999999716e+00,0.000000000000000000e+00,1.639999999999999902e+00,4.419999999999999929e+00,2.604999999999999982e+00,3.149999999999999911e+00,2.584999999999999964e+00,2.549999999999999822e+00,0.000000000000000000e+00,3.099999999999999978e-01,2.495000000000000107e+00,2.640000000000000124e+00,2.439999999999999947e+00,0.000000000000000000e+00,3.009999999999999787e+00,3.654999999999999805e+00,2.859999999999999876e+00,3.490000000000000213e+00,3.900000000000000133e-01,1.895000000000000018e+00,9.899999999999999911e-01,1.504999999999999893e+00,1.669999999999999929e+00,1.669999999999999929e+00,0.000000000000000000e+00,2.035000000000000142e+00,4.745000000000000107e+00,2.549999999999999822e+00,0.000000000000000000e+00,0.000000000000000000e+00,0.000000000000000000e+00,0.000000000000000000e+00,0.000000000000000000e+00,6.254999999999999893e+00,0.000000000000000000e+00,2.345000000000000195e+00,1.060000000000000053e+00,0.000000000000000000e+00,4.500000000000000000e+00,6.600000000000000311e-01,0.000000000000000000e+00,0.000000000000000000e+00,0.000000000000000000e+00,0.000000000000000000e+00,1.300000000000000044e-01,0.000000000000000000e+00
2.169999999999999929e+00,2.149999999999999911e+00,0.000000000000000000e+00,0.000000000000000000e+00,0.000000000000000000e+00,1.400000000000000133e-01,1.389999999999999902e+00,3.060000000000000053e+00,4.200000000000000178e+00,0.000000000000000000e+00,1.669999999999999929e+00,4.669999999999999929e+00,5.820000000000000284e+00,6.700000000000000178e+00,1.476999999999999957e+01,0.000000000000000000e+00,0.000000000000000000e+00,2.390000000000000124e+00,3.229999999999999982e+00,0.000000000000000000e+00,0.000000000000000000e+00,0.000000000000000000e+00,0.000000000000000000e+00,0.000000000000000000e+00,0.000000000000000000e+00,0.000000000000000000e+00,0.000000000000000000e+00,0.000000000000000000e+00,2.540000000000000036e+00,3.299999999999999822e+00,9.419999999999999929e+00,1.939999999999999947e+00,0.000000000000000000e+00,6.669999999999999929e+00,3.109999999999999876e+00,1.379999999999999893e+00,9.000000000000000222e-01,3.400000000000000244e-01,0.000000000000000000e+00,4.320000000000000284e+00,0.000000000000000000e+00,7.360000000000000320e+00,0.000000000000000000e+00,0.000000000000000000e+00,1.729999999999999982e+00,3.699999999999999956e-01,0.000000000000000000e+00,0.000000000000000000e+00,1.131000000000000050e+01,1.491000000000000014e+01,1.320000000000000062e+00,5.000000000000000278e-02,3.560000000000000053e+00,3.589999999999999858e+00,3.399999999999999911e+00,2.560000000000000053e+00,0.000000000000000000e+00,2.620000000000000107e+00,6.209999999999999964e+00,0.000000000000000000e+00,4.790000000000000036e+00,1.919999999999999929e+00,5.999999999999999778e-02,6.889999999999999680e+00,3.080000000000000071e+00,0.000000000000000000e+00,8.800000000000000044e-01,1.600000000000000033e-01,0.000000000000000000e+00,8.320000000000000284e+00,0.000000000000000000e+00,0.000000000000000000e+00,5.690000000000000391e+00,6.509999999999999787e+00,0.000000000000000000e+00,4.320000000000000284e+00,1.199999999999999956e+00,0.000000000000000000e+00,1.719999999999999973e+00,1.669999999999999929e+00,0.000000000000000000e+00,2.173000000000000043e+01,6.599999999999999645e+00,9.899999999999999911e-01,1.629999999999999893e+00,2.359999999999999876e+00,6.120000000000000107e+00,2.390000000000000124e+00,4.530000000000000249e+00,5.969999999999999751e+00,4.179999999999999716e+00,3.979999999999999982e+00,4.200000000000000178e+00,5.410000000000000142e+00,9.410000000000000142e+00,5.299999999999999822e+00,1.629999999999999893e+00,2.270000000000000018e+00,4.709999999999999964e+00,1.219999999999999973e+00,4.830000000000000071e+00,2.290000000000000036e+00,5.549999999999999822e+00,5.049999999999999822e+00,5.919999999999999929e+00,2.080000000000000071e+00,4.370000000000000107e+00,7.459999999999999964e+00,2.990000000000000213e+00,2.209999999999999964e+00,4.500000000000000000e+00,0.000000000000000000e+00,1.097000000000000064e+01,3.950000000000000178e+00,6.410000000000000142e+00,1.499999999999999944e-01,3.290000000000000036e+00,1.669999999999999929e+01,2.569999999999999840e+00,6.059999999999999609e+00,5.070000000000000284e+00,2.173999999999999844e+01,3.790000000000000036e+00,1.939999999999999947e+00,5.549999999999999822e+00,0.000000000000000000e+00,1.800000000000000044e+00,0.000000000000000000e+00,4.710000000000000142e+01,4.500000000000000000e+01,5.799999999999999600e-01,6.169999999999999929e+00,5.360000000000000320e+00,0.000000000000000000e+00,4.610000000000000320e+00,2.080000000000000071e+00,0.000000000000000000e+00,0.000000000000000000e+00,0.000000000000000000e+00,9.343000000000000682e+01,2.609999999999999876e+00,0.000000000000000000e+00,0.000000000000000000e+00,2.300000000000000100e-01,0.000000000000000000e+00,7.299999999999999822e-01,1.159999999999999920e+00,6.700000000000000400e-01,2.930000000000000160e+00,1.679999999999999938e+00,1.889999999999999902e+00,2.319999999999999840e+00,3.250000000000000000e+00,1.989999999999999991e+00,1.453999999999999915e+01,1.679999999999999938e+00,3.560000000000000053e+00,5.759999999999999787e+00,6.500000000000000222e-01,2.500000000000000000e+00,0.000000000000000000e+00,2.520000000000000018e+00,1.709999999999999964e+00,3.370000000000000107e+00,1.439999999999999947e+00,3.020000000000000018e+00,6.110000000000000320e+00,3.870000000000000107e+00,9.960000000000000853e+00,5.820000000000000284e+00,8.150000000000000355e+00,0.000000000000000000e+00,0.000000000000000000e+00,0.000000000000000000e+00,7.600000000000000000e+01,1.519999999999999929e+01,1.432000000000000028e+01,0.000000000000000000e+00,3.589999999999999858e+00,0.000000000000000000e+00,6.110000000000000320e+00,6.300000000000000044e-01,2.930000000000000160e+00,2.180000000000000160e+00,7.820000000000000284e+00,0.000000000000000000e+00,0.000000000000000000e+00,3.149999999999999911e+00,1.770000000000000018e+00,0.000000000000000000e+00
4.400000000000000000e+01,2.090500000000000114e+01,0.000000000000000000e+00,3.404999999999999805e+00,6.999999999999999556e-01,5.209999999999999964e+00,3.282500000000000284e+01,3.624499999999999744e+01,1.084500000000000064e+01,4.275000000000000000e+01,0.000000000000000000e+00,4.544999999999999929e+00,3.854999999999999982e+00,8.919999999999999929e+00,1.782499999999999929e+01,3.774999999999999911e+00,1.089000000000000057e+01,0.000000000000000000e+00,4.634999999999999787e+00,0.000000000000000000e+00,0.000000000000000000e+00,0.000000000000000000e+00,3.745000000000000107e+00,1.463000000000000078e+01,1.864999999999999991e+00,2.557999999999999829e+01,1.645499999999999829e+01,3.717000000000000171e+01,4.035000000000000142e+00,0.000000000000000000e+00,3.442499999999999716e+01,4.168999999999999773e+01,1.726999999999999957e+01,4.768500000000000227e+01,6.004999999999999893e+00,0.000000000000000000e+00,1.499999999999999944e-01,0.000000000000000000e+00,1.034999999999999920e+00,3.552000000000000313e+01,0.000000000000000000e+00,9.984999999999999432e+00,6.714999999999999858e+00,4.200000000000000178e+00,9.041500000000000625e+01,0.000000000000000000e+00,5.724999999999999645e+00,5.100000000000000089e-01,4.514999999999999680e+00,1.449499999999999922e+01,3.444999999999999840e+00,1.486500000000000021e+01,0.000000000000000000e+00,1.799999999999999933e-01,0.000000000000000000e+00,1.447000000000000064e+01,1.675000000000000044e+00,2.133999999999999986e+01,4.275000000000000355e+00,0.000000000000000000e+00,6.594999999999999751e+00,4.800000000000000000e+01,5.425500000000000256e+01,8.054999999999999716e+01,1.239999999999999991e+00,9.300000000000000488e-01,0.000000000000000000e+00,2.112000000000000099e+01,1.978999999999999915e+01,8.775000000000000355e+00,4.228999999999999915e+01,5.924999999999999822e+00,6.127000000000000313e+01,1.900000000000000000e+01,8.699999999999999289e+00,0.000000000000000000e+00,0.000000000000000000e+00,2.448000000000000043e+01,1.225000000000000000e+01,4.147500000000000142e+01,6.742499999999999716e+01,4.497500000000000142e+01,4.872999999999999687e+01,3.202000000000000313e+01,6.196000000000000085e+01,2.080000000000000071e+00,0.000000000000000000e+00,0.000000000000000000e+00,5.969999999999999751e+00,1.835000000000000142e+01,8.499999999999999778e-01,2.120000000000000107e+00,0.000000000000000000e+00,0.000000000000000000e+00,0.000000000000000000e+00,1.030000000000000027e+00,0.000000000000000000e+00,0.000000000000000000e+00,0.000000000000000000e+00,2.379999999999999893e+00,1.650000000000000000e+01,3.070499999999999829e+01,2.600000000000000000e+01,4.029999999999999716e+01,3.810000000000000053e+00,4.379999999999999893e+00,6.620000000000000107e+00,7.389999999999999680e+00,4.803000000000000114e+01,5.157999999999999829e+01,3.310000000000000142e+01,2.165000000000000036e+00,2.175000000000000000e+01,3.310499999999999687e+01,0.000000000000000000e+00,1.919999999999999929e+00,3.699999999999999956e-01,3.049999999999999822e+00,3.575000000000000178e+00,4.080000000000000071e+00,5.469999999999999751e+00,6.913500000000000512e+01,3.299999999999999822e+00,9.300000000000000488e-01,1.360000000000000098e+00,1.050000000000000044e+00,6.450000000000000178e-01,9.150000000000000355e-01,6.545999999999999375e+01,8.001000000000001933e+01,5.700000000000000178e+00,1.221499999999999986e+01,7.049999999999999600e-01,3.350000000000000200e-01,0.000000000000000000e+00,4.089999999999999858e+00,5.629999999999999893e+00,2.949999999999999845e-01,2.794999999999999929e+00,0.000000000000000000e+00,1.985500000000000043e+01,4.245000000000000107e+00,1.923999999999999844e+01,5.184999999999999609e+00,1.742999999999999972e+01,1.347000000000000064e+01,1.814999999999999858e+01,2.189000000000000057e+01,3.800000000000000044e-01,2.893499999999999872e+01,2.310000000000000053e+00,1.171499999999999986e+01,2.678999999999999915e+01,2.850000000000000089e+00,1.666499999999999915e+01,2.630000000000000071e+01,3.369500000000000028e+01,1.832999999999999829e+01,1.679999999999999938e+00,1.879999999999999893e+00,1.120000000000000107e+00,1.510000000000000009e+00,3.350000000000000200e-01,7.399999999999999911e-01,8.705000000000000071e+00,5.123499999999999943e+01,1.187500000000000000e+01,7.199999999999999734e-01,2.129999999999999893e+00,3.498499999999999943e+01,1.995499999999999829e+01,1.530000000000000027e+00,0.000000000000000000e+00,0.000000000000000000e+00,2.598999999999999844e+01,2.615000000000000213e+00,5.999999999999999778e-01,0.000000000000000000e+00,1.883999999999999986e+01,6.570000000000000284e+00,1.850000000000000000e+01,3.941499999999999915e+01,5.375000000000000000e+00,1.314999999999999947e+00,5.764999999999999680e+00,3.910000000000000142e+00,5.992499999999999716e+01,4.350000000000000000e+01,3.017999999999999972e+01,2.953999999999999915e+01
7.540000000000000036e+00,1.357000000000000028e+01,1.179999999999999938e+00,3.209999999999999964e+00,1.229999999999999982e+00,2.319999999999999840e+00,1.729999999999999982e+00,8.529999999999999361e+00,3.560000000000000053e+00,2.133999999999999986e+01,5.139999999999999680e+00,8.099999999999999645e+00,6.959999999999999964e+00,5.379999999999999893e+00,8.060000000000000497e+00,1.429999999999999938e+00,1.060000000000000053e+00,4.730000000000000426e+00,6.009999999999999787e+00,5.999999999999999778e-01,5.200000000000000178e-01,6.300000000000000044e-01,9.200000000000000400e-01,1.729999999999999982e+00,4.830000000000000071e+00,3.089999999999999858e+00,1.020000000000000018e+00,3.240000000000000213e+00,8.349999999999999645e+00,2.060000000000000053e+00,1.179999999999999938e+00,3.660000000000000142e+00,1.969999999999999973e+00,2.192999999999999972e+01,1.091999999999999993e+01,3.270000000000000018e+00,2.430000000000000160e+00,2.180000000000000160e+00,8.199999999999999512e-01,5.330000000000000071e+00,1.649999999999999911e+00,5.632000000000000028e+01,6.700000000000000400e-01,0.000000000000000000e+00,1.919999999999999929e+00,2.430000000000000160e+00,8.787999999999999545e+01,8.210999999999999943e+01,8.728000000000000114e+01,8.567000000000000171e+01,9.265999999999999659e+01,8.365999999999999659e+01,4.070000000000000284e+00,1.282000000000000028e+01,8.099999999999999645e+00,3.910000000000000142e+00,1.013000000000000078e+01,3.125000000000000000e+01,1.002999999999999936e+01,5.679999999999999716e+00,1.696000000000000085e+01,4.784000000000000341e+01,2.214999999999999858e+01,4.742999999999999972e+01,1.151999999999999957e+01,8.000000000000000000e+00,4.190000000000000391e+00,3.930000000000000160e+00,3.169999999999999929e+00,3.103999999999999915e+01,1.351999999999999957e+01,4.580000000000000071e+00,7.030000000000000249e+00,8.130000000000000782e+00,4.980000000000000426e+00,1.969999999999999973e+00,0.000000000000000000e+00,5.009999999999999787e+00,1.455000000000000071e+01,2.040000000000000036e+00,1.040000000000000036e+00,7.542000000000000171e+01,3.790999999999999659e+01,2.105000000000000071e+01,6.219999999999999751e+00,4.209999999999999964e+00,4.839000000000000057e+01,6.740000000000000213e+00,8.419999999999999929e+00,5.290000000000000036e+00,7.129999999999999893e+00,5.320000000000000284e+00,0.000000000000000000e+00,1.949999999999999956e+00,4.620000000000000107e+00,3.479999999999999982e+00,7.379999999999999893e+00,2.259999999999999787e+00,4.080000000000000071e+00,2.580000000000000071e+00,3.020000000000000018e+00,1.000000000000000021e-02,7.500000000000000000e-01,1.520000000000000018e+00,4.389999999999999680e+00,1.174000000000000021e+01,9.339999999999999858e+00,6.559999999999999609e+00,9.839999999999999858e+00,9.419999999999999929e+00,4.830000000000000071e+00,5.100000000000000089e-01,9.656999999999999318e+01,5.730000000000000426e+00,5.080000000000000071e+00,2.430000000000000160e+00,3.580000000000000071e+00,6.040000000000000036e+00,7.109000000000000341e+01,8.842000000000000171e+01,8.715000000000001990e+01,4.620000000000000107e+00,6.650000000000000355e+00,3.200000000000000178e+00,4.719999999999999751e+00,2.229999999999999982e+00,1.678000000000000114e+01,1.449999999999999956e+00,3.863000000000000256e+01,2.023000000000000043e+01,1.129999999999999893e+00,4.929999999999999716e+00,6.419999999999999929e+00,6.879999999999999893e+00,2.339999999999999858e+00,2.279999999999999805e+00,0.000000000000000000e+00,2.800000000000000266e-01,3.699999999999999956e-01,5.589999999999999858e+00,1.550000000000000044e+00,3.339999999999999858e+00,7.099999999999999645e-01,3.379999999999999893e+00,1.639999999999999902e+00,2.729999999999999982e+00,3.370000000000000107e+00,3.020000000000000018e+00,4.530000000000000249e+00,3.350000000000000089e+00,4.230000000000000426e+00,1.880000000000000071e+01,3.109999999999999876e+00,2.020000000000000018e+00,8.895999999999997954e+01,2.209999999999999964e+00,6.509999999999999787e+00,3.268999999999999773e+01,1.051999999999999957e+01,1.669999999999999929e+00,4.280000000000000249e+00,4.900000000000000355e+00,5.160000000000000142e+00,7.399999999999999911e-01,1.168999999999999950e+01,3.830000000000000071e+00,4.570000000000000284e+00,3.709999999999999964e+00,6.559999999999999609e+00,1.188000000000000078e+01,4.313000000000000256e+01,1.780000000000000027e+00,1.179999999999999938e+00,2.740000000000000213e+00,4.945000000000000284e+01,1.265000000000000036e+01,1.246000000000000085e+01,0.000000000000000000e+00,1.469999999999999973e+00,5.429999999999999716e+00,7.932999999999999829e+01,4.089999999999999858e+00,4.929999999999999716e+00,3.629999999999999893e+00,8.849999999999999645e+00,3.680000000000000160e+00,0.000000000000000000e+00,8.250000000000000000e+00,1.574000000000000021e+01,2.300000000000000100e-01
6.197999999999999687e+01,4.543999999999999773e+01,0.000000000000000000e+00,0.000000000000000000e+00,0.000000000000000000e+00,0.000000000000000000e+00,6.419999999999999929e+00,9.580000000000000071e+00,7.199999999999999734e-01,0.000000000000000000e+00,7.910000000000000142e+00,1.006000000000000050e+01,7.500000000000000000e+00,1.371000000000000085e+01,2.012000000000000099e+01,0.000000000000000000e+00,7.800000000000000266e-01,0.000000000000000000e+00,1.800000000000000044e+00,2.569999999999999840e+00,0.000000000000000000e+00,4.000000000000000083e-02,2.617000000000000171e+01,3.210000000000000142e+01,4.379999999999999893e+00,1.000000000000000021e-02,2.101999999999999957e+01,7.800000000000000266e-01,1.000000000000000056e-01,0.000000000000000000e+00,0.000000000000000000e+00,8.699999999999999289e+00,0.000000000000000000e+00,6.389999999999999680e+00,5.799999999999999822e+00,2.279999999999999805e+00,0.000000000000000000e+00,0.000000000000000000e+00,0.000000000000000000e+00,0.000000000000000000e+00,0.000000000000000000e+00,1.489999999999999991e+00,2.307999999999999829e+01,9.869999999999999218e+00,1.449000000000000021e+01,6.500000000000000000e+00,0.000000000000000000e+00,0.000000000000000000e+00,7.259999999999999787e+00,5.459999999999999964e+00,0.000000000000000000e+00,0.000000000000000000e+00,2.700000000000000178e+00,7.910000000000000142e+00,1.129999999999999893e+00,5.000000000000000000e-01,3.990000000000000213e+00,0.000000000000000000e+00,1.850000000000000089e+00,0.000000000000000000e+00,2.848999999999999844e+01,5.440000000000000391e+00,8.259999999999999787e+00,0.000000000000000000e+00,4.699999999999999734e-01,3.239000000000000057e+01,1.169999999999999929e+00,7.273999999999998067e+01,7.037999999999999545e+01,1.696999999999999886e+01,2.137000000000000099e+01,0.000000000000000000e+00,0.000000000000000000e+00,1.800000000000000044e+00,2.589999999999999858e+00,2.000000000000000111e-01,0.000000000000000000e+00,0.000000000000000000e+00,1.389999999999999902e+00,1.219999999999999973e+00,0.000000000000000000e+00,3.139999999999999858e+01,1.600000000000000000e+01,3.772999999999999687e+01,0.000000000000000000e+00,1.429999999999999938e+00,5.410000000000000142e+01,1.790000000000000036e+00,4.699999999999999734e-01,1.616000000000000014e+01,1.629999999999999893e+00,8.100000000000000533e-01,2.120000000000000107e+00,1.439999999999999947e+00,0.000000000000000000e+00,2.270000000000000018e+00,1.919999999999999929e+00,0.000000000000000000e+00,0.000000000000000000e+00,2.600000000000000089e-01,8.499999999999999778e-01,1.600000000000000033e-01,3.400000000000000244e-01,1.030000000000000027e+00,3.609999999999999876e+00,6.959999999999999964e+00,1.446000000000000085e+01,1.344999999999999929e+01,2.323999999999999844e+01,1.671000000000000085e+01,2.937999999999999901e+01,1.709999999999999964e+00,1.214000000000000057e+01,1.919999999999999929e+00,2.109999999999999876e+00,1.649999999999999911e+00,3.450000000000000178e+00,4.379999999999999893e+00,4.940000000000000391e+00,6.690000000000000391e+00,6.620000000000000107e+00,1.465000000000000036e+01,2.370000000000000107e+00,0.000000000000000000e+00,4.600000000000000200e-01,0.000000000000000000e+00,2.270000000000000018e+00,0.000000000000000000e+00,4.365999999999999659e+01,5.239000000000000057e+01,2.370000000000000107e+00,2.419999999999999929e+00,1.570000000000000062e+00,0.000000000000000000e+00,1.300000000000000044e+00,1.000000000000000000e+00,0.000000000000000000e+00,0.000000000000000000e+00,8.999999999999999667e-02,1.669999999999999929e+00,3.560000000000000053e+00,0.000000000000000000e+00,0.000000000000000000e+00,2.220000000000000195e+00,1.860000000000000098e+00,0.000000000000000000e+00,0.000000000000000000e+00,0.000000000000000000e+00,1.110000000000000098e+00,1.590000000000000080e+00,1.679999999999999938e+00,3.040000000000000036e+00,6.330000000000000071e+00,0.000000000000000000e+00,1.139000000000000057e+01,2.099999999999999922e-01,1.709999999999999964e+00,7.290000000000000036e+00,1.449999999999999956e+00,1.870000000000000107e+00,1.530000000000000027e+00,1.780000000000000027e+00,0.000000000000000000e+00,9.899999999999999911e-01,1.229999999999999982e+00,3.810000000000000053e+00,6.740000000000000213e+00,0.000000000000000000e+00,4.240000000000000213e+00,1.908999999999999986e+01,5.653000000000000114e+01,4.950000000000000178e+00,0.000000000000000000e+00,0.000000000000000000e+00,6.629999999999999893e+00,5.899999999999999689e-01,1.659999999999999920e+00,0.000000000000000000e+00,8.060000000000000497e+00,0.000000000000000000e+00,7.639999999999999680e+00,1.340000000000000080e+00,1.100000000000000089e+00,9.300000000000000488e-01,2.540000000000000036e+00,2.000000000000000042e-02,0.000000000000000000e+00,1.061999999999999922e+01,3.192999999999999972e+01,0.000000000000000000e+00
3.970000000000000195e+00,3.720000000000000195e+00,8.299999999999999600e-01,1.389999999999999902e+00,1.439999999999999947e+00,4.230000000000000426e+00,4.969999999999999751e+00,3.379999999999999893e+00,3.470000000000000195e+00,0.000000000000000000e+00,2.979999999999999982e+00,0.000000000000000000e+00,1.919999999999999929e+00,1.010000000000000009e+00,1.799999999999999933e-01,5.999999999999999778e-02,2.500000000000000000e-01,5.500000000000000444e-01,6.700000000000000400e-01,8.199999999999999512e-01,0.000000000000000000e+00,0.000000000000000000e+00,0.000000000000000000e+00,2.220000000000000195e+00,1.199999999999999956e-01,2.270000000000000018e+00,5.600000000000000533e-01,2.169999999999999929e+00,1.900000000000000022e-01,1.500000000000000000e+00,7.639999999999999680e+00,4.600000000000000200e-01,1.340000000000000080e+00,3.029999999999999805e+00,1.419999999999999929e+00,8.900000000000000133e-01,3.189999999999999947e+00,5.899999999999999689e-01,8.900000000000000133e-01,8.599999999999999867e-01,0.000000000000000000e+00,1.540000000000000036e+00,1.919999999999999929e+00,1.229999999999999982e+00,1.370000000000000107e+00,3.430000000000000160e+00,0.000000000000000000e+00,3.490000000000000213e+00,5.750000000000000000e+00,8.470000000000000639e+00,3.810000000000000053e+00,1.149999999999999911e+00,1.679999999999999938e+00,7.980000000000000426e+00,9.300000000000000488e-01,1.399999999999999911e+00,6.730000000000000426e+00,4.370000000000000107e+00,4.879999999999999893e+00,8.100000000000000533e-01,1.360000000000000098e+00,2.080000000000000071e+00,0.000000000000000000e+00,1.850000000000000089e+00,0.000000000000000000e+00,4.169999999999999929e+00,3.100000000000000089e+00,1.540000000000000036e+00,1.949999999999999956e+00,4.240000000000000213e+00,1.600000000000000033e-01,3.500000000000000000e+00,2.100000000000000089e+00,2.040000000000000036e+00,3.819999999999999840e+00,1.919999999999999929e+00,0.000000000000000000e+00,1.639999999999999902e+00,1.340000000000000080e+00,1.270000000000000018e+00,5.799999999999999600e-01,5.879999999999999893e+00,4.110000000000000320e+00,3.060000000000000053e+00,2.810000000000000053e+00,1.669999999999999929e+00,2.250000000000000000e+00,0.000000000000000000e+00,1.590000000000000080e+00,2.890000000000000124e+00,0.000000000000000000e+00,2.399999999999999911e-01,9.100000000000000311e-01,2.379999999999999893e+00,6.910000000000000142e+00,1.810000000000000053e+00,1.610000000000000098e+00,1.360000000000000098e+00,1.459999999999999964e+00,5.500000000000000444e-01,1.659999999999999920e+00,0.000000000000000000e+00,1.040000000000000036e+00,3.499999999999999778e-01,2.149999999999999911e+00,1.510000000000000009e+00,3.669999999999999929e+00,4.219999999999999751e+00,2.549999999999999822e+00,9.000000000000000222e-01,7.500000000000000000e+00,0.000000000000000000e+00,2.319999999999999840e+00,1.750000000000000000e+00,3.410000000000000142e+00,1.870000000000000107e+00,3.080000000000000071e+00,2.700000000000000178e+00,4.009999999999999787e+00,1.020000000000000018e+00,2.879999999999999893e+00,2.720000000000000195e+00,2.259999999999999787e+00,8.599999999999999867e-01,1.399999999999999911e+00,8.320000000000000284e+00,5.139999999999999680e+00,0.000000000000000000e+00,6.339999999999999858e+00,1.040000000000000036e+00,2.620000000000000107e+00,3.599999999999999867e-01,1.739999999999999991e+00,4.330000000000000071e+00,2.870000000000000107e+00,2.899999999999999911e+00,2.999999999999999889e-01,4.400000000000000022e-01,8.000000000000000167e-02,1.850000000000000089e+00,8.399999999999999689e-01,3.580000000000000071e+00,1.250000000000000000e+00,7.000000000000000666e-02,5.400000000000000355e-01,2.040000000000000036e+00,2.600000000000000089e+00,3.100000000000000089e+00,7.519999999999999574e+00,4.959999999999999964e+00,3.930000000000000160e+00,6.190000000000000391e+00,2.129999999999999893e+00,1.110000000000000098e+00,7.820000000000000284e+00,3.133999999999999986e+01,3.572999999999999687e+01,4.980000000000000426e+00,6.099999999999999867e-01,1.050000000000000044e+00,0.000000000000000000e+00,2.120000000000000107e+00,3.509999999999999787e+00,5.500000000000000444e-01,1.030000000000000027e+00,1.429999999999999938e+00,2.270000000000000018e+00,4.379999999999999893e+00,4.910000000000000142e+00,2.089999999999999858e+00,0.000000000000000000e+00,1.739999999999999991e+00,0.000000000000000000e+00,3.599999999999999867e-01,3.099999999999999978e-01,2.180000000000000160e+00,2.290000000000000036e+00,3.109999999999999876e+00,0.000000000000000000e+00,3.029999999999999805e+00,2.649999999999999911e+00,1.169999999999999929e+00,1.719999999999999973e+00,8.800000000000000044e-01,3.990000000000000213e+00,3.020000000000000018e+00,0.000000000000000000e+00,2.470000000000000195e+00,1.260000000000000009e+00,2.609999999999999876e+00
2.009999999999999787e+00,2.430000000000000160e+00,0.000000000000000000e+00,0.000000000000000000e+00,0.000000000000000000e+00,0.000000000000000000e+00,1.300000000000000044e-01,0.000000000000000000e+00,7.399999999999999911e-01,1.320000000000000062e+00,0.000000000000000000e+00,0.000000000000000000e+00,4.850000000000000000e+01,0.000000000000000000e+00,0.000000000000000000e+00,4.199999999999999845e-01,0.000000000000000000e+00,0.000000000000000000e+00,0.000000000000000000e+00,0.000000000000000000e+00,0.000000000000000000e+00,0.000000000000000000e+00,5.300000000000000266e-01,0.000000000000000000e+00,0.000000000000000000e+00,0.000000000000000000e+00,6.600000000000000311e-01,0.000000000000000000e+00,0.000000000000000000e+00,0.000000000000000000e+00,0.000000000000000000e+00,7.299999999999999822e-01,0.000000000000000000e+00,0.000000000000000000e+00,0.000000000000000000e+00,0.000000000000000000e+00,0.000000000000000000e+00,0.000000000000000000e+00,0.000000000000000000e+00,0.000000000000000000e+00,0.000000000000000000e+00,2.600000000000000089e-01,0.000000000000000000e+00,0.000000000000000000e+00,0.000000000000000000e+00,4.940000000000000391e+00,0.000000000000000000e+00,4.899999999999999911e-01,0.000000000000000000e+00,0.000000000000000000e+00,0.000000000000000000e+00,5.999999999999999778e-02,3.660000000000000142e+00,1.689999999999999947e+00,0.000000000000000000e+00,2.200000000000000011e-01,0.000000000000000000e+00,0.000000000000000000e+00,0.000000000000000000e+00,1.989999999999999991e+00,1.500000000000000000e+00,0.000000000000000000e+00,0.000000000000000000e+00,0.000000000000000000e+00,0.000000000000000000e+00,1.290000000000000036e+00,0.000000000000000000e+00,0.000000000000000000e+00,0.000000000000000000e+00,0.000000000000000000e+00,0.000000000000000000e+00,0.000000000000000000e+00,0.000000000000000000e+00,0.000000000000000000e+00,3.169999999999999929e+00,0.000000000000000000e+00,0.000000000000000000e+00,0.000000000000000000e+00,1.500000000000000000e+00,4.000000000000000222e-01,0.000000000000000000e+00,0.000000000000000000e+00,0.000000000000000000e+00,2.649999999999999911e+00,1.030000000000000027e+00,0.000000000000000000e+00,8.599999999999999867e-01,1.439999999999999947e+00,2.200000000000000178e+00,9.100000000000000311e-01,0.000000000000000000e+00,0.000000000000000000e+00,0.000000000000000000e+00,0.000000000000000000e+00,0.000000000000000000e+00,0.000000000000000000e+00,0.000000000000000000e+00,0.000000000000000000e+00,0.000000000000000000e+00,0.000000000000000000e+00,0.000000000000000000e+00,0.000000000000000000e+00,0.000000000000000000e+00,0.000000000000000000e+00,0.000000000000000000e+00,0.000000000000000000e+00,1.292999999999999972e+01,5.899999999999999689e-01,1.139999999999999902e+00,1.600000000000000033e-01,0.000000000000000000e+00,5.899999999999999689e-01,0.000000000000000000e+00,2.500000000000000000e-01,0.000000000000000000e+00,0.000000000000000000e+00,0.000000000000000000e+00,0.000000000000000000e+00,0.000000000000000000e+00,0.000000000000000000e+00,9.399999999999999467e-01,8.399999999999999689e-01,0.000000000000000000e+00,0.000000000000000000e+00,0.000000000000000000e+00,1.989999999999999991e+00,0.000000000000000000e+00,1.530000000000000027e+00,3.049999999999999822e+00,2.379999999999999893e+00,5.100000000000000089e-01,1.830000000000000071e+00,0.000000000000000000e+00,3.660000000000000142e+00,0.000000000000000000e+00,2.020000000000000018e+00,5.500000000000000444e-01,0.000000000000000000e+00,1.080000000000000071e+00,1.649999999999999911e+00,7.299999999999999822e-01,2.750000000000000000e+00,0.000000000000000000e+00,0.000000000000000000e+00,6.099999999999999867e-01,0.000000000000000000e+00,8.900000000000000133e-01,0.000000000000000000e+00,0.000000000000000000e+00,0.000000000000000000e+00,0.000000000000000000e+00,0.000000000000000000e+00,1.760000000000000009e+00,0.000000000000000000e+00,3.540000000000000036e+00,0.000000000000000000e+00,0.000000000000000000e+00,0.000000000000000000e+00,0.000000000000000000e+00,0.000000000000000000e+00,0.000000000000000000e+00,1.000000000000000056e-01,0.000000000000000000e+00,0.000000000000000000e+00,0.000000000000000000e+00,1.280000000000000027e+00,0.000000000000000000e+00,1.689999999999999947e+00,1.100000000000000006e-01,0.000000000000000000e+00,1.100000000000000089e+00,3.000000000000000000e+00,0.000000000000000000e+00,0.000000000000000000e+00,1.675000000000000000e+01,0.000000000000000000e+00,0.000000000000000000e+00,8.499999999999999778e-01,0.000000000000000000e+00,3.900000000000000133e-01,7.700000000000000178e-01,0.000000000000000000e+00,0.000000000000000000e+00,1.799999999999999933e-01,1.310000000000000053e+00,7.299999999999999822e-01,8.900000000000000133e-01,0.000000000000000000e+00,2.180000000000000160e+00,0.000000000000000000e+00
1.409999999999999964e+01,3.350000000000000089e+00,9.300000000000000488e-01,2.540000000000000036e+00,1.659999999999999920e+00,3.729999999999999982e+00,3.700000000000000178e+00,4.410000000000000142e+00,2.120000000000000107e+00,0.000000000000000000e+00,4.089999999999999858e+00,0.000000000000000000e+00,7.540000000000000036e+00,0.000000000000000000e+00,2.080000000000000071e+00,2.089999999999999858e+00,5.000000000000000278e-02,4.660000000000000142e+00,3.819999999999999840e+00,0.000000000000000000e+00,0.000000000000000000e+00,0.000000000000000000e+00,1.100000000000000006e-01,1.840000000000000080e+00,2.589999999999999858e+00,2.180000000000000160e+00,1.020000000000000018e+00,4.129999999999999893e+00,3.080000000000000071e+00,3.419999999999999929e+00,0.000000000000000000e+00,7.700000000000000178e-01,3.069999999999999840e+00,6.089999999999999858e+00,7.769999999999999574e+00,3.310000000000000053e+00,4.709999999999999964e+00,3.509999999999999787e+00,3.680000000000000160e+00,5.209999999999999964e+00,2.080000000000000071e+00,2.089999999999999858e+00,2.830000000000000071e+00,0.000000000000000000e+00,4.139999999999999680e+00,1.649999999999999911e+00,2.379999999999999893e+00,4.500000000000000000e+00,8.660000000000000142e+00,7.990000000000000213e+00,4.759999999999999787e+00,2.709999999999999964e+00,2.879999999999999893e+00,9.369999999999999218e+00,3.160000000000000142e+00,3.390000000000000124e+00,1.120000000000000107e+00,1.909999999999999920e+00,8.169999999999999929e+00,0.000000000000000000e+00,5.330000000000000071e+00,3.660000000000000142e+00,3.810000000000000053e+00,5.280000000000000249e+00,3.080000000000000071e+00,3.229999999999999982e+00,8.130000000000000782e+00,3.669999999999999929e+00,3.560000000000000053e+00,4.809999999999999609e+00,4.419999999999999929e+00,3.750000000000000000e+00,7.110000000000000320e+00,7.809999999999999609e+00,4.500000000000000000e+00,3.629999999999999893e+00,0.000000000000000000e+00,1.280000000000000027e+00,4.740000000000000213e+00,1.590000000000000080e+00,0.000000000000000000e+00,1.267999999999999972e+01,5.049999999999999822e+00,2.680000000000000160e+00,2.470000000000000195e+00,5.400000000000000355e+00,6.639999999999999680e+00,6.360000000000000320e+00,1.739999999999999991e+00,3.552000000000000313e+01,4.070000000000000284e+00,4.700000000000000178e+00,4.309999999999999609e+00,2.120000000000000107e+00,7.919999999999999929e+00,3.560000000000000053e+00,4.469999999999999751e+00,2.819999999999999840e+00,6.419999999999999929e+00,2.140000000000000124e+00,5.200000000000000178e+00,2.970000000000000195e+00,5.150000000000000355e+00,2.200000000000000178e+00,3.770000000000000018e+00,1.300000000000000044e+00,8.939999999999999503e+00,2.464000000000000057e+01,3.189999999999999947e+00,2.000000000000000000e+00,2.399999999999999911e+00,0.000000000000000000e+00,3.399999999999999911e+00,2.149999999999999911e+00,5.799999999999999822e+00,2.870000000000000107e+00,2.270000000000000018e+00,7.559999999999999609e+00,1.860000000000000098e+00,3.700000000000000178e+00,3.200000000000000178e+00,0.000000000000000000e+00,7.800000000000000266e-01,2.660000000000000142e+00,5.459999999999999964e+00,6.889999999999999680e+00,3.540000000000000036e+00,1.229999999999999982e+00,1.373000000000000043e+01,7.259999999999999787e+00,2.339999999999999858e+00,2.629999999999999893e+00,6.549999999999999822e+00,2.379999999999999893e+00,3.470000000000000195e+00,0.000000000000000000e+00,0.000000000000000000e+00,3.599999999999999867e-01,7.900000000000000355e-01,3.669999999999999929e+00,8.299999999999999600e-01,2.049999999999999822e+00,4.600000000000000200e-01,1.409999999999999920e+00,1.229999999999999982e+00,8.140000000000000568e+00,9.140000000000000568e+00,7.959999999999999964e+00,1.899999999999999911e+00,3.270000000000000018e+00,2.799999999999999822e+00,7.679999999999999716e+00,6.490000000000000213e+00,2.399999999999999911e-01,5.330000000000000071e+00,1.040000000000000036e+00,4.879999999999999893e+00,3.049999999999999822e+00,2.729999999999999982e+00,2.819999999999999840e+00,1.840000000000000080e+00,3.450000000000000178e+00,4.280000000000000249e+00,1.530000000000000027e+00,2.319999999999999840e+00,2.870000000000000107e+00,5.019999999999999574e+00,4.820000000000000284e+00,1.115000000000000036e+01,3.819999999999999840e+00,7.600000000000000089e-01,0.000000000000000000e+00,0.000000000000000000e+00,0.000000000000000000e+00,5.750000000000000000e+00,9.349999999999999645e+00,7.650000000000000355e+00,0.000000000000000000e+00,4.480000000000000426e+00,4.440000000000000391e+00,2.180000000000000160e+00,1.580000000000000071e+00,3.330000000000000071e+00,2.379999999999999893e+00,1.344999999999999929e+01,1.770000000000000018e+00,0.000000000000000000e+00,2.810000000000000053e+00,3.500000000000000000e+00,1.689999999999999947e+00
2.700000000000000178e+00,2.209999999999999964e+00,1.600000000000000033e-01,1.229999999999999982e+00,1.499999999999999944e-01,4.049999999999999822e+00,1.899999999999999911e+00,2.799999999999999822e+00,0.000000000000000000e+00,0.000000000000000000e+00,1.459999999999999964e+00,7.679999999999999716e+00,3.799999999999999822e+00,4.709999999999999964e+00,4.740000000000000213e+00,1.290000000000000036e+00,6.300000000000000044e-01,2.810000000000000053e+00,2.620000000000000107e+00,9.899999999999999911e-01,1.600000000000000033e-01,0.000000000000000000e+00,0.000000000000000000e+00,1.149999999999999911e+00,2.950000000000000178e+00,3.099999999999999978e-01,6.600000000000000311e-01,0.000000000000000000e+00,7.500000000000000000e-01,4.200000000000000178e+00,8.640000000000000568e+00,1.689999999999999947e+00,1.439999999999999947e+00,1.799999999999999933e-01,5.100000000000000089e-01,9.089999999999999858e+00,4.950000000000000178e+00,3.589999999999999858e+00,3.979999999999999982e+00,2.509999999999999787e+00,9.699999999999999734e-01,4.799999999999999822e-01,4.009999999999999787e+00,2.790000000000000036e+00,2.279999999999999805e+00,2.220000000000000195e+00,0.000000000000000000e+00,2.080000000000000071e+00,5.889999999999999680e+00,6.120000000000000107e+00,3.129999999999999893e+00,6.500000000000000222e-01,2.209999999999999964e+00,1.211999999999999922e+01,6.389999999999999680e+00,1.679999999999999938e+00,5.599999999999999645e+00,1.689999999999999947e+00,3.660000000000000142e+00,3.699999999999999956e-01,8.399999999999999689e-01,7.000000000000000666e-02,0.000000000000000000e+00,1.360000000000000098e+00,1.110000000000000098e+00,2.399999999999999911e+00,0.000000000000000000e+00,1.870000000000000107e+00,0.000000000000000000e+00,2.649999999999999911e+00,4.000000000000000083e-02,3.370000000000000107e+00,4.370000000000000107e+00,2.279999999999999805e+00,5.959999999999999964e+00,8.399999999999999689e-01,3.720000000000000195e+00,1.330000000000000071e+00,2.629999999999999893e+00,5.600000000000000533e-01,0.000000000000000000e+00,1.889999999999999902e+00,1.709999999999999964e+00,1.449999999999999956e+00,6.610000000000000320e+00,3.350000000000000089e+00,2.609999999999999876e+00,2.009999999999999787e+00,6.500000000000000222e-01,5.190000000000000391e+00,5.100000000000000089e-01,3.509999999999999787e+00,7.709999999999999964e+00,3.439999999999999947e+00,3.067000000000000171e+01,1.469999999999999973e+00,5.580000000000000071e+00,7.399999999999999911e-01,1.343999999999999950e+01,4.299999999999999933e-01,2.129999999999999893e+00,1.479999999999999982e+00,9.029999999999999361e+00,1.540000000000000036e+00,1.500000000000000000e+00,5.400000000000000355e-01,2.669999999999999929e+00,4.370000000000000107e+00,1.929999999999999938e+00,6.199999999999999956e-01,0.000000000000000000e+00,0.000000000000000000e+00,2.870000000000000107e+00,1.639999999999999902e+00,2.129999999999999893e+00,2.800000000000000266e-01,3.209999999999999964e+00,1.091999999999999993e+01,0.000000000000000000e+00,2.000000000000000042e-02,2.200000000000000011e-01,8.399999999999999689e-01,4.709999999999999964e+00,1.389999999999999902e+00,8.999999999999999667e-02,1.969999999999999973e+00,0.000000000000000000e+00,1.499999999999999944e-01,3.580000000000000071e+00,3.930000000000000160e+00,1.030000000000000027e+00,4.429999999999999716e+00,2.609999999999999876e+00,0.000000000000000000e+00,1.290000000000000036e+00,2.669999999999999929e+00,4.000000000000000222e-01,1.799999999999999933e-01,0.000000000000000000e+00,3.439999999999999947e+00,1.239999999999999991e+00,1.370000000000000107e+00,3.499999999999999778e-01,0.000000000000000000e+00,4.120000000000000107e+00,4.860000000000000320e+00,4.629999999999999893e+00,3.950000000000000178e+00,1.820000000000000062e+00,9.699999999999999734e-01,0.000000000000000000e+00,5.559999999999999609e+00,2.899999999999999911e+00,0.000000000000000000e+00,5.790000000000000036e+00,1.499999999999999944e-01,0.000000000000000000e+00,6.519999999999999574e+00,1.199999999999999956e+00,1.199999999999999956e+00,9.899999999999999911e-01,0.000000000000000000e+00,2.220000000000000195e+00,1.600000000000000089e+00,7.299999999999999822e-01,0.000000000000000000e+00,1.129999999999999893e+00,9.599999999999999645e-01,3.930000000000000160e+00,3.810000000000000053e+00,1.879999999999999893e+00,0.000000000000000000e+00,0.000000000000000000e+00,0.000000000000000000e+00,3.779999999999999805e+00,2.689999999999999947e+00,1.399999999999999911e+00,0.000000000000000000e+00,5.200000000000000178e+00,4.139999999999999680e+00,3.620000000000000107e+00,1.429999999999999938e+00,2.649999999999999911e+00,1.159999999999999920e+00,5.280000000000000249e+00,3.009999999999999787e+00,0.000000000000000000e+00,4.000000000000000083e-02,1.199999999999999956e+00,2.879999999999999893e+00
2.202499999999999858e+01,1.544999999999999929e+01,0.000000000000000000e+00,9.899999999999999911e-01,2.984999999999999876e+00,9.270000000000000284e+01,7.445000000000000284e+00,1.749999999999999889e-01,0.000000000000000000e+00,4.684999999999999609e+00,3.100000000000000089e+00,0.000000000000000000e+00,0.000000000000000000e+00,0.000000000000000000e+00,0.000000000000000000e+00,2.012999999999999901e+01,9.445000000000000284e+00,1.250000000000000000e-01,2.970499999999999829e+01,0.000000000000000000e+00,0.000000000000000000e+00,1.650000000000000078e-01,0.000000000000000000e+00,0.000000000000000000e+00,8.000000000000000167e-02,0.000000000000000000e+00,1.459999999999999964e+00,2.015000000000000124e+00,0.000000000000000000e+00,1.114499999999999957e+01,5.500000000000000444e-01,5.665000000000000036e+00,0.000000000000000000e+00,5.431000000000000227e+01,4.629999999999999893e+00,0.000000000000000000e+00,0.000000000000000000e+00,0.000000000000000000e+00,1.429999999999999938e+00,0.000000000000000000e+00,2.399999999999999911e-01,0.000000000000000000e+00,0.000000000000000000e+00,0.000000000000000000e+00,0.000000000000000000e+00,1.469999999999999929e+01,1.459999999999999964e+00,0.000000000000000000e+00,8.769999999999999574e+00,6.674999999999999822e+00,2.950000000000000178e+00,6.700000000000000178e+00,0.000000000000000000e+00,1.354499999999999993e+01,0.000000000000000000e+00,1.956500000000000128e+01,0.000000000000000000e+00,0.000000000000000000e+00,4.500000000000000000e+00,0.000000000000000000e+00,1.259999999999999964e+01,0.000000000000000000e+00,3.605499999999999972e+01,2.165000000000000036e+00,2.253500000000000014e+01,3.189999999999999947e+00,4.844999999999999751e+00,0.000000000000000000e+00,0.000000000000000000e+00,1.632499999999999929e+01,0.000000000000000000e+00,3.137999999999999901e+01,4.500000000000000111e-01,1.270000000000000018e+00,2.259499999999999886e+01,0.000000000000000000e+00,0.000000000000000000e+00,5.150000000000000355e+00,0.000000000000000000e+00,3.245000000000000107e+00,0.000000000000000000e+00,2.479999999999999982e+00,2.966000000000000014e+01,2.519999999999999929e+01,4.470499999999999829e+01,5.170000000000000284e+01,0.000000000000000000e+00,0.000000000000000000e+00,0.000000000000000000e+00,0.000000000000000000e+00,0.000000000000000000e+00,0.000000000000000000e+00,0.000000000000000000e+00,0.000000000000000000e+00,0.000000000000000000e+00,0.000000000000000000e+00,0.000000000000000000e+00,1.195000000000000062e+00,0.000000000000000000e+00,8.699999999999999956e-01,0.000000000000000000e+00,1.979999999999999982e+00,0.000000000000000000e+00,2.970000000000000195e+00,0.000000000000000000e+00,4.165000000000000036e+00,3.890000000000000124e+00,0.000000000000000000e+00,5.779500000000000171e+01,8.064499999999999602e+01,8.476500000000000057e+01,2.770000000000000018e+00,4.905000000000000249e+00,5.740000000000000213e+00,2.685000000000000053e+00,1.270000000000000018e+00,0.000000000000000000e+00,1.610000000000000098e+00,0.000000000000000000e+00,3.294999999999999929e+00,0.000000000000000000e+00,1.289000000000000057e+01,0.000000000000000000e+00,2.349999999999999867e-01,3.800000000000000044e-01,1.520000000000000018e+00,2.330000000000000071e+00,0.000000000000000000e+00,2.166000000000000014e+01,1.408500000000000085e+01,3.075000000000000178e+00,1.864999999999999858e+01,4.199999999999999845e-01,0.000000000000000000e+00,3.915000000000000036e+00,2.168499999999999872e+01,0.000000000000000000e+00,9.849999999999999867e-01,1.139999999999999902e+00,0.000000000000000000e+00,2.779999999999999805e+00,2.125000000000000000e+00,5.600000000000000533e-01,1.098000000000000043e+01,1.435000000000000053e+00,0.000000000000000000e+00,8.399999999999999689e-01,7.429999999999999716e+00,0.000000000000000000e+00,8.100000000000000533e-01,1.949999999999999956e+00,6.223499999999999943e+01,2.423000000000000043e+01,2.490000000000000213e+00,1.139999999999999902e+00,1.049999999999999961e-01,0.000000000000000000e+00,0.000000000000000000e+00,2.999999999999999889e-01,3.725000000000000089e+00,2.819999999999999840e+00,5.899999999999999689e-01,0.000000000000000000e+00,4.249999999999999889e-01,0.000000000000000000e+00,0.000000000000000000e+00,0.000000000000000000e+00,0.000000000000000000e+00,3.112000000000000099e+01,4.425000000000000000e+01,2.218499999999999872e+01,1.864999999999999991e+00,0.000000000000000000e+00,0.000000000000000000e+00,2.589499999999999957e+01,0.000000000000000000e+00,0.000000000000000000e+00,8.499999999999999778e-01,0.000000000000000000e+00,3.979999999999999982e+00,3.555000000000000160e+00,8.859000000000000341e+01,3.207000000000000028e+01,6.054999999999999716e+00,1.209999999999999964e+00,3.299999999999999822e+00,0.000000000000000000e+00,1.650000000000000078e-01,6.231000000000000227e+01,0.000000000000000000e+00
3.750000000000000000e+00,2.379999999999999893e+00,3.900000000000000133e-01,1.850000000000000089e+00,5.200000000000000178e-01,9.820000000000000284e+01,1.810000000000000053e+00,0.000000000000000000e+00,0.000000000000000000e+00,9.619999999999999218e+00,2.109999999999999876e+00,5.669999999999999929e+00,1.161999999999999922e+01,2.609999999999999876e+00,2.569999999999999840e+00,4.899999999999999911e-01,1.583999999999999986e+01,1.098000000000000043e+01,2.685000000000000142e+01,7.830000000000000071e+00,1.760000000000000009e+00,1.550000000000000044e+00,1.199999999999999956e-01,2.129999999999999893e+00,4.799999999999999822e+00,3.529999999999999805e+00,4.299999999999999933e-01,0.000000000000000000e+00,0.000000000000000000e+00,4.889999999999999858e+01,6.240000000000000213e+00,6.731999999999999318e+01,4.009999999999999787e+00,3.459000000000000341e+01,2.660000000000000142e+00,4.431000000000000227e+01,3.611999999999999744e+01,2.960000000000000142e+01,4.425999999999999801e+01,3.540000000000000036e+00,2.569999999999999840e+00,2.620000000000000107e+00,6.745000000000000284e+01,7.195000000000000284e+01,3.631000000000000227e+01,7.230000000000000426e+00,0.000000000000000000e+00,3.859999999999999876e+00,8.970000000000002416e+00,8.140000000000000568e+00,6.200000000000000178e+00,2.180000000000000160e+00,2.270000000000000018e+00,3.631000000000000227e+01,7.745000000000000284e+01,6.138000000000000256e+01,3.109999999999999876e+00,4.309999999999999609e+00,5.860000000000000320e+00,7.199999999999999734e-01,4.940000000000000391e+00,2.540000000000000036e+00,3.859999999999999876e+00,0.000000000000000000e+00,7.200000000000000178e+00,3.450000000000000178e+00,5.660000000000000142e+00,1.489999999999999991e+00,6.999999999999999556e-01,7.059999999999999609e+00,4.596999999999999886e+01,9.301000000000000512e+01,8.080000000000000071e+00,4.929999999999999716e+00,9.893000000000000682e+01,9.365000000000000568e+01,3.049999999999999822e+00,2.350000000000000089e+00,0.000000000000000000e+00,1.820000000000000062e+00,0.000000000000000000e+00,7.450000000000000178e+00,8.980000000000000426e+00,1.090000000000000080e+00,8.687999999999999545e+01,9.500000000000000000e+01,7.480000000000000426e+00,9.589999999999999858e+00,9.869999999999999218e+00,3.828999999999999915e+01,8.060000000000000497e+00,7.570000000000000284e+00,3.990000000000000213e+00,6.099999999999999645e+00,1.389000000000000057e+01,5.610000000000000320e+00,7.029999999999999716e+01,2.169999999999999929e+00,8.619999999999999218e+00,5.809999999999999609e+00,1.097000000000000064e+01,6.679999999999999716e+00,1.987000000000000099e+01,7.299999999999999822e+00,2.401000000000000156e+01,3.049999999999999822e+00,2.959999999999999964e+00,2.826999999999999957e+01,3.819999999999999840e+00,1.870000000000000107e+00,5.799999999999999600e-01,0.000000000000000000e+00,3.600000000000000089e+00,3.629999999999999893e+00,6.549999999999999822e+00,1.919999999999999929e+00,6.419999999999999929e+00,9.570000000000000284e+00,3.350000000000000089e+00,4.459999999999999964e+00,3.359999999999999876e+00,3.025000000000000000e+01,7.379999999999999893e+00,2.490000000000000213e+00,4.639999999999999680e+00,2.000000000000000000e+00,1.209999999999999964e+00,0.000000000000000000e+00,1.010999999999999943e+01,6.160000000000000142e+00,2.080000000000000071e+00,5.122999999999999687e+01,2.692999999999999972e+01,0.000000000000000000e+00,2.899999999999999911e+00,2.180000000000000160e+00,1.174000000000000021e+01,9.000000000000000222e-01,4.990000000000000213e+00,1.333000000000000007e+01,4.500000000000000000e+00,2.200000000000000178e+00,2.240000000000000213e+00,0.000000000000000000e+00,5.049999999999999822e+00,3.221999999999999886e+01,2.589000000000000057e+01,1.962999999999999901e+01,7.099999999999999645e+00,4.780000000000000249e+00,4.400000000000000022e-01,9.604000000000000625e+01,1.812999999999999901e+01,1.239999999999999991e+00,8.630000000000000782e+00,2.248999999999999844e+01,2.717000000000000171e+01,6.384000000000000341e+01,3.510999999999999943e+01,9.150000000000000355e+00,2.262999999999999901e+01,1.639999999999999902e+00,4.879999999999999893e+00,1.967000000000000171e+01,1.929999999999999938e+00,3.790000000000000036e+00,1.439999999999999947e+00,4.459999999999999964e+00,6.070000000000000284e+00,2.410000000000000142e+00,0.000000000000000000e+00,1.989999999999999991e+00,0.000000000000000000e+00,4.660000000000000142e+00,7.269999999999999574e+00,6.089999999999999858e+00,1.023000000000000043e+01,0.000000000000000000e+00,4.219999999999999751e+00,4.669999999999999929e+00,4.000000000000000000e+00,5.790000000000000036e+00,8.100000000000000000e+01,6.247999999999999687e+01,7.593999999999999773e+01,3.479999999999999982e+00,0.000000000000000000e+00,4.740000000000000213e+00,5.089999999999999858e+00,7.830000000000000071e+00
2.509999999999999787e+00,2.290000000000000036e+00,3.900000000000000133e-01,3.200000000000000067e-01,9.799999999999999822e-01,7.299999999999999822e-01,2.240000000000000213e+00,1.169999999999999929e+00,1.020000000000000018e+00,3.800000000000000044e-01,1.300000000000000044e-01,4.049999999999999822e+00,1.139999999999999902e+00,2.569999999999999840e+00,2.049999999999999822e+00,0.000000000000000000e+00,1.100000000000000089e+00,3.720000000000000195e+00,3.120000000000000107e+00,1.979999999999999982e+00,2.800000000000000266e-01,1.270000000000000018e+00,7.299999999999999822e-01,1.840000000000000080e+00,3.009999999999999787e+00,2.229999999999999982e+00,1.360000000000000098e+00,0.000000000000000000e+00,1.699999999999999956e+00,1.600000000000000033e-01,6.999999999999999556e-01,4.589999999999999858e+00,0.000000000000000000e+00,5.889999999999999680e+00,8.199999999999999512e-01,1.719999999999999973e+00,2.000000000000000111e-01,8.999999999999999667e-02,1.060000000000000053e+00,1.290000000000000036e+00,0.000000000000000000e+00,0.000000000000000000e+00,2.080000000000000071e+00,1.510000000000000009e+00,1.000000000000000000e+00,0.000000000000000000e+00,7.399999999999999911e-01,5.300000000000000266e-01,1.169999999999999929e+00,0.000000000000000000e+00,2.729999999999999982e+00,1.149999999999999911e+00,2.899999999999999800e-01,5.490000000000000213e+00,3.790000000000000036e+00,5.500000000000000444e-01,0.000000000000000000e+00,3.819999999999999840e+00,4.370000000000000107e+00,0.000000000000000000e+00,0.000000000000000000e+00,7.199999999999999734e-01,0.000000000000000000e+00,1.149999999999999911e+00,0.000000000000000000e+00,2.299999999999999822e+00,2.149999999999999911e+00,3.041000000000000014e+01,1.878999999999999915e+01,1.139999999999999902e+00,0.000000000000000000e+00,0.000000000000000000e+00,0.000000000000000000e+00,0.000000000000000000e+00,4.110000000000000320e+00,1.100000000000000089e+00,2.970000000000000195e+00,2.500000000000000000e-01,2.540000000000000036e+00,6.500000000000000222e-01,3.490000000000000213e+00,3.410000000000000142e+00,0.000000000000000000e+00,1.600000000000000089e+00,4.500000000000000000e+00,0.000000000000000000e+00,1.270000000000000018e+00,8.100000000000000533e-01,4.000000000000000000e+00,1.830000000000000071e+00,0.000000000000000000e+00,1.959999999999999964e+00,0.000000000000000000e+00,2.600000000000000089e-01,1.379999999999999893e+00,2.049999999999999822e+00,3.339999999999999858e+00,2.999999999999999889e-02,0.000000000000000000e+00,0.000000000000000000e+00,2.100000000000000089e+00,5.500000000000000444e-01,5.219999999999999751e+00,2.359999999999999876e+00,7.700000000000000178e-01,0.000000000000000000e+00,7.700000000000000178e-01,2.810000000000000053e+00,3.499999999999999778e-01,5.400000000000000355e-01,0.000000000000000000e+00,1.929999999999999938e+00,2.500000000000000000e-01,2.500000000000000000e-01,1.389999999999999902e+00,0.000000000000000000e+00,1.780000000000000027e+00,1.580000000000000071e+00,0.000000000000000000e+00,0.000000000000000000e+00,0.000000000000000000e+00,8.009999999999999787e+00,2.759999999999999787e+00,6.099999999999999867e-01,1.100000000000000089e+00,3.629999999999999893e+00,0.000000000000000000e+00,1.020000000000000018e+00,6.230000000000000426e+00,8.499999999999999778e-01,4.299999999999999933e-01,2.040000000000000036e+00,1.350000000000000089e+00,0.000000000000000000e+00,0.000000000000000000e+00,8.000000000000000444e-01,1.350000000000000089e+00,8.699999999999999956e-01,0.000000000000000000e+00,2.839999999999999858e+00,4.400000000000000022e-01,1.250000000000000000e+00,3.200000000000000178e+00,4.400000000000000022e-01,0.000000000000000000e+00,1.499999999999999944e-01,6.199999999999999956e-01,7.500000000000000000e-01,6.600000000000000311e-01,1.229999999999999982e+00,0.000000000000000000e+00,1.000000000000000000e+00,0.000000000000000000e+00,6.800000000000000488e-01,3.310000000000000053e+00,2.099999999999999922e-01,0.000000000000000000e+00,1.159999999999999920e+00,1.199999999999999956e+00,3.160000000000000142e+00,1.929999999999999938e+00,7.000000000000000666e-02,6.899999999999999467e-01,3.629999999999999893e+00,4.500000000000000111e-01,2.169999999999999929e+00,4.899999999999999911e-01,0.000000000000000000e+00,0.000000000000000000e+00,0.000000000000000000e+00,3.330000000000000071e+00,0.000000000000000000e+00,0.000000000000000000e+00,0.000000000000000000e+00,6.259999999999999787e+00,2.426999999999999957e+01,3.356000000000000227e+01,1.760000000000000009e+00,3.620000000000000107e+00,1.840000000000000080e+00,1.540000000000000036e+00,0.000000000000000000e+00,1.110000000000000098e+00,0.000000000000000000e+00,2.220000000000000195e+00,2.350000000000000089e+00,3.259999999999999787e+00,0.000000000000000000e+00,2.839999999999999858e+00,1.500000000000000000e+00
0.000000000000000000e+00,0.000000000000000000e+00,0.000000000000000000e+00,0.000000000000000000e+00,0.000000000000000000e+00,0.000000000000000000e+00,0.000000000000000000e+00,0.000000000000000000e+00,0.000000000000000000e+00,6.500000000000000222e-01,0.000000000000000000e+00,0.000000000000000000e+00,0.000000000000000000e+00,4.199999999999999845e-01,0.000000000000000000e+00,0.000000000000000000e+00,0.000000000000000000e+00,0.000000000000000000e+00,0.000000000000000000e+00,0.000000000000000000e+00,0.000000000000000000e+00,4.299999999999999933e-01,1.050000000000000044e+00,2.439999999999999947e+00,1.959999999999999964e+00,5.999999999999999778e-02,1.000000000000000021e-02,0.000000000000000000e+00,8.199999999999999512e-01,0.000000000000000000e+00,4.040000000000000036e+00,0.000000000000000000e+00,1.799999999999999933e-01,0.000000000000000000e+00,0.000000000000000000e+00,0.000000000000000000e+00,0.000000000000000000e+00,2.099999999999999922e-01,7.700000000000000178e-01,9.200000000000000400e-01,0.000000000000000000e+00,1.000000000000000056e-01,9.699999999999999734e-01,1.929999999999999938e+00,0.000000000000000000e+00,3.500000000000000000e+00,0.000000000000000000e+00,0.000000000000000000e+00,0.000000000000000000e+00,0.000000000000000000e+00,0.000000000000000000e+00,0.000000000000000000e+00,6.500000000000000222e-01,0.000000000000000000e+00,1.800000000000000044e+00,0.000000000000000000e+00,0.000000000000000000e+00,1.389999999999999902e+00,0.000000000000000000e+00,1.080000000000000071e+00,0.000000000000000000e+00,0.000000000000000000e+00,6.500000000000000222e-01,3.900000000000000133e-01,0.000000000000000000e+00,5.999999999999999778e-01,0.000000000000000000e+00,1.919999999999999929e+00,1.000000000000000056e-01,0.000000000000000000e+00,0.000000000000000000e+00,5.200000000000000178e-01,0.000000000000000000e+00,0.000000000000000000e+00,2.720000000000000195e+00,0.000000000000000000e+00,0.000000000000000000e+00,0.000000000000000000e+00,0.000000000000000000e+00,0.000000000000000000e+00,0.000000000000000000e+00,0.000000000000000000e+00,0.000000000000000000e+00,0.000000000000000000e+00,0.000000000000000000e+00,1.489999999999999991e+00,1.900000000000000022e-01,0.000000000000000000e+00,2.430000000000000160e+00,2.099999999999999922e-01,0.000000000000000000e+00,5.280000000000000249e+00,0.000000000000000000e+00,0.000000000000000000e+00,6.279999999999999716e+01,7.600000000000000089e-01,0.000000000000000000e+00,0.000000000000000000e+00,2.317999999999999972e+01,0.000000000000000000e+00,1.379999999999999893e+00,4.600000000000000200e-01,0.000000000000000000e+00,1.699999999999999956e+00,0.000000000000000000e+00,0.000000000000000000e+00,4.009999999999999787e+00,0.000000000000000000e+00,0.000000000000000000e+00,0.000000000000000000e+00,0.000000000000000000e+00,0.000000000000000000e+00,0.000000000000000000e+00,0.000000000000000000e+00,0.000000000000000000e+00,6.139999999999999680e+00,0.000000000000000000e+00,9.599999999999999645e-01,0.000000000000000000e+00,0.000000000000000000e+00,0.000000000000000000e+00,2.410000000000000142e+00,0.000000000000000000e+00,0.000000000000000000e+00,0.000000000000000000e+00,0.000000000000000000e+00,0.000000000000000000e+00,5.400000000000000355e-01,0.000000000000000000e+00,0.000000000000000000e+00,0.000000000000000000e+00,1.979999999999999982e+00,0.000000000000000000e+00,6.849999999999999645e+00,0.000000000000000000e+00,0.000000000000000000e+00,0.000000000000000000e+00,0.000000000000000000e+00,6.199999999999999956e-01,0.000000000000000000e+00,3.009999999999999787e+00,7.800000000000000266e-01,0.000000000000000000e+00,0.000000000000000000e+00,2.000000000000000042e-02,0.000000000000000000e+00,0.000000000000000000e+00,2.600000000000000089e-01,0.000000000000000000e+00,1.499999999999999944e-01,5.000000000000000000e-01,0.000000000000000000e+00,3.200000000000000067e-01,0.000000000000000000e+00,2.330000000000000071e+00,3.200000000000000067e-01,0.000000000000000000e+00,2.959999999999999964e+00,0.000000000000000000e+00,3.499999999999999778e-01,0.000000000000000000e+00,0.000000000000000000e+00,0.000000000000000000e+00,0.000000000000000000e+00,0.000000000000000000e+00,1.870000000000000107e+00,1.070000000000000062e+00,0.000000000000000000e+00,0.000000000000000000e+00,0.000000000000000000e+00,0.000000000000000000e+00,0.000000000000000000e+00,1.550000000000000044e+00,1.000000000000000056e-01,4.099999999999999756e-01,0.000000000000000000e+00,0.000000000000000000e+00,1.000000000000000056e-01,2.529999999999999805e+00,0.000000000000000000e+00,0.000000000000000000e+00,2.999999999999999889e-02,3.300000000000000155e-01,0.000000000000000000e+00,2.259999999999999787e+00,0.000000000000000000e+00,0.000000000000000000e+00,0.000000000000000000e+00,0.000000000000000000e+00,0.000000000000000000e+00
3.140000000000000124e+00,1.179999999999999938e+00,3.400000000000000244e-01,1.889999999999999902e+00,8.399999999999999689e-01,4.150000000000000355e+00,4.500000000000000000e+00,5.019999999999999574e+00,1.439999999999999947e+00,0.000000000000000000e+00,2.359999999999999876e+00,4.469999999999999751e+00,6.000000000000000000e+00,1.199999999999999956e+00,1.229999999999999982e+00,2.000000000000000042e-02,6.899999999999999467e-01,2.779999999999999805e+00,4.059999999999999609e+00,3.300000000000000155e-01,0.000000000000000000e+00,1.189999999999999947e+00,0.000000000000000000e+00,1.560000000000000053e+00,4.080000000000000071e+00,2.169999999999999929e+00,1.090000000000000080e+00,0.000000000000000000e+00,0.000000000000000000e+00,0.000000000000000000e+00,8.849999999999999645e+00,1.290000000000000036e+00,1.270000000000000018e+00,2.089999999999999858e+00,3.209999999999999964e+00,2.930000000000000160e+00,4.169999999999999929e+00,3.089999999999999858e+00,2.959999999999999964e+00,0.000000000000000000e+00,1.070000000000000062e+00,2.040000000000000036e+00,2.290000000000000036e+00,4.000000000000000222e-01,3.270000000000000018e+00,6.554999999999999716e+01,7.500000000000000000e-01,4.839999999999999858e+00,6.870000000000000107e+00,5.250000000000000000e+00,6.610000000000000320e+00,2.459999999999999964e+00,9.009999999999999787e+00,8.692000000000000171e+01,1.310000000000000053e+00,3.299999999999999822e+00,0.000000000000000000e+00,3.950000000000000178e+00,5.330000000000000071e+00,0.000000000000000000e+00,2.140000000000000124e+00,9.799999999999999822e-01,1.020000000000000018e+00,4.339999999999999858e+00,3.080000000000000071e+00,4.480000000000000426e+00,3.430000000000000160e+00,3.379999999999999893e+00,1.760000000000000009e+00,4.889999999999999680e+00,1.400000000000000133e-01,2.560000000000000053e+00,7.419999999999999929e+00,6.230000000000000426e+00,6.639999999999999680e+00,1.669999999999999929e+00,3.450000000000000178e+00,1.669999999999999929e+00,5.049999999999999822e+00,1.800000000000000044e+00,0.000000000000000000e+00,3.779999999999999805e+00,2.290000000000000036e+00,2.270000000000000018e+00,3.479999999999999982e+00,5.269999999999999574e+00,4.330000000000000071e+00,5.099999999999999645e+00,1.179999999999999938e+00,5.040000000000000036e+00,3.729999999999999982e+00,3.160000000000000142e+00,3.209999999999999964e+00,2.390000000000000124e+00,5.280000000000000249e+00,4.980000000000000426e+00,5.660000000000000142e+00,0.000000000000000000e+00,0.000000000000000000e+00,1.040000000000000036e+00,4.089999999999999858e+00,8.800000000000000044e-01,1.370000000000000107e+00,2.819999999999999840e+00,5.509999999999999787e+00,1.340000000000000080e+00,7.209999999999999964e+00,5.959999999999999964e+00,2.169999999999999929e+00,1.300000000000000044e+00,0.000000000000000000e+00,0.000000000000000000e+00,2.870000000000000107e+00,2.939999999999999947e+00,2.009999999999999787e+00,4.809999999999999609e+00,4.669999999999999929e+00,4.240000000000000213e+00,1.929999999999999938e+00,1.989999999999999991e+00,2.180000000000000160e+00,1.189999999999999947e+00,9.359999999999999432e+00,2.129999999999999893e+00,5.019999999999999574e+00,0.000000000000000000e+00,0.000000000000000000e+00,1.000000000000000056e-01,6.049999999999999822e+00,2.479999999999999982e+00,2.160000000000000142e+00,3.089999999999999858e+00,4.959999999999999964e+00,0.000000000000000000e+00,3.720000000000000195e+00,2.020000000000000018e+00,8.399999999999999689e-01,4.400000000000000022e-01,0.000000000000000000e+00,4.509999999999999787e+00,3.890000000000000124e+00,1.860000000000000098e+00,7.800000000000000266e-01,1.590000000000000080e+00,1.379999999999999893e+00,3.660000000000000142e+00,4.500000000000000000e+00,5.209999999999999964e+00,2.600000000000000089e+00,2.560000000000000053e+00,2.189999999999999947e+00,1.321000000000000085e+01,3.430000000000000160e+00,1.879999999999999893e+00,2.759999999999999787e+00,7.700000000000000178e-01,2.859999999999999876e+00,5.190000000000000391e+00,1.530000000000000027e+00,3.560000000000000053e+00,9.599999999999999645e-01,2.950000000000000178e+00,0.000000000000000000e+00,1.530000000000000027e+00,1.820000000000000062e+00,3.689999999999999947e+00,4.360000000000000320e+00,3.529999999999999805e+00,5.349999999999999645e+00,2.919999999999999929e+00,5.200000000000000178e-01,0.000000000000000000e+00,0.000000000000000000e+00,0.000000000000000000e+00,8.089999999999999858e+00,2.540000000000000036e+00,2.680000000000000160e+00,0.000000000000000000e+00,2.750000000000000000e+00,4.740000000000000213e+00,3.180000000000000160e+00,6.600000000000000311e-01,3.629999999999999893e+00,2.520000000000000018e+00,1.098000000000000043e+01,3.799999999999999822e+00,0.000000000000000000e+00,2.069999999999999840e+00,8.499999999999999778e-01,8.900000000000000133e-01
8.439999999999999503e+00,4.490000000000000213e+00,9.000000000000000222e-01,2.549999999999999822e+00,1.120000000000000107e+00,4.599999999999999645e+00,2.729999999999999982e+00,1.600000000000000089e+00,1.239999999999999991e+00,0.000000000000000000e+00,4.120000000000000107e+00,0.000000000000000000e+00,8.150000000000000355e+00,3.319999999999999840e+00,6.919999999999999929e+00,0.000000000000000000e+00,6.199999999999999956e-01,3.129999999999999893e+00,3.709999999999999964e+00,0.000000000000000000e+00,0.000000000000000000e+00,2.999999999999999889e-01,1.850000000000000089e+00,3.160000000000000142e+00,5.509999999999999787e+00,5.700000000000000178e+00,1.939999999999999947e+00,2.919999999999999929e+00,0.000000000000000000e+00,0.000000000000000000e+00,2.569999999999999840e+00,2.470000000000000195e+00,1.850000000000000089e+00,2.470000000000000195e+00,6.160000000000000142e+00,1.399999999999999911e+00,4.530000000000000249e+00,4.110000000000000320e+00,2.439999999999999947e+00,0.000000000000000000e+00,9.799999999999999822e-01,1.879999999999999893e+00,5.169999999999999929e+00,2.250000000000000000e+00,3.419999999999999929e+00,8.490000000000000213e+00,1.090000000000000080e+00,6.110000000000000320e+00,1.113000000000000078e+01,7.070000000000000284e+00,6.330000000000000071e+00,3.879999999999999893e+00,3.990000000000000213e+00,1.091999999999999993e+01,3.660000000000000142e+00,3.209999999999999964e+00,4.959999999999999964e+00,1.039000000000000057e+01,7.700000000000000178e+00,0.000000000000000000e+00,7.269999999999999574e+00,3.689999999999999947e+00,4.030000000000000249e+00,6.240000000000000213e+00,4.379999999999999893e+00,2.430000000000000160e+00,6.740000000000000213e+00,1.923000000000000043e+01,1.515000000000000036e+01,1.024000000000000021e+01,2.229999999999999982e+00,5.389999999999999680e+00,6.519999999999999574e+00,7.919999999999999929e+00,6.500000000000000000e+00,2.180000000000000160e+00,2.009999999999999787e+00,2.200000000000000178e+00,4.679999999999999716e+00,2.180000000000000160e+00,0.000000000000000000e+00,1.377999999999999936e+01,7.269999999999999574e+00,1.489999999999999991e+00,5.400000000000000355e+00,6.849999999999999645e+00,5.540000000000000036e+00,6.950000000000000178e+00,2.020000000000000018e+00,1.008999999999999986e+01,6.120000000000000107e+00,5.950000000000000178e+00,1.659999999999999920e+00,3.540000000000000036e+00,5.290000000000000036e+00,3.910000000000000142e+00,4.389999999999999680e+00,2.700000000000000178e-01,1.400000000000000133e-01,2.240000000000000213e+00,4.410000000000000142e+00,1.700000000000000122e-01,2.729999999999999982e+00,4.040000000000000036e+00,4.349999999999999645e+00,4.870000000000000107e+00,2.549999999999999822e+00,8.400000000000000355e+00,7.139999999999999680e+00,2.310000000000000053e+00,0.000000000000000000e+00,2.049999999999999822e+00,2.180000000000000160e+00,3.459999999999999964e+00,6.030000000000000249e+00,1.229999999999999982e+00,4.690000000000000391e+00,1.069999999999999929e+01,4.650000000000000355e+00,4.129999999999999893e+00,2.580000000000000071e+00,4.370000000000000107e+00,6.889999999999999680e+00,3.419999999999999929e+00,5.599999999999999645e+00,0.000000000000000000e+00,4.730000000000000426e+00,2.300000000000000100e-01,1.084999999999999964e+01,4.860000000000000320e+00,1.520000000000000018e+00,5.830000000000000071e+00,6.240000000000000213e+00,0.000000000000000000e+00,3.990000000000000213e+00,1.580000000000000071e+00,1.659999999999999920e+00,3.490000000000000213e+00,4.190000000000000391e+00,4.070000000000000284e+00,3.830000000000000071e+00,2.009999999999999787e+00,1.419999999999999929e+00,2.000000000000000000e+00,2.109999999999999876e+00,4.349999999999999645e+00,4.879999999999999893e+00,5.730000000000000426e+00,3.100000000000000089e+00,3.350000000000000089e+00,3.029999999999999805e+00,1.121000000000000085e+01,5.309999999999999609e+00,2.660000000000000142e+00,6.459999999999999964e+00,2.800000000000000266e-01,3.609999999999999876e+00,4.599999999999999645e+00,3.279999999999999805e+00,4.110000000000000320e+00,2.839999999999999858e+00,3.549999999999999822e+00,0.000000000000000000e+00,1.850000000000000089e+00,1.949999999999999956e+00,4.370000000000000107e+00,3.660000000000000142e+00,1.969999999999999973e+00,7.219999999999999751e+00,8.289999999999999147e+00,0.000000000000000000e+00,0.000000000000000000e+00,0.000000000000000000e+00,0.000000000000000000e+00,7.589999999999999858e+00,7.250000000000000000e+00,9.669999999999999929e+00,8.800000000000000044e-01,2.919999999999999929e+00,5.620000000000000107e+00,3.799999999999999822e+00,1.469999999999999973e+00,6.089999999999999858e+00,3.220000000000000195e+00,9.859999999999999432e+00,3.779999999999999805e+00,0.000000000000000000e+00,2.819999999999999840e+00,2.029999999999999805e+00,3.890000000000000124e+00
2.430000000000000160e+00,2.189999999999999947e+00,0.000000000000000000e+00,1.110000000000000098e+00,9.499999999999999556e-01,5.999999999999999778e-01,9.429999999999999716e+00,1.320000000000000062e+00,3.189999999999999947e+00,0.000000000000000000e+00,1.969999999999999973e+00,0.000000000000000000e+00,5.790000000000000036e+00,1.139999999999999902e+00,1.610000000000000098e+00,5.300000000000000266e-01,0.000000000000000000e+00,1.870000000000000107e+00,2.720000000000000195e+00,1.219999999999999973e+00,1.510000000000000009e+00,5.809999999999999609e+00,0.000000000000000000e+00,4.500000000000000111e-01,0.000000000000000000e+00,9.200000000000000400e-01,0.000000000000000000e+00,2.470000000000000195e+00,0.000000000000000000e+00,1.399999999999999911e+00,5.089999999999999858e+00,8.999999999999999667e-02,3.400000000000000244e-01,0.000000000000000000e+00,1.649999999999999911e+00,0.000000000000000000e+00,8.299999999999999600e-01,3.200000000000000067e-01,0.000000000000000000e+00,0.000000000000000000e+00,0.000000000000000000e+00,3.120000000000000107e+00,0.000000000000000000e+00,7.700000000000000178e-01,1.350000000000000089e+00,6.769999999999999574e+00,0.000000000000000000e+00,3.060000000000000053e+00,6.530000000000000249e+00,7.700000000000000178e+00,3.279999999999999805e+00,1.179999999999999938e+00,2.999999999999999889e-01,8.289999999999999147e+00,1.449999999999999956e+00,1.629999999999999893e+00,6.899999999999999467e-01,2.200000000000000011e-01,2.169999999999999929e+00,1.310000000000000053e+00,1.969999999999999973e+00,2.000000000000000111e-01,1.429999999999999938e+00,0.000000000000000000e+00,1.030000000000000027e+00,1.909999999999999920e+00,4.250000000000000000e+00,1.499999999999999944e-01,0.000000000000000000e+00,6.209999999999999964e+00,4.600000000000000200e-01,0.000000000000000000e+00,3.160000000000000142e+00,8.299999999999999600e-01,1.449999999999999956e+00,5.799999999999999600e-01,0.000000000000000000e+00,1.179999999999999938e+00,5.410000000000000142e+00,1.939999999999999947e+00,7.800000000000000266e-01,3.140000000000000124e+00,3.220000000000000195e+00,4.629999999999999893e+00,2.439999999999999947e+00,1.060000000000000053e+00,3.350000000000000089e+00,4.740000000000000213e+00,0.000000000000000000e+00,2.180000000000000160e+00,3.850000000000000089e+00,4.600000000000000200e-01,0.000000000000000000e+00,0.000000000000000000e+00,1.459999999999999964e+00,2.470000000000000195e+00,1.219999999999999973e+00,8.900000000000000133e-01,2.500000000000000000e+00,8.000000000000000167e-02,3.300000000000000155e-01,0.000000000000000000e+00,2.970000000000000195e+00,0.000000000000000000e+00,0.000000000000000000e+00,7.900000000000000355e-01,0.000000000000000000e+00,1.679999999999999938e+00,2.250000000000000000e+00,2.500000000000000000e-01,3.910000000000000142e+00,0.000000000000000000e+00,2.879999999999999893e+00,8.999999999999999667e-02,1.919999999999999929e+00,0.000000000000000000e+00,2.339999999999999858e+00,7.849999999999999645e+00,2.439999999999999947e+00,1.669999999999999929e+00,2.339999999999999858e+00,0.000000000000000000e+00,2.740000000000000213e+00,4.799999999999999822e-01,8.599999999999999867e-01,6.110000000000000320e+00,4.969999999999999751e+00,0.000000000000000000e+00,6.809999999999999609e+00,1.340000000000000080e+00,3.640000000000000124e+00,1.040000000000000036e+00,2.859999999999999876e+00,4.400000000000000022e-01,0.000000000000000000e+00,1.799999999999999933e-01,0.000000000000000000e+00,5.000000000000000278e-02,0.000000000000000000e+00,2.569999999999999840e+00,1.120000000000000107e+00,7.320000000000000284e+00,4.099999999999999756e-01,0.000000000000000000e+00,1.510000000000000009e+00,8.900000000000000133e-01,1.409999999999999920e+00,1.110000000000000098e+00,1.006000000000000050e+01,5.190000000000000391e+00,1.477999999999999936e+01,6.269999999999999574e+00,3.169999999999999929e+00,4.610000000000000320e+00,5.650000000000000355e+00,6.856000000000000227e+01,7.120999999999997954e+01,2.140000000000000124e+00,3.439999999999999947e+00,6.400000000000000133e-01,1.879999999999999893e+00,7.400000000000000355e+00,1.028999999999999915e+01,1.199999999999999956e-01,3.830000000000000071e+00,5.400000000000000355e-01,9.599999999999999645e-01,1.379999999999999893e+00,6.500000000000000000e+00,0.000000000000000000e+00,1.742999999999999972e+01,1.989999999999999991e+00,0.000000000000000000e+00,0.000000000000000000e+00,3.779999999999999805e+00,1.270000000000000018e+00,1.250000000000000000e+00,0.000000000000000000e+00,0.000000000000000000e+00,2.259999999999999787e+00,2.310000000000000053e+00,2.999999999999999889e-01,2.839999999999999858e+00,1.929999999999999938e+00,2.149999999999999911e+00,1.639999999999999902e+00,2.999999999999999889e-01,1.689999999999999947e+00,4.160000000000000142e+00,7.099999999999999645e-01
5.500000000000000000e+00,2.279999999999999805e+00,6.800000000000000488e-01,1.229999999999999982e+00,3.699999999999999956e-01,3.299999999999999822e+00,2.899999999999999911e+00,1.050000000000000044e+00,1.979999999999999982e+00,0.000000000000000000e+00,2.609999999999999876e+00,2.370000000000000107e+00,4.299999999999999822e+00,0.000000000000000000e+00,2.629999999999999893e+00,8.999999999999999667e-02,4.600000000000000200e-01,2.250000000000000000e+00,1.659999999999999920e+00,1.070000000000000062e+00,0.000000000000000000e+00,6.600000000000000311e-01,5.300000000000000266e-01,2.999999999999999889e-02,6.800000000000000488e-01,1.419999999999999929e+00,7.000000000000000666e-02,0.000000000000000000e+00,1.850000000000000089e+00,2.009999999999999787e+00,3.169999999999999929e+00,5.999999999999999778e-02,0.000000000000000000e+00,2.470000000000000195e+00,2.100000000000000089e+00,4.400000000000000022e-01,2.669999999999999929e+00,2.720000000000000195e+00,2.439999999999999947e+00,4.240000000000000213e+00,0.000000000000000000e+00,2.629999999999999893e+00,2.089999999999999858e+00,0.000000000000000000e+00,1.770000000000000018e+00,9.509999999999999787e+00,1.000000000000000056e-01,4.370000000000000107e+00,5.950000000000000178e+00,2.910000000000000142e+00,3.950000000000000178e+00,6.600000000000000311e-01,3.149999999999999911e+00,2.582999999999999829e+01,8.000000000000000444e-01,3.149999999999999911e+00,1.379999999999999893e+00,2.729999999999999982e+00,2.600000000000000089e+00,1.020000000000000018e+00,1.016000000000000014e+01,4.290000000000000036e+00,1.010000000000000009e+00,1.620000000000000107e+00,1.120000000000000107e+00,1.379999999999999893e+00,3.319999999999999840e+00,2.359999999999999876e+00,1.409999999999999920e+00,4.299999999999999822e+00,1.300000000000000044e-01,0.000000000000000000e+00,3.299999999999999822e+00,4.959999999999999964e+00,4.000000000000000222e-01,1.520000000000000018e+00,2.100000000000000089e+00,4.500000000000000111e-01,2.270000000000000018e+00,5.300000000000000266e-01,0.000000000000000000e+00,3.640000000000000124e+00,3.459999999999999964e+00,3.910000000000000142e+00,2.500000000000000000e+00,2.169999999999999929e+00,4.450000000000000178e+00,1.899999999999999911e+00,2.109999999999999876e+00,3.020000000000000018e+00,6.519999999999999574e+00,7.580000000000000071e+00,2.040000000000000036e+00,2.680000000000000160e+00,1.502999999999999936e+01,8.699999999999999956e-01,3.290000000000000036e+00,1.580000000000000071e+00,7.940000000000000391e+00,1.020000000000000018e+00,1.449999999999999956e+00,0.000000000000000000e+00,7.199999999999999734e-01,1.290000000000000036e+00,2.529999999999999805e+00,1.449999999999999956e+00,6.610000000000000320e+00,5.179999999999999716e+00,1.879999999999999893e+00,7.700000000000000178e-01,5.300000000000000266e-01,0.000000000000000000e+00,2.370000000000000107e+00,1.370000000000000107e+00,4.059999999999999609e+00,0.000000000000000000e+00,1.120000000000000107e+00,6.480000000000000426e+00,1.790000000000000036e+00,1.949999999999999956e+00,2.640000000000000124e+00,9.100000000000000311e-01,6.360000000000000320e+00,9.100000000000000311e-01,3.370000000000000107e+00,0.000000000000000000e+00,1.800000000000000044e+00,8.399999999999999689e-01,1.000000000000000000e+00,0.000000000000000000e+00,0.000000000000000000e+00,3.779999999999999805e+00,4.419999999999999929e+00,4.990000000000000213e+00,2.279999999999999805e+00,0.000000000000000000e+00,5.000000000000000278e-02,2.000000000000000042e-02,0.000000000000000000e+00,1.939999999999999947e+00,1.060000000000000053e+00,2.040000000000000036e+00,2.700000000000000178e-01,1.459999999999999964e+00,2.970000000000000195e+00,3.560000000000000053e+00,1.600000000000000089e+00,3.180000000000000160e+00,1.969999999999999973e+00,1.780000000000000027e+00,2.109999999999999876e+00,6.129999999999999893e+00,2.500000000000000000e+00,0.000000000000000000e+00,2.629999999999999893e+00,2.500000000000000000e-01,2.740000000000000213e+00,2.580000000000000071e+00,1.070000000000000062e+00,1.639999999999999902e+00,1.270000000000000018e+00,2.609999999999999876e+00,1.919999999999999929e+00,8.100000000000000533e-01,1.770000000000000018e+00,1.370000000000000107e+00,1.570000000000000062e+00,3.100000000000000089e+00,7.990000000000000213e+00,4.759999999999999787e+00,6.200000000000000178e+00,0.000000000000000000e+00,0.000000000000000000e+00,0.000000000000000000e+00,6.759999999999999787e+00,4.759999999999999787e+00,1.689999999999999947e+00,0.000000000000000000e+00,7.600000000000000089e-01,1.139999999999999902e+00,2.109999999999999876e+00,7.299999999999999822e-01,6.099999999999999867e-01,1.169999999999999929e+00,5.910000000000000142e+00,1.700000000000000122e-01,3.800000000000000044e-01,1.679999999999999938e+00,2.626999999999999957e+01,0.000000000000000000e+00
2.620000000000000107e+00,3.629999999999999893e+00,5.200000000000000178e-01,1.330000000000000071e+00,2.979999999999999982e+00,2.220000000000000195e+00,3.109999999999999876e+00,2.950000000000000178e+00,6.800000000000000488e-01,0.000000000000000000e+00,4.370000000000000107e+00,5.899999999999999689e-01,9.339999999999999858e+00,2.000000000000000042e-02,1.639999999999999902e+00,0.000000000000000000e+00,0.000000000000000000e+00,1.030000000000000027e+00,1.820000000000000062e+00,0.000000000000000000e+00,1.716000000000000014e+01,2.383999999999999986e+01,0.000000000000000000e+00,0.000000000000000000e+00,2.080000000000000071e+00,2.419999999999999929e+00,4.799999999999999822e-01,0.000000000000000000e+00,8.320000000000000284e+00,6.459999999999999964e+00,4.429999999999999716e+00,1.169999999999999929e+00,1.149999999999999911e+00,5.209999999999999964e+00,4.429999999999999716e+00,1.860000000000000098e+00,2.910000000000000142e+00,2.310000000000000053e+00,1.590000000000000080e+00,9.050000000000000711e+00,3.549999999999999822e+00,1.750000000000000000e+00,1.659999999999999920e+00,0.000000000000000000e+00,2.569999999999999840e+00,0.000000000000000000e+00,0.000000000000000000e+00,2.240000000000000213e+00,8.019999999999999574e+00,1.629999999999999893e+00,5.620000000000000107e+00,0.000000000000000000e+00,2.740000000000000213e+00,1.191999999999999993e+01,4.269999999999999574e+00,2.069999999999999840e+00,0.000000000000000000e+00,3.379999999999999893e+00,9.199999999999999289e+00,2.419999999999999929e+00,2.779999999999999805e+00,0.000000000000000000e+00,1.659999999999999920e+00,0.000000000000000000e+00,3.640000000000000124e+00,1.300000000000000044e-01,4.519999999999999574e+00,2.399999999999999911e-01,1.400000000000000133e-01,4.679999999999999716e+00,0.000000000000000000e+00,2.660000000000000142e+00,3.259999999999999787e+00,4.639999999999999680e+00,5.059999999999999609e+00,7.600000000000000089e-01,2.040000000000000036e+00,1.110000000000000098e+00,9.580000000000000071e+00,2.990000000000000213e+00,2.490000000000000213e+00,4.669999999999999929e+00,4.200000000000000178e+00,4.900000000000000355e+00,2.620000000000000107e+00,2.350000000000000089e+00,5.290000000000000036e+00,9.839999999999999858e+00,2.000000000000000000e+00,2.890000000000000124e+00,7.370000000000000107e+00,1.370000000000000107e+00,2.560000000000000053e+00,3.200000000000000067e-01,0.000000000000000000e+00,6.639999999999999680e+00,3.859999999999999876e+00,4.509999999999999787e+00,9.269999999999999574e+00,1.370000000000000107e+00,3.770000000000000018e+00,1.600000000000000089e+00,3.359999999999999876e+00,1.639999999999999902e+00,5.469999999999999751e+00,1.719999999999999973e+00,1.400000000000000133e-01,4.679999999999999716e+00,2.740000000000000213e+00,2.189999999999999947e+00,1.344999999999999929e+01,5.999999999999999778e-02,5.022999999999999687e+01,2.990000000000000213e+00,4.099999999999999645e+00,2.700000000000000178e+00,4.349999999999999645e+00,5.830000000000000071e+00,3.770000000000000018e+00,2.520000000000000018e+00,3.390000000000000124e+00,1.169999999999999929e+00,3.759999999999999787e+00,7.099999999999999645e-01,4.059999999999999609e+00,0.000000000000000000e+00,4.199999999999999845e-01,0.000000000000000000e+00,4.870000000000000107e+00,5.799999999999999600e-01,1.840000000000000080e+00,3.830000000000000071e+00,3.020000000000000018e+00,3.720000000000000195e+00,2.859999999999999876e+00,1.379999999999999893e+00,6.700000000000000400e-01,3.099999999999999978e-01,0.000000000000000000e+00,4.169999999999999929e+00,5.349999999999999645e+00,2.180000000000000071e+01,9.100000000000000311e-01,1.499999999999999944e-01,3.919999999999999929e+00,2.790000000000000036e+00,3.430000000000000160e+00,4.089999999999999858e+00,2.762999999999999901e+01,1.689000000000000057e+01,4.482000000000000028e+01,5.709999999999999964e+00,5.879999999999999893e+00,7.800000000000000266e-01,4.219999999999999751e+00,7.068000000000002103e+01,7.234999999999998010e+01,4.570000000000000284e+00,2.780000000000000071e+01,1.310999999999999943e+01,2.232999999999999829e+01,3.236999999999999744e+01,5.627000000000000313e+01,7.700000000000000178e+00,8.470000000000000639e+00,4.900000000000000355e+00,4.309999999999999609e+00,8.679999999999999716e+00,4.889999999999999680e+00,4.559999999999999609e+00,1.840000000000000080e+00,0.000000000000000000e+00,0.000000000000000000e+00,0.000000000000000000e+00,6.250000000000000000e+00,1.889999999999999902e+00,3.109999999999999876e+00,0.000000000000000000e+00,2.770000000000000018e+00,3.359999999999999876e+00,4.830000000000000071e+00,6.500000000000000222e-01,3.520000000000000018e+00,2.370000000000000107e+00,5.879999999999999893e+00,2.419999999999999929e+00,0.000000000000000000e+00,3.700000000000000178e+00,6.959999999999999964e+00,3.229999999999999982e+00
8.480000000000000426e+00,1.316999999999999993e+01,0.000000000000000000e+00,2.180000000000000160e+00,8.199999999999999512e-01,3.100000000000000089e+00,2.959999999999999964e+00,3.379999999999999893e+00,2.049999999999999822e+00,0.000000000000000000e+00,2.990000000000000213e+00,7.290000000000000036e+00,1.448000000000000043e+01,0.000000000000000000e+00,1.979999999999999982e+00,2.029999999999999805e+00,2.600000000000000089e-01,3.359999999999999876e+00,3.669999999999999929e+00,2.259999999999999787e+00,0.000000000000000000e+00,0.000000000000000000e+00,6.600000000000000311e-01,1.149999999999999911e+00,4.620000000000000107e+00,2.450000000000000178e+00,7.099999999999999645e-01,0.000000000000000000e+00,7.469999999999999751e+00,9.100000000000000311e-01,2.950000000000000178e+00,1.810000000000000053e+00,1.659999999999999920e+00,1.629999999999999893e+00,6.740000000000000213e+00,1.260999999999999943e+01,2.259999999999999787e+00,2.140000000000000124e+00,2.620000000000000107e+00,5.759999999999999787e+00,2.330000000000000071e+00,2.819999999999999840e+00,2.290000000000000036e+00,1.250000000000000000e+00,2.629999999999999893e+00,2.759999999999999787e+00,1.929999999999999938e+00,7.790000000000000036e+00,1.166000000000000014e+01,8.800000000000002487e+00,9.060000000000000497e+00,6.410000000000000142e+00,4.549999999999999822e+00,1.264000000000000057e+01,3.430000000000000160e+00,2.339999999999999858e+00,1.949999999999999956e+00,4.000000000000000000e+00,4.280000000000000249e+00,1.360000000000000098e+00,5.709999999999999964e+00,1.064000000000000057e+01,5.280000000000000249e+00,7.410000000000000142e+00,2.979999999999999982e+00,3.669999999999999929e+00,6.530000000000000249e+00,5.290000000000000036e+00,5.610000000000000320e+00,1.366999999999999993e+01,1.649999999999999911e+00,2.680000000000000160e+00,5.250000000000000000e+00,5.429999999999999716e+00,1.159999999999999920e+00,2.790000000000000036e+00,0.000000000000000000e+00,1.780000000000000027e+00,9.169999999999999929e+00,1.429999999999999938e+00,7.299999999999999822e-01,3.075000000000000000e+01,4.950000000000000178e+00,4.469999999999999751e+00,4.129999999999999893e+00,3.979999999999999982e+00,9.900000000000000355e+00,5.080000000000000071e+00,5.699999999999999512e-01,4.049999999999999822e+00,5.559999999999999609e+00,1.067999999999999972e+01,0.000000000000000000e+00,1.409999999999999920e+00,3.489000000000000057e+01,3.479999999999999982e+00,2.020000000000000018e+00,1.620000000000000107e+00,1.171000000000000085e+01,1.550000000000000044e+00,1.580000000000000071e+00,0.000000000000000000e+00,3.779999999999999805e+00,1.159999999999999920e+00,4.459999999999999964e+00,1.350000000000000089e+00,6.730000000000000426e+00,5.570000000000000284e+00,5.549999999999999822e+00,1.570000000000000062e+00,1.429999999999999938e+00,8.299999999999999600e-01,4.049999999999999822e+00,2.810000000000000053e+00,3.979999999999999982e+00,0.000000000000000000e+00,4.500000000000000000e+00,9.919999999999999929e+00,3.430000000000000160e+00,3.819999999999999840e+00,4.990000000000000213e+00,4.600000000000000200e-01,6.650000000000000355e+00,2.180000000000000160e+00,3.470000000000000195e+00,0.000000000000000000e+00,1.143999999999999950e+01,6.999999999999999556e-01,8.990000000000000213e+00,5.660000000000000142e+00,4.030000000000000249e+00,4.049999999999999822e+00,5.230000000000000426e+00,0.000000000000000000e+00,2.990000000000000213e+00,2.009999999999999787e+00,8.000000000000000444e-01,0.000000000000000000e+00,0.000000000000000000e+00,4.150000000000000355e+00,3.229999999999999982e+00,2.459999999999999964e+00,6.899999999999999467e-01,2.069999999999999840e+00,2.859999999999999876e+00,3.049999999999999822e+00,3.640000000000000124e+00,2.709999999999999964e+00,2.560000000000000053e+00,1.580000000000000071e+00,2.359999999999999876e+00,7.309999999999999609e+00,1.296000000000000085e+01,1.159999999999999920e+00,2.744999999999999929e+01,5.200000000000000178e-01,3.560000000000000053e+00,4.410000000000000142e+00,2.580000000000000071e+00,1.270000000000000018e+00,1.360000000000000098e+00,1.899999999999999911e+00,3.049999999999999822e+00,2.270000000000000018e+00,1.550000000000000044e+00,9.799999999999999822e-01,1.320000000000000062e+00,3.709999999999999964e+00,8.439999999999999503e+00,4.339999999999999858e+00,1.867000000000000171e+01,3.430000000000000160e+00,0.000000000000000000e+00,1.080000000000000071e+00,4.370000000000000107e+00,5.440000000000000391e+00,5.389999999999999680e+00,0.000000000000000000e+00,1.639999999999999902e+00,5.019999999999999574e+00,3.229999999999999982e+00,1.469999999999999973e+00,5.009999999999999787e+00,3.509999999999999787e+00,3.330000000000000071e+00,3.279999999999999805e+00,0.000000000000000000e+00,3.990000000000000213e+00,4.120000000000000107e+00,3.060000000000000053e+00
3.939999999999999947e+00,2.310000000000000053e+00,8.199999999999999512e-01,2.800000000000000266e-01,9.699999999999999734e-01,5.599999999999999645e+00,2.950000000000000178e+00,4.450000000000000178e+00,3.729999999999999982e+00,0.000000000000000000e+00,1.320000000000000062e+00,2.580000000000000071e+00,4.769999999999999574e+00,6.129999999999999893e+00,3.740000000000000213e+00,2.899999999999999800e-01,1.280000000000000027e+00,2.359999999999999876e+00,2.759999999999999787e+00,8.199999999999999512e-01,4.400000000000000355e+00,8.399999999999999689e-01,1.028999999999999915e+01,1.855999999999999872e+01,1.225999999999999979e+01,5.182999999999999829e+01,1.860000000000000098e+00,3.418999999999999773e+01,6.800000000000000488e-01,1.610000000000000098e+00,0.000000000000000000e+00,1.850000000000000089e+00,8.800000000000000044e-01,1.400000000000000133e-01,0.000000000000000000e+00,1.969999999999999973e+00,1.750000000000000000e+00,1.850000000000000089e+00,1.550000000000000044e+00,2.490000000000000213e+00,0.000000000000000000e+00,1.939999999999999947e+00,1.018999999999999950e+01,2.773000000000000043e+01,6.280000000000000249e+00,2.450000000000000178e+00,0.000000000000000000e+00,1.139999999999999902e+00,4.030000000000000249e+00,0.000000000000000000e+00,1.429999999999999938e+00,1.070000000000000062e+00,3.660000000000000142e+00,5.040000000000000036e+00,0.000000000000000000e+00,2.029999999999999805e+00,2.049999999999999822e+00,1.447000000000000064e+01,6.040000000000000036e+00,6.089999999999999858e+00,1.320000000000000062e+00,2.250000000000000000e+00,4.099999999999999645e+00,1.929999999999999938e+00,0.000000000000000000e+00,9.699999999999999734e-01,3.200000000000000067e-01,8.048000000000000398e+01,7.700000000000000000e+01,2.779999999999999805e+00,0.000000000000000000e+00,3.549999999999999822e+00,3.319999999999999840e+00,3.189999999999999947e+00,4.339999999999999858e+00,0.000000000000000000e+00,2.370000000000000107e+00,5.699999999999999512e-01,1.020000000000000018e+00,0.000000000000000000e+00,0.000000000000000000e+00,6.120000000000000107e+00,2.919999999999999929e+00,3.180000000000000160e+00,0.000000000000000000e+00,9.830000000000000071e+00,2.890000000000000124e+00,2.390000000000000124e+00,3.870000000000000107e+00,2.890000000000000124e+00,1.550000000000000044e+00,2.049999999999999822e+00,2.470000000000000195e+00,2.790000000000000036e+00,4.120000000000000107e+00,1.610000000000000098e+00,4.700000000000000178e+00,0.000000000000000000e+00,8.199999999999999512e-01,7.900000000000000355e-01,0.000000000000000000e+00,0.000000000000000000e+00,0.000000000000000000e+00,0.000000000000000000e+00,2.339999999999999858e+00,4.740000000000000213e+00,1.192999999999999972e+01,5.320000000000000284e+00,5.803999999999999915e+01,5.490000000000000213e+00,7.110000000000000320e+00,1.719999999999999973e+00,1.530000000000000027e+00,2.330000000000000071e+00,2.879999999999999893e+00,2.620000000000000107e+00,1.879999999999999893e+00,4.620000000000000107e+00,2.680000000000000160e+00,1.419999999999999929e+00,2.589999999999999858e+00,8.699999999999999956e-01,0.000000000000000000e+00,0.000000000000000000e+00,1.969999999999999973e+00,0.000000000000000000e+00,0.000000000000000000e+00,1.360000000000000098e+00,6.910000000000000142e+00,7.219999999999999751e+00,1.229999999999999982e+00,0.000000000000000000e+00,1.729999999999999982e+00,2.140000000000000124e+00,1.139999999999999902e+00,5.100000000000000089e-01,6.070000000000000284e+00,1.729999999999999982e+00,8.970000000000002416e+00,2.009999999999999787e+00,2.490000000000000213e+00,1.469999999999999973e+00,7.399999999999999911e-01,9.599999999999999645e-01,0.000000000000000000e+00,3.319999999999999840e+00,3.950000000000000178e+00,1.429999999999999938e+00,3.800000000000000044e-01,3.599999999999999867e-01,1.229999999999999982e+00,0.000000000000000000e+00,1.120000000000000107e+00,0.000000000000000000e+00,5.429999999999999716e+00,0.000000000000000000e+00,0.000000000000000000e+00,4.889999999999999680e+00,7.700000000000000178e-01,2.990000000000000213e+00,4.000000000000000083e-02,1.780000000000000027e+00,2.500000000000000000e-01,9.799999999999999822e-01,0.000000000000000000e+00,1.939999999999999947e+00,2.279999999999999805e+00,6.459999999999999964e+00,1.530000000000000027e+00,0.000000000000000000e+00,6.259999999999999787e+00,1.040000000000000036e+00,0.000000000000000000e+00,0.000000000000000000e+00,3.000000000000000000e+00,2.470000000000000195e+00,1.719999999999999973e+00,9.200000000000000400e-01,3.270000000000000018e+00,2.959999999999999964e+00,5.980000000000000426e+00,2.399999999999999911e-01,2.300000000000000100e-01,1.030000000000000027e+00,8.599999999999999867e-01,4.860000000000000320e+00,3.099999999999999978e-01,6.700000000000000400e-01,8.800000000000000044e-01,6.500000000000000222e-01
2.419999999999999929e+00,1.260000000000000009e+00,9.200000000000000400e-01,1.949999999999999956e+00,2.009999999999999787e+00,1.800000000000000044e+00,3.419999999999999929e+00,2.720000000000000195e+00,0.000000000000000000e+00,0.000000000000000000e+00,2.330000000000000071e+00,7.080000000000000071e+00,6.389999999999999680e+00,3.800000000000000044e-01,1.649999999999999911e+00,2.099999999999999922e-01,0.000000000000000000e+00,3.470000000000000195e+00,1.360000000000000098e+00,7.700000000000000178e-01,0.000000000000000000e+00,0.000000000000000000e+00,6.500000000000000222e-01,2.410000000000000142e+00,4.679999999999999716e+00,4.110000000000000320e+00,0.000000000000000000e+00,3.699999999999999956e-01,6.700000000000000400e-01,3.000000000000000000e+00,6.019999999999999574e+00,6.899999999999999467e-01,1.010000000000000009e+00,2.970000000000000195e+00,7.700000000000000178e-01,6.790000000000000036e+00,4.190000000000000391e+00,3.819999999999999840e+00,4.129999999999999893e+00,1.260000000000000009e+00,0.000000000000000000e+00,1.419999999999999929e+00,1.070000000000000062e+00,0.000000000000000000e+00,3.580000000000000071e+00,0.000000000000000000e+00,4.000000000000000222e-01,4.530000000000000249e+00,1.008999999999999986e+01,5.780000000000000249e+00,5.879999999999999893e+00,3.640000000000000124e+00,4.349999999999999645e+00,7.700000000000000178e+00,1.979999999999999982e+00,3.180000000000000160e+00,5.099999999999999645e+00,1.810000000000000053e+00,4.839999999999999858e+00,0.000000000000000000e+00,5.320000000000000284e+00,4.099999999999999756e-01,3.140000000000000124e+00,0.000000000000000000e+00,1.659999999999999920e+00,7.000000000000000666e-02,5.990000000000000213e+00,1.239999999999999991e+00,5.000000000000000278e-02,6.589999999999999858e+00,1.439999999999999947e+00,2.140000000000000124e+00,1.598000000000000043e+01,6.049999999999999822e+00,5.250000000000000000e+00,1.580000000000000071e+00,2.990000000000000213e+00,9.200000000000000400e-01,3.490000000000000213e+00,1.439999999999999947e+00,0.000000000000000000e+00,6.000000000000000000e+00,1.186999999999999922e+01,2.029999999999999805e+00,6.400000000000000133e-01,3.879999999999999893e+00,7.549999999999999822e+00,5.610000000000000320e+00,1.199999999999999956e-01,4.490000000000000213e+00,4.919999999999999929e+00,2.259999999999999787e+00,4.509999999999999787e+00,2.569999999999999840e+00,6.129999999999999893e+00,3.250000000000000000e+00,3.689999999999999947e+00,2.209999999999999964e+00,4.030000000000000249e+00,1.110000000000000098e+00,2.290000000000000036e+00,1.499999999999999944e-01,3.270000000000000018e+00,1.199999999999999956e+00,2.859999999999999876e+00,1.159999999999999920e+00,3.899999999999999911e+00,4.490000000000000213e+00,3.359999999999999876e+00,1.439999999999999947e+00,3.910000000000000142e+00,0.000000000000000000e+00,3.049999999999999822e+00,1.620000000000000107e+00,4.700000000000000178e+00,4.679999999999999716e+00,6.780000000000000249e+00,7.940000000000000391e+00,2.330000000000000071e+00,3.689999999999999947e+00,3.870000000000000107e+00,0.000000000000000000e+00,5.309999999999999609e+00,5.999999999999999778e-01,4.120000000000000107e+00,0.000000000000000000e+00,0.000000000000000000e+00,0.000000000000000000e+00,3.040000000000000036e+00,2.020000000000000018e+00,1.540000000000000036e+00,5.799999999999999822e+00,4.549999999999999822e+00,0.000000000000000000e+00,3.839999999999999858e+00,2.479999999999999982e+00,2.000000000000000042e-02,0.000000000000000000e+00,0.000000000000000000e+00,5.250000000000000000e+00,2.540000000000000036e+00,1.459999999999999964e+00,1.600000000000000033e-01,0.000000000000000000e+00,1.499999999999999944e-01,4.650000000000000355e+00,3.509999999999999787e+00,3.879999999999999893e+00,1.489999999999999991e+00,1.729999999999999982e+00,1.100000000000000089e+00,4.559999999999999609e+00,3.049999999999999822e+00,5.400000000000000355e-01,6.040000000000000036e+00,0.000000000000000000e+00,2.330000000000000071e+00,3.930000000000000160e+00,1.159999999999999920e+00,1.820000000000000062e+00,1.700000000000000122e-01,2.029999999999999805e+00,2.200000000000000178e+00,5.500000000000000444e-01,1.500000000000000000e+00,3.790000000000000036e+00,1.439999999999999947e+00,3.220000000000000195e+00,4.790000000000000036e+00,7.370000000000000107e+00,0.000000000000000000e+00,0.000000000000000000e+00,0.000000000000000000e+00,0.000000000000000000e+00,6.150000000000000355e+00,4.309999999999999609e+00,3.759999999999999787e+00,0.000000000000000000e+00,3.660000000000000142e+00,2.879999999999999893e+00,4.389999999999999680e+00,3.099999999999999978e-01,3.979999999999999982e+00,2.709999999999999964e+00,1.188000000000000078e+01,3.850000000000000089e+00,0.000000000000000000e+00,4.679999999999999716e+00,3.299999999999999822e+00,3.359999999999999876e+00
4.160000000000000142e+00,3.790000000000000036e+00,1.340000000000000080e+00,1.520000000000000018e+00,2.870000000000000107e+00,3.589999999999999858e+00,1.060000000000000053e+00,5.200000000000000178e+00,3.040000000000000036e+00,0.000000000000000000e+00,3.540000000000000036e+00,1.739999999999999991e+00,3.490000000000000213e+00,3.950000000000000178e+00,4.889999999999999680e+00,9.599999999999999645e-01,0.000000000000000000e+00,3.240000000000000213e+00,8.400000000000000355e+00,0.000000000000000000e+00,5.999999999999999778e-02,0.000000000000000000e+00,6.099999999999999867e-01,1.729999999999999982e+00,1.090000000000000080e+00,3.029999999999999805e+00,1.090000000000000080e+00,3.609999999999999876e+00,1.219999999999999973e+00,2.660000000000000142e+00,7.389999999999999680e+00,2.790000000000000036e+00,1.850000000000000089e+00,2.299999999999999822e+00,1.019999999999999929e+01,4.120000000000000107e+00,3.439999999999999947e+00,2.250000000000000000e+00,3.419999999999999929e+00,3.899999999999999911e+00,1.360000000000000098e+00,1.139999999999999902e+00,3.439999999999999947e+00,1.709999999999999964e+00,3.080000000000000071e+00,4.772999999999999687e+01,6.500000000000000222e-01,1.800000000000000044e+00,6.139999999999999680e+00,9.669999999999999929e+00,5.259999999999999787e+00,1.010000000000000009e+00,0.000000000000000000e+00,1.425000000000000000e+01,2.100000000000000089e+00,3.459999999999999964e+00,5.530000000000000249e+00,4.450000000000000178e+00,5.339999999999999858e+00,2.520000000000000018e+00,1.199999999999999956e-01,2.060000000000000053e+00,8.900000000000000133e-01,3.890000000000000124e+00,2.589999999999999858e+00,0.000000000000000000e+00,1.350000000000000089e+00,4.009999999999999787e+00,2.939999999999999947e+00,5.320000000000000284e+00,0.000000000000000000e+00,3.970000000000000195e+00,2.270000000000000018e+00,4.709999999999999964e+00,3.129999999999999893e+00,8.140000000000000568e+00,4.400000000000000022e-01,1.889999999999999902e+00,2.029999999999999805e+00,1.729999999999999982e+00,4.099999999999999756e-01,6.400000000000000355e+00,3.649999999999999911e+00,1.540000000000000036e+00,7.719999999999999751e+00,3.490000000000000213e+00,3.620000000000000107e+00,2.669999999999999929e+00,1.379999999999999893e+00,6.330000000000000071e+00,3.540000000000000036e+00,4.600000000000000200e-01,2.000000000000000042e-02,1.139999999999999902e+00,2.979999999999999982e+00,1.830000000000000071e+00,3.970000000000000195e+00,1.659999999999999920e+00,2.379999999999999893e+00,7.399999999999999911e-01,5.719999999999999751e+00,1.669999999999999929e+00,4.089999999999999858e+00,3.040000000000000036e+00,2.919999999999999929e+00,2.770000000000000018e+00,4.740000000000000213e+00,6.950000000000000178e+00,3.589999999999999858e+00,2.979999999999999982e+00,0.000000000000000000e+00,0.000000000000000000e+00,4.370000000000000107e+00,2.089999999999999858e+00,4.139999999999999680e+00,1.399999999999999911e+00,3.100000000000000089e+00,8.890000000000002345e+00,4.450000000000000178e+00,3.479999999999999982e+00,2.669999999999999929e+00,2.819999999999999840e+00,6.179999999999999716e+00,1.600000000000000089e+00,2.899999999999999800e-01,5.509999999999999787e+00,3.290000000000000036e+00,0.000000000000000000e+00,1.540000000000000036e+01,7.599999999999999645e+00,2.399999999999999911e+00,6.860000000000000320e+00,4.049999999999999822e+00,0.000000000000000000e+00,2.819999999999999840e+00,1.219999999999999973e+00,1.290000000000000036e+00,6.199999999999999956e-01,0.000000000000000000e+00,3.359999999999999876e+00,1.219999999999999973e+00,1.489999999999999991e+00,1.360000000000000098e+00,2.689999999999999947e+00,5.000000000000000000e+00,3.680000000000000160e+00,4.559999999999999609e+00,5.150000000000000355e+00,2.370000000000000107e+00,1.989999999999999991e+00,4.899999999999999911e-01,8.240000000000000213e+00,4.519999999999999574e+00,0.000000000000000000e+00,1.169999999999999929e+00,9.100000000000000311e-01,2.529999999999999805e+00,7.349999999999999645e+00,1.300000000000000044e+00,2.209999999999999964e+00,4.000000000000000222e-01,1.389999999999999902e+00,4.150000000000000355e+00,5.899999999999999689e-01,1.090000000000000080e+00,2.169999999999999929e+00,1.540000000000000036e+00,2.120000000000000107e+00,5.030000000000000249e+00,5.110000000000000320e+00,3.599999999999999867e-01,2.899999999999999800e-01,0.000000000000000000e+00,7.700000000000000178e-01,5.759999999999999787e+00,6.629999999999999893e+00,6.400000000000000355e+00,0.000000000000000000e+00,4.360000000000000320e+00,5.339999999999999858e+00,4.379999999999999893e+00,1.729999999999999982e+00,2.970000000000000195e+00,1.689999999999999947e+00,5.309999999999999609e+00,3.850000000000000089e+00,0.000000000000000000e+00,3.020000000000000018e+00,0.000000000000000000e+00,1.969999999999999973e+00
1.689999999999999947e+00,3.419999999999999929e+00,2.300000000000000100e-01,6.300000000000000044e-01,2.250000000000000000e+00,1.580000000000000071e+00,2.129999999999999893e+00,3.549999999999999822e+00,7.099999999999999645e-01,0.000000000000000000e+00,2.740000000000000213e+00,6.660000000000000142e+00,3.779999999999999805e+00,5.899999999999999689e-01,5.600000000000000533e-01,0.000000000000000000e+00,8.100000000000000533e-01,3.459999999999999964e+00,5.300000000000000266e-01,1.100000000000000006e-01,8.100000000000000533e-01,1.120000000000000107e+00,3.699999999999999956e-01,8.900000000000000133e-01,2.379999999999999893e+00,1.360000000000000098e+00,2.500000000000000000e-01,3.890000000000000124e+00,0.000000000000000000e+00,1.199999999999999956e+00,6.780000000000000249e+00,1.639999999999999902e+00,7.500000000000000000e-01,0.000000000000000000e+00,5.969999999999999751e+00,5.349000000000000199e+01,7.049999999999999822e+00,4.570000000000000284e+00,1.239000000000000057e+01,2.629999999999999893e+00,8.999999999999999667e-02,0.000000000000000000e+00,1.280000000000000027e+00,2.200000000000000011e-01,1.360000000000000098e+00,9.039999999999999147e+00,4.400000000000000022e-01,1.780000000000000027e+00,7.500000000000000000e+00,1.292999999999999972e+01,4.660000000000000142e+00,3.770000000000000018e+00,5.049999999999999822e+00,1.055000000000000071e+01,1.860000000000000098e+00,2.339999999999999858e+00,1.199999999999999956e+00,2.319999999999999840e+00,4.389999999999999680e+00,8.999999999999999667e-02,1.151999999999999957e+01,1.199999999999999956e-01,8.000000000000000444e-01,2.000000000000000042e-02,8.499999999999999778e-01,5.000000000000000278e-02,2.339999999999999858e+00,3.080000000000000071e+00,4.950000000000000178e+00,4.849999999999999645e+00,2.600000000000000089e+00,1.010000000000000009e+00,2.830000000000000071e+00,3.589999999999999858e+00,1.500000000000000000e+00,3.099999999999999978e-01,1.949999999999999956e+00,8.299999999999999600e-01,1.510000000000000009e+00,2.700000000000000178e-01,0.000000000000000000e+00,4.349999999999999645e+00,2.330000000000000071e+00,4.169999999999999929e+00,1.159999999999999920e+00,2.750000000000000000e+00,4.879999999999999893e+00,3.250000000000000000e+00,1.510000000000000009e+00,4.879999999999999893e+00,2.399999999999999911e+00,5.065999999999999659e+01,3.560000000000000053e+00,3.080000000000000071e+00,8.412999999999999545e+01,3.959999999999999964e+00,2.801000000000000156e+01,1.000000000000000000e+00,3.484000000000000341e+01,1.060000000000000053e+00,1.989999999999999991e+00,8.900000000000000133e-01,3.169999999999999929e+00,3.900000000000000133e-01,1.629999999999999893e+00,4.600000000000000200e-01,0.000000000000000000e+00,8.589999999999999858e+00,1.800000000000000044e+00,1.790000000000000036e+00,2.649999999999999911e+00,7.600000000000000089e-01,1.280000000000000027e+00,1.949999999999999956e+00,2.540000000000000036e+00,4.419999999999999929e+00,2.939999999999999947e+00,5.580000000000000071e+00,0.000000000000000000e+00,3.099999999999999978e-01,1.520000000000000018e+00,0.000000000000000000e+00,1.239999999999999991e+00,8.599999999999999867e-01,2.180000000000000160e+00,0.000000000000000000e+00,0.000000000000000000e+00,0.000000000000000000e+00,8.810000000000000497e+00,7.669999999999999929e+00,3.799999999999999822e+00,3.439999999999999947e+00,3.490000000000000213e+00,0.000000000000000000e+00,1.360000000000000098e+00,0.000000000000000000e+00,3.800000000000000044e-01,0.000000000000000000e+00,1.060000000000000053e+00,6.809999999999999609e+00,0.000000000000000000e+00,2.919999999999999929e+00,1.935999999999999943e+01,1.614000000000000057e+01,5.679999999999999716e+00,5.320000000000000284e+00,7.440000000000000391e+00,6.419999999999999929e+00,1.689999999999999947e+00,9.899999999999999911e-01,1.370000000000000107e+00,4.250000000000000000e+00,2.560000000000000053e+00,0.000000000000000000e+00,6.589999999999999858e+00,0.000000000000000000e+00,8.199999999999999512e-01,1.540000000000000036e+00,1.760000000000000009e+00,2.930000000000000160e+00,1.149999999999999911e+00,1.719999999999999973e+00,1.989999999999999991e+00,3.169999999999999929e+00,1.900000000000000022e-01,2.189999999999999947e+00,3.279999999999999805e+00,2.890000000000000124e+00,3.129999999999999893e+00,7.169999999999999929e+00,9.919999999999999929e+00,1.770000000000000018e+00,0.000000000000000000e+00,1.000000000000000056e-01,2.620000000000000107e+00,1.100000000000000089e+00,3.250000000000000000e+00,1.080000000000000071e+00,4.000000000000000222e-01,3.589999999999999858e+00,2.950000000000000178e+00,7.399999999999999911e-01,3.049999999999999822e+00,2.500000000000000000e+00,9.560000000000000497e+00,3.250000000000000000e+00,1.840000000000000080e+00,2.410000000000000142e+00,8.830000000000000071e+00,1.810000000000000053e+00
4.849999999999999645e+00,3.060000000000000053e+00,4.500000000000000111e-01,0.000000000000000000e+00,0.000000000000000000e+00,2.870000000000000107e+00,2.399999999999999911e+00,1.469999999999999973e+00,1.459999999999999964e+00,0.000000000000000000e+00,2.899999999999999911e+00,4.639999999999999680e+00,3.089999999999999858e+00,1.860000000000000098e+00,1.320000000000000062e+00,0.000000000000000000e+00,9.200000000000000400e-01,2.930000000000000160e+00,2.950000000000000178e+00,2.140000000000000124e+00,2.169999999999999929e+00,7.199999999999999734e-01,2.509999999999999787e+00,2.910000000000000142e+00,0.000000000000000000e+00,1.270000000000000018e+00,6.500000000000000222e-01,3.900000000000000133e-01,1.850000000000000089e+00,5.280000000000000249e+00,4.099999999999999645e+00,3.240000000000000213e+00,0.000000000000000000e+00,2.200000000000000011e-01,4.199999999999999845e-01,1.560000000000000053e+00,1.969999999999999973e+00,1.629999999999999893e+00,1.739999999999999991e+00,2.700000000000000178e+00,0.000000000000000000e+00,1.750000000000000000e+00,1.479999999999999982e+00,0.000000000000000000e+00,3.020000000000000018e+00,8.031000000000000227e+01,2.560000000000000053e+00,7.790000000000000036e+00,8.009999999999999787e+00,3.859999999999999876e+00,3.830000000000000071e+00,2.879999999999999893e+00,6.099999999999999645e+00,5.528999999999999915e+01,0.000000000000000000e+00,2.790000000000000036e+00,3.209999999999999964e+00,3.270000000000000018e+00,5.110000000000000320e+00,4.219999999999999751e+00,3.939999999999999947e+00,3.160000000000000142e+00,3.270000000000000018e+00,4.450000000000000178e+00,1.080000000000000071e+00,1.469999999999999973e+00,4.059999999999999609e+00,2.990000000000000213e+00,2.209999999999999964e+00,4.780000000000000249e+00,0.000000000000000000e+00,6.199999999999999956e-01,3.350000000000000089e+00,4.200000000000000178e+00,3.089999999999999858e+00,0.000000000000000000e+00,1.800000000000000044e+00,6.500000000000000222e-01,0.000000000000000000e+00,1.120000000000000107e+00,0.000000000000000000e+00,4.629999999999999893e+00,0.000000000000000000e+00,3.799999999999999822e+00,8.599999999999999867e-01,4.910000000000000142e+00,3.609999999999999876e+00,2.330000000000000071e+00,9.000000000000000222e-01,3.410000000000000142e+00,2.459999999999999964e+00,1.129999999999999893e+00,1.929999999999999938e+00,1.600000000000000089e+00,3.520000000000000018e+00,3.439999999999999947e+00,1.820000000000000062e+00,1.330000000000000071e+00,2.600000000000000089e+00,1.409999999999999920e+00,2.049999999999999822e+00,0.000000000000000000e+00,1.540000000000000036e+00,1.750000000000000000e+00,3.520000000000000018e+00,5.030000000000000249e+00,9.580000000000000071e+00,5.080000000000000071e+00,3.459999999999999964e+00,3.419999999999999929e+00,0.000000000000000000e+00,0.000000000000000000e+00,2.220000000000000195e+00,2.149999999999999911e+00,4.200000000000000178e+00,1.540000000000000036e+00,2.370000000000000107e+00,8.970000000000002416e+00,1.719999999999999973e+00,2.000000000000000000e+00,2.959999999999999964e+00,2.459999999999999964e+00,2.370000000000000107e+00,8.199999999999999512e-01,3.370000000000000107e+00,0.000000000000000000e+00,3.589999999999999858e+00,4.500000000000000111e-01,7.280000000000000249e+00,3.029999999999999805e+00,6.290000000000000036e+00,2.330000000000000071e+00,3.939999999999999947e+00,0.000000000000000000e+00,2.169999999999999929e+00,3.900000000000000133e-01,1.449999999999999956e+00,0.000000000000000000e+00,1.199999999999999956e+00,4.259999999999999787e+00,3.810000000000000053e+00,1.590000000000000080e+00,4.600000000000000200e-01,4.699999999999999734e-01,0.000000000000000000e+00,1.969999999999999973e+00,2.529999999999999805e+00,2.299999999999999822e+00,1.719999999999999973e+00,1.729999999999999982e+00,1.120000000000000107e+00,3.799999999999999822e+00,0.000000000000000000e+00,2.120000000000000107e+00,3.040000000000000036e+00,6.500000000000000222e-01,1.659999999999999920e+00,4.750000000000000000e+00,2.080000000000000071e+00,3.379999999999999893e+00,2.709999999999999964e+00,2.520000000000000018e+00,1.489999999999999991e+00,2.430000000000000160e+00,7.900000000000000355e-01,2.569999999999999840e+00,0.000000000000000000e+00,0.000000000000000000e+00,1.699999999999999956e+00,0.000000000000000000e+00,8.849999999999999645e+00,3.439999999999999947e+00,0.000000000000000000e+00,5.899999999999999689e-01,8.029999999999999361e+00,4.250000000000000000e+00,2.750000000000000000e+00,2.290000000000000036e+00,2.640000000000000124e+00,4.070000000000000284e+00,3.149999999999999911e+00,1.219999999999999973e+00,1.840000000000000080e+00,2.990000000000000213e+00,5.490000000000000213e+00,4.160000000000000142e+00,1.949999999999999956e+00,2.350000000000000089e+00,4.139999999999999680e+00,1.159999999999999920e+00
4.429999999999999716e+00,2.390000000000000124e+00,3.499999999999999778e-01,1.580000000000000071e+00,9.399999999999999467e-01,1.959999999999999964e+00,2.479999999999999982e+00,1.679999999999999938e+00,2.089999999999999858e+00,1.639999999999999902e+00,2.399999999999999911e+00,7.299999999999999822e-01,1.949999999999999956e+00,2.549999999999999822e+00,1.340000000000000080e+00,2.740000000000000213e+00,2.970000000000000195e+00,4.419999999999999929e+00,4.280000000000000249e+00,1.570000000000000062e+00,1.389999999999999902e+00,1.530000000000000027e+00,0.000000000000000000e+00,7.199999999999999734e-01,1.659999999999999920e+00,1.840000000000000080e+00,8.199999999999999512e-01,0.000000000000000000e+00,0.000000000000000000e+00,0.000000000000000000e+00,3.129999999999999893e+00,2.299999999999999822e+00,0.000000000000000000e+00,8.199999999999999512e-01,5.080000000000000071e+00,0.000000000000000000e+00,2.220000000000000195e+00,5.200000000000000178e-01,2.410000000000000142e+00,0.000000000000000000e+00,2.029999999999999805e+00,4.509999999999999787e+00,0.000000000000000000e+00,8.499999999999999778e-01,3.609999999999999876e+00,5.660999999999999943e+01,4.330000000000000071e+00,4.650000000000000355e+00,8.189999999999999503e+00,6.519999999999999574e+00,4.080000000000000071e+00,1.659999999999999920e+00,3.800000000000000044e-01,2.050000000000000000e+01,1.310000000000000053e+00,3.020000000000000018e+00,5.540000000000000036e+00,2.270000000000000018e+00,4.660000000000000142e+00,9.000000000000000222e-01,2.839999999999999858e+00,2.189999999999999947e+00,2.589999999999999858e+00,2.870000000000000107e+00,8.100000000000000533e-01,6.800000000000000488e-01,8.100000000000000533e-01,2.720000000000000195e+00,1.979999999999999982e+00,5.809999999999999609e+00,0.000000000000000000e+00,1.840000000000000080e+00,2.600000000000000089e+00,8.000000000000000444e-01,3.439999999999999947e+00,2.250000000000000000e+00,0.000000000000000000e+00,1.800000000000000044e+00,6.030000000000000249e+00,4.370000000000000107e+00,5.899999999999999689e-01,9.029999999999999361e+00,1.830000000000000071e+00,1.969999999999999973e+00,4.769999999999999574e+00,8.599999999999999867e-01,1.260000000000000009e+00,2.069999999999999840e+00,8.800000000000000044e-01,2.700000000000000178e+00,2.930000000000000160e+00,2.700000000000000178e-01,5.799999999999999600e-01,2.419999999999999929e+00,3.299999999999999822e+00,2.140000000000000124e+00,2.120000000000000107e+00,0.000000000000000000e+00,0.000000000000000000e+00,1.600000000000000033e-01,1.419999999999999929e+00,0.000000000000000000e+00,3.810000000000000053e+00,9.000000000000000222e-01,1.320000000000000062e+00,1.620000000000000107e+00,4.110000000000000320e+00,2.209999999999999964e+00,2.020000000000000018e+00,1.159999999999999920e+00,7.700000000000000178e-01,1.399999999999999911e+00,2.390000000000000124e+00,1.850000000000000089e+00,1.330000000000000071e+00,1.899999999999999911e+00,2.970000000000000195e+00,1.959999999999999964e+00,8.900000000000000133e-01,6.300000000000000044e-01,0.000000000000000000e+00,1.949999999999999956e+00,3.479999999999999982e+00,2.189999999999999947e+00,2.919999999999999929e+00,2.970000000000000195e+00,0.000000000000000000e+00,1.370000000000000107e+00,8.710000000000000853e+00,3.290000000000000036e+00,2.169999999999999929e+00,6.500000000000000222e-01,3.819999999999999840e+00,0.000000000000000000e+00,1.850000000000000089e+00,2.580000000000000071e+00,1.320000000000000062e+00,8.399999999999999689e-01,2.569999999999999840e+00,2.299999999999999822e+00,2.439999999999999947e+00,2.169999999999999929e+00,9.000000000000000222e-01,6.500000000000000222e-01,3.939999999999999947e+00,1.800000000000000044e+00,1.879999999999999893e+00,2.129999999999999893e+00,3.129999999999999893e+00,2.859999999999999876e+00,1.659999999999999920e+00,0.000000000000000000e+00,1.350000000000000089e+00,2.770000000000000018e+00,6.839999999999999858e+00,1.070000000000000062e+00,4.400000000000000022e-01,7.459999999999999964e+00,1.199999999999999956e-01,1.459999999999999964e+00,9.000000000000000222e-01,1.159999999999999920e+00,0.000000000000000000e+00,9.200000000000000400e-01,2.040000000000000036e+00,3.009999999999999787e+00,0.000000000000000000e+00,2.609999999999999876e+00,4.240000000000000213e+00,1.419999999999999929e+00,1.084999999999999964e+01,2.870000000000000107e+00,0.000000000000000000e+00,1.320000000000000062e+00,2.850000000000000089e+00,4.969999999999999751e+00,3.970000000000000195e+00,3.209999999999999964e+00,1.949999999999999956e+00,5.519999999999999574e+00,1.439999999999999947e+00,1.800000000000000044e+00,1.340000000000000080e+00,5.999999999999999778e-02,3.580000000000000071e+00,5.049999999999999822e+00,1.050000000000000044e+00,3.620000000000000107e+00,1.199999999999999956e+00,3.589999999999999858e+00
5.240000000000000213e+00,4.610000000000000320e+00,5.899999999999999689e-01,2.020000000000000018e+00,1.530000000000000027e+00,2.290000000000000036e+00,3.750000000000000000e+00,0.000000000000000000e+00,2.669999999999999929e+00,0.000000000000000000e+00,6.219999999999999751e+00,3.359999999999999876e+00,6.370000000000000107e+00,1.469999999999999973e+00,1.270000000000000018e+00,2.839999999999999858e+00,9.300000000000000488e-01,4.269999999999999574e+00,3.899999999999999911e+00,0.000000000000000000e+00,1.010000000000000009e+00,1.040000000000000036e+00,0.000000000000000000e+00,2.270000000000000018e+00,2.450000000000000178e+00,6.509999999999999787e+00,3.200000000000000067e-01,3.660000000000000142e+00,2.709999999999999964e+00,2.149999999999999911e+00,5.000000000000000000e+00,2.310000000000000053e+00,1.040000000000000036e+00,1.053999999999999915e+01,3.990000000000000213e+00,3.357000000000000028e+01,5.480000000000000426e+00,5.540000000000000036e+00,7.799999999999999822e+00,3.419999999999999929e+00,1.209999999999999964e+00,3.116000000000000014e+01,6.999999999999999556e-01,1.000000000000000000e+00,3.200000000000000178e+00,4.714999999999999858e+01,6.419999999999999929e+00,9.529999999999999361e+00,1.152999999999999936e+01,2.487000000000000099e+01,6.490000000000000213e+00,1.285999999999999943e+01,3.680000000000000160e+00,6.726000000000000512e+01,4.699999999999999734e-01,2.609999999999999876e+00,9.589999999999999858e+00,7.809999999999999609e+00,6.269999999999999574e+00,1.189999999999999947e+00,4.071000000000000085e+01,2.490000000000000213e+00,2.149999999999999911e+00,5.679999999999999716e+00,3.089999999999999858e+00,1.867999999999999972e+01,3.800000000000000044e-01,9.810000000000000497e+00,2.235000000000000142e+01,1.194999999999999929e+01,0.000000000000000000e+00,1.919999999999999929e+00,4.320000000000000284e+00,1.250000000000000000e+00,1.310000000000000053e+00,4.419999999999999929e+00,0.000000000000000000e+00,1.540000000000000036e+00,3.229999999999999982e+00,1.550000000000000044e+00,0.000000000000000000e+00,2.096000000000000085e+01,2.375000000000000000e+01,1.575000000000000000e+01,3.220000000000000195e+00,2.450000000000000178e+00,1.078999999999999915e+01,4.549999999999999822e+00,6.700000000000000400e-01,1.230000000000000071e+01,4.230000000000000426e+00,3.413000000000000256e+01,4.799999999999999822e-01,0.000000000000000000e+00,7.098999999999998067e+01,3.560000000000000053e+00,4.396000000000000085e+01,1.270000000000000018e+00,3.250000000000000000e+01,8.699999999999999956e-01,2.169999999999999929e+00,8.699999999999999956e-01,3.810000000000000053e+00,1.310000000000000053e+00,1.409999999999999920e+00,3.069999999999999840e+00,1.639999999999999902e+00,9.039999999999999147e+00,9.799999999999999822e-01,4.000000000000000083e-02,1.100000000000000006e-01,0.000000000000000000e+00,3.500000000000000000e+00,2.020000000000000018e+00,4.209999999999999964e+00,4.019999999999999574e+00,2.060000000000000053e+00,0.000000000000000000e+00,9.000000000000000000e+00,5.120000000000000107e+00,4.299999999999999822e+00,1.739999999999999991e+00,3.459999999999999964e+00,2.410000000000000142e+00,3.549999999999999822e+00,1.479999999999999982e+00,8.150000000000000355e+00,4.600000000000000200e-01,1.480000000000000071e+01,2.250000000000000000e+01,2.180000000000000160e+00,1.500000000000000000e+00,4.389999999999999680e+00,2.520000000000000018e+00,2.879999999999999893e+00,2.439999999999999947e+00,0.000000000000000000e+00,0.000000000000000000e+00,0.000000000000000000e+00,1.629999999999999893e+00,5.899999999999999689e-01,1.830000000000000071e+00,1.149999999999999911e+00,1.129999999999999893e+00,2.270000000000000018e+00,1.005000000000000071e+01,2.458999999999999986e+01,1.864000000000000057e+01,1.320000000000000062e+00,3.009999999999999787e+00,1.830000000000000071e+00,1.522000000000000064e+01,1.518999999999999950e+01,0.000000000000000000e+00,1.484999999999999964e+01,1.010000000000000009e+00,2.770000000000000018e+00,2.770000000000000018e+00,1.840000000000000080e+00,2.020000000000000018e+00,2.399999999999999911e-01,9.699999999999999734e-01,3.459999999999999964e+00,8.399999999999999689e-01,1.870000000000000107e+00,2.009999999999999787e+00,2.149999999999999911e+00,2.629999999999999893e+00,1.899999999999999911e+00,1.331000000000000050e+01,1.534999999999999964e+01,1.580000000000000071e+00,0.000000000000000000e+00,1.070000000000000062e+00,7.709999999999999964e+00,8.210000000000000853e+00,6.190000000000000391e+00,0.000000000000000000e+00,1.850000000000000089e+00,1.057000000000000028e+01,3.439999999999999947e+00,1.739999999999999991e+00,2.680000000000000160e+00,2.660000000000000142e+00,4.360000000000000320e+00,8.089999999999999858e+00,0.000000000000000000e+00,3.560000000000000053e+00,5.843999999999999773e+01,2.850000000000000089e+00
1.810000000000000053e+00,1.419999999999999929e+00,6.815999999999999659e+01,7.965000000000001990e+01,6.745999999999999375e+01,0.000000000000000000e+00,3.069999999999999840e+00,0.000000000000000000e+00,1.229999999999999982e+00,6.500000000000000222e-01,2.439999999999999947e+00,1.209999999999999964e+00,4.500000000000000111e-01,0.000000000000000000e+00,9.799999999999999822e-01,6.600000000000000311e-01,2.700000000000000178e-01,1.280000000000000027e+00,6.400000000000000133e-01,1.600000000000000033e-01,0.000000000000000000e+00,2.109999999999999876e+00,0.000000000000000000e+00,0.000000000000000000e+00,0.000000000000000000e+00,4.000000000000000083e-02,0.000000000000000000e+00,0.000000000000000000e+00,0.000000000000000000e+00,3.699999999999999956e-01,7.490000000000000213e+00,1.879999999999999893e+00,2.600000000000000089e-01,0.000000000000000000e+00,0.000000000000000000e+00,0.000000000000000000e+00,1.040000000000000036e+00,1.050000000000000044e+00,8.699999999999999956e-01,1.350000000000000089e+00,0.000000000000000000e+00,1.149999999999999911e+00,0.000000000000000000e+00,0.000000000000000000e+00,4.000000000000000222e-01,0.000000000000000000e+00,1.830000000000000071e+00,3.200000000000000067e-01,0.000000000000000000e+00,0.000000000000000000e+00,0.000000000000000000e+00,0.000000000000000000e+00,9.499999999999999556e-01,1.300000000000000044e+00,0.000000000000000000e+00,2.009999999999999787e+00,0.000000000000000000e+00,0.000000000000000000e+00,0.000000000000000000e+00,2.540000000000000036e+00,1.469999999999999973e+00,1.389999999999999902e+00,0.000000000000000000e+00,4.879999999999999893e+00,0.000000000000000000e+00,2.399999999999999911e-01,0.000000000000000000e+00,9.779999999999999361e+00,9.199999999999999289e+00,0.000000000000000000e+00,0.000000000000000000e+00,0.000000000000000000e+00,4.750000000000000000e+00,8.957999999999999829e+01,8.499999999999999778e-01,0.000000000000000000e+00,1.799999999999999933e-01,0.000000000000000000e+00,7.500000000000000000e-01,0.000000000000000000e+00,0.000000000000000000e+00,3.117999999999999972e+01,0.000000000000000000e+00,1.209999999999999964e+00,9.599999999999999645e-01,7.099999999999999645e-01,2.350000000000000089e+00,1.600000000000000089e+00,2.410000000000000142e+00,3.900000000000000133e-01,1.590000000000000080e+00,1.959999999999999964e+00,3.599999999999999867e-01,6.800000000000000488e-01,3.400000000000000244e-01,1.689999999999999947e+00,0.000000000000000000e+00,0.000000000000000000e+00,0.000000000000000000e+00,1.100000000000000006e-01,1.378999999999999915e+01,1.288000000000000078e+01,1.490000000000000036e+01,1.161999999999999922e+01,1.750000000000000000e+00,0.000000000000000000e+00,5.009999999999999787e+00,6.300000000000000044e-01,1.389999999999999902e+00,4.799999999999999822e-01,1.969999999999999973e+00,7.800000000000000266e-01,0.000000000000000000e+00,1.000000000000000021e-02,1.199999999999999956e-01,1.040000000000000036e+00,0.000000000000000000e+00,0.000000000000000000e+00,0.000000000000000000e+00,0.000000000000000000e+00,1.149999999999999911e+00,6.580000000000000071e+00,0.000000000000000000e+00,1.989999999999999991e+00,6.099999999999999867e-01,1.908999999999999986e+01,1.257000000000000028e+01,5.699999999999999512e-01,5.650000000000000355e+00,8.359999999999999432e+00,2.399999999999999911e-01,1.020000000000000018e+00,1.449999999999999956e+00,5.000000000000000278e-02,0.000000000000000000e+00,5.999999999999999778e-02,1.600000000000000089e+00,1.100000000000000089e+00,1.810000000000000053e+00,0.000000000000000000e+00,9.100000000000000311e-01,6.865999999999999659e+01,2.419999999999999929e+00,3.014999999999999858e+01,9.300000000000000711e+00,2.680000000000000160e+00,4.019999999999999574e+00,2.379999999999999893e+00,4.988000000000000256e+01,6.568999999999999773e+01,7.704999999999999716e+01,1.889999999999999902e+00,3.049999999999999822e+00,3.129999999999999893e+00,3.870000000000000107e+00,1.100000000000000089e+00,0.000000000000000000e+00,0.000000000000000000e+00,0.000000000000000000e+00,2.020000000000000018e+00,3.350000000000000089e+00,3.200000000000000178e+00,5.699999999999999512e-01,0.000000000000000000e+00,3.870000000000000107e+00,1.280000000000000027e+00,3.270000000000000018e+00,1.266999999999999993e+01,1.030000000000000027e+00,0.000000000000000000e+00,0.000000000000000000e+00,1.629999999999999893e+00,0.000000000000000000e+00,0.000000000000000000e+00,0.000000000000000000e+00,8.699999999999999956e-01,4.600000000000000200e-01,0.000000000000000000e+00,5.099999999999999645e+00,2.999999999999999889e-02,0.000000000000000000e+00,0.000000000000000000e+00,2.062000000000000099e+01,4.900000000000000355e+00,4.429999999999999716e+00,0.000000000000000000e+00,0.000000000000000000e+00,0.000000000000000000e+00,0.000000000000000000e+00,0.000000000000000000e+00
1.879999999999999893e+00,2.120000000000000107e+00,0.000000000000000000e+00,3.400000000000000244e-01,2.800000000000000266e-01,9.899999999999999911e-01,2.350000000000000089e+00,1.280000000000000027e+00,6.700000000000000400e-01,0.000000000000000000e+00,4.400000000000000022e-01,0.000000000000000000e+00,0.000000000000000000e+00,9.799999999999999822e-01,2.160000000000000142e+00,0.000000000000000000e+00,1.070000000000000062e+00,2.000000000000000111e-01,2.000000000000000000e+00,2.069999999999999840e+00,8.000000000000000444e-01,7.399999999999999911e-01,1.840000000000000080e+00,2.750000000000000000e+00,1.310000000000000053e+00,1.929999999999999938e+00,1.209999999999999964e+00,0.000000000000000000e+00,1.610000000000000098e+00,0.000000000000000000e+00,2.040000000000000036e+00,1.100000000000000089e+00,0.000000000000000000e+00,0.000000000000000000e+00,1.300000000000000044e+00,3.390000000000000124e+00,7.600000000000000089e-01,4.799999999999999822e-01,0.000000000000000000e+00,8.699999999999999956e-01,0.000000000000000000e+00,1.169999999999999929e+00,2.899999999999999911e+00,2.470000000000000195e+00,0.000000000000000000e+00,6.700000000000000178e+00,6.099999999999999867e-01,0.000000000000000000e+00,8.699999999999999956e-01,0.000000000000000000e+00,2.729999999999999982e+00,1.189999999999999947e+00,0.000000000000000000e+00,8.550000000000000711e+00,5.290000000000000036e+00,1.400000000000000133e-01,0.000000000000000000e+00,0.000000000000000000e+00,0.000000000000000000e+00,0.000000000000000000e+00,0.000000000000000000e+00,0.000000000000000000e+00,0.000000000000000000e+00,0.000000000000000000e+00,2.399999999999999911e-01,2.959999999999999964e+00,0.000000000000000000e+00,4.400000000000000022e-01,2.740000000000000213e+00,1.163000000000000078e+01,0.000000000000000000e+00,0.000000000000000000e+00,2.000000000000000042e-02,5.699999999999999512e-01,6.400000000000000133e-01,0.000000000000000000e+00,2.270000000000000018e+00,8.800000000000000044e-01,5.200000000000000178e-01,3.709999999999999964e+00,0.000000000000000000e+00,5.639999999999999680e+00,2.099999999999999922e-01,6.700000000000000400e-01,6.800000000000000488e-01,6.169999999999999929e+00,3.819999999999999840e+00,1.120000000000000107e+00,2.120000000000000107e+00,2.560000000000000053e+00,0.000000000000000000e+00,2.180000000000000160e+00,0.000000000000000000e+00,0.000000000000000000e+00,3.669999999999999929e+00,1.330000000000000071e+00,3.700000000000000178e+00,0.000000000000000000e+00,5.699999999999999512e-01,0.000000000000000000e+00,1.679999999999999938e+00,3.499999999999999778e-01,1.000000000000000000e+00,7.399999999999999911e-01,0.000000000000000000e+00,0.000000000000000000e+00,2.040000000000000036e+00,3.500000000000000000e+00,0.000000000000000000e+00,0.000000000000000000e+00,0.000000000000000000e+00,0.000000000000000000e+00,1.310000000000000053e+00,3.599999999999999867e-01,4.500000000000000111e-01,3.699999999999999956e-01,2.569999999999999840e+00,1.900000000000000022e-01,0.000000000000000000e+00,3.600000000000000089e+00,1.499999999999999944e-01,2.709999999999999964e+00,3.290000000000000036e+00,7.399999999999999911e-01,5.100000000000000089e-01,3.509999999999999787e+00,0.000000000000000000e+00,7.099999999999999645e-01,5.230000000000000426e+00,2.419999999999999929e+00,7.299999999999999822e-01,3.649999999999999911e+00,0.000000000000000000e+00,0.000000000000000000e+00,0.000000000000000000e+00,1.469999999999999973e+00,3.200000000000000067e-01,4.000000000000000222e-01,0.000000000000000000e+00,5.799999999999999600e-01,0.000000000000000000e+00,1.209999999999999964e+00,1.250000000000000000e+00,2.419999999999999929e+00,0.000000000000000000e+00,1.120000000000000107e+00,1.510000000000000009e+00,1.429999999999999938e+00,8.800000000000000044e-01,2.500000000000000000e+00,0.000000000000000000e+00,3.870000000000000107e+00,0.000000000000000000e+00,0.000000000000000000e+00,7.600000000000000089e-01,1.090000000000000080e+00,1.909999999999999920e+00,3.740000000000000213e+00,5.370000000000000107e+00,3.790000000000000036e+00,2.220000000000000195e+00,2.180000000000000160e+00,6.509999999999999787e+00,0.000000000000000000e+00,1.047000000000000064e+01,2.099999999999999922e-01,2.300000000000000100e-01,2.620000000000000107e+00,6.199999999999999956e-01,0.000000000000000000e+00,0.000000000000000000e+00,0.000000000000000000e+00,0.000000000000000000e+00,0.000000000000000000e+00,0.000000000000000000e+00,0.000000000000000000e+00,0.000000000000000000e+00,0.000000000000000000e+00,1.120000000000000107e+00,1.469999999999999973e+00,2.529999999999999805e+00,0.000000000000000000e+00,5.799999999999999600e-01,0.000000000000000000e+00,3.279999999999999805e+00,3.629999999999999893e+00,1.459999999999999964e+00,0.000000000000000000e+00,3.900000000000000133e-01,1.399999999999999911e+00
3.009999999999999787e+00,6.089999999999999858e+00,8.699999999999999956e-01,3.699999999999999956e-01,2.299999999999999822e+00,5.000000000000000000e-01,1.610000000000000098e+00,1.330000000000000071e+00,2.120000000000000107e+00,5.000000000000000000e-01,3.509999999999999787e+00,0.000000000000000000e+00,4.199999999999999845e-01,0.000000000000000000e+00,3.359999999999999876e+00,2.589999999999999858e+00,1.300000000000000044e-01,3.020000000000000018e+00,2.080000000000000071e+00,0.000000000000000000e+00,1.919999999999999929e+00,0.000000000000000000e+00,9.899999999999999911e-01,2.020000000000000018e+00,1.419999999999999929e+00,1.620000000000000107e+00,9.899999999999999911e-01,5.190000000000000391e+00,1.489999999999999991e+00,0.000000000000000000e+00,3.540000000000000036e+00,4.150000000000000355e+00,6.400000000000000133e-01,4.239000000000000057e+01,1.590000000000000080e+00,1.129999999999999893e+00,9.100000000000000311e-01,2.999999999999999889e-01,0.000000000000000000e+00,4.000000000000000000e+00,2.029999999999999805e+00,7.089999999999999858e+00,1.080000000000000071e+00,1.929999999999999938e+00,1.639999999999999902e+00,3.509999999999999787e+00,4.360000000000000320e+00,2.399999999999999911e+00,9.539999999999999147e+00,5.549999999999999822e+00,3.770000000000000018e+00,1.700000000000000122e-01,9.100000000000000311e-01,7.080000000000000071e+00,8.399999999999999689e-01,1.199999999999999956e-01,1.799999999999999933e-01,1.496000000000000085e+01,1.839000000000000057e+01,2.439999999999999947e+00,1.041000000000000014e+01,7.450000000000000178e+00,1.023000000000000043e+01,3.094999999999999929e+01,1.389999999999999902e+00,6.940000000000000391e+00,1.870000000000000107e+00,3.400000000000000244e-01,7.900000000000000355e-01,7.410000000000000142e+00,1.489999999999999991e+00,7.860000000000000320e+00,2.399999999999999911e-01,2.979999999999999982e+00,2.779999999999999805e+00,5.699999999999999512e-01,7.500000000000000000e-01,3.099999999999999978e-01,1.870000000000000107e+00,3.599999999999999867e-01,0.000000000000000000e+00,3.133999999999999986e+01,3.349000000000000199e+01,4.389999999999999680e+00,2.620000000000000107e+00,0.000000000000000000e+00,4.629999999999999893e+00,0.000000000000000000e+00,1.179999999999999938e+00,2.080000000000000071e+00,0.000000000000000000e+00,3.740000000000000213e+00,0.000000000000000000e+00,0.000000000000000000e+00,1.780000000000000027e+00,1.679999999999999938e+00,2.310000000000000053e+00,2.649999999999999911e+00,1.949999999999999956e+00,5.100000000000000089e-01,1.439999999999999947e+00,7.099999999999999645e-01,0.000000000000000000e+00,0.000000000000000000e+00,0.000000000000000000e+00,6.199999999999999956e-01,3.700000000000000178e+00,4.580000000000000071e+00,1.280000000000000027e+00,1.510000000000000009e+00,4.000000000000000000e+00,9.499999999999999556e-01,0.000000000000000000e+00,0.000000000000000000e+00,4.600000000000000200e-01,1.899999999999999911e+00,0.000000000000000000e+00,2.379999999999999893e+00,4.250000000000000000e+00,5.719999999999999751e+00,4.269999999999999574e+00,5.959999999999999964e+00,0.000000000000000000e+00,0.000000000000000000e+00,2.200000000000000011e-01,5.190000000000000391e+00,8.609999999999999432e+00,1.239999999999999991e+00,1.268999999999999950e+01,1.919000000000000128e+01,1.899999999999999911e+00,0.000000000000000000e+00,2.229999999999999982e+00,1.629999999999999893e+00,0.000000000000000000e+00,0.000000000000000000e+00,1.350000000000000089e+00,0.000000000000000000e+00,2.060000000000000053e+00,5.999999999999999778e-02,0.000000000000000000e+00,7.900000000000000355e-01,4.600000000000000200e-01,1.379999999999999893e+00,2.899999999999999800e-01,1.659999999999999920e+00,7.500000000000000000e-01,0.000000000000000000e+00,7.500000000000000000e-01,2.500000000000000000e-01,3.800000000000000044e-01,0.000000000000000000e+00,0.000000000000000000e+00,3.499999999999999778e-01,9.199999999999999289e+00,8.599999999999999867e-01,1.639999999999999902e+00,1.909999999999999920e+00,8.199999999999999512e-01,6.400000000000000133e-01,7.399999999999999911e-01,5.400000000000000355e-01,3.029999999999999805e+00,1.639999999999999902e+00,1.320000000000000062e+00,0.000000000000000000e+00,9.599999999999999645e-01,4.690000000000000391e+00,1.239999999999999991e+00,3.299999999999999822e+00,9.869999999999999218e+00,1.969999999999999973e+00,1.340000000000000080e+00,8.999999999999999667e-02,2.549999999999999822e+00,7.000000000000000000e+00,6.370000000000000107e+00,8.399999999999999689e-01,1.320000000000000062e+00,2.990000000000000213e+00,4.379999999999999893e+00,0.000000000000000000e+00,2.999999999999999889e-01,0.000000000000000000e+00,2.040000000000000036e+00,3.919999999999999929e+00,0.000000000000000000e+00,8.099999999999999645e+00,2.421000000000000085e+01,2.080000000000000071e+00
3.759999999999999787e+00,0.000000000000000000e+00,9.100000000000000311e-01,1.620000000000000107e+00,1.620000000000000107e+00,8.832999999999999829e+01,2.910000000000000142e+00,2.990000000000000213e+00,8.000000000000000444e-01,3.890000000000000124e+00,1.899999999999999911e+00,1.879999999999999893e+00,2.299999999999999822e+00,2.209999999999999964e+00,2.200000000000000011e-01,0.000000000000000000e+00,1.088000000000000078e+01,9.800000000000000711e+00,2.901000000000000156e+01,4.500000000000000000e+00,9.710000000000000853e+00,1.179999999999999938e+00,1.389999999999999902e+00,2.709999999999999964e+00,0.000000000000000000e+00,1.590000000000000080e+00,7.399999999999999911e-01,0.000000000000000000e+00,3.089999999999999858e+00,4.961999999999999744e+01,4.500000000000000111e-01,3.729999999999999716e+01,1.639999999999999902e+00,1.167999999999999972e+01,1.419999999999999929e+00,1.241000000000000014e+01,9.859999999999999432e+00,7.969999999999999751e+00,1.469999999999999929e+01,5.070000000000000284e+00,0.000000000000000000e+00,9.899999999999999911e-01,4.525000000000000000e+01,4.910999999999999943e+01,5.360000000000000320e+00,5.200000000000000178e+00,8.699999999999999956e-01,1.780000000000000027e+00,4.959999999999999964e+00,4.589999999999999858e+00,2.779999999999999805e+00,1.770000000000000018e+00,2.399999999999999911e+00,3.517000000000000171e+01,6.279999999999999716e+01,3.985000000000000142e+01,6.980000000000000426e+00,7.719999999999999751e+00,7.849999999999999645e+00,4.700000000000000178e+00,9.000000000000000222e-01,0.000000000000000000e+00,2.470000000000000195e+00,3.450000000000000178e+00,2.930000000000000160e+00,2.479999999999999982e+00,3.899999999999999911e+00,3.879999999999999893e+00,2.709999999999999964e+00,3.049999999999999822e+00,3.389000000000000057e+01,1.000000000000000000e+02,2.589999999999999858e+00,7.700000000000000178e-01,1.000000000000000000e+02,7.614000000000000057e+01,6.999999999999999556e-01,2.649999999999999911e+00,3.680000000000000160e+00,2.049999999999999822e+00,1.199999999999999956e-01,4.959999999999999964e+00,0.000000000000000000e+00,2.339999999999999858e+00,8.492000000000000171e+01,9.346999999999999886e+01,2.750000000000000000e+00,2.209999999999999964e+00,4.500000000000000000e+00,1.812999999999999901e+01,2.910000000000000142e+00,1.510000000000000009e+00,8.599999999999999867e-01,5.999999999999999778e-02,4.360000000000000320e+00,2.870000000000000107e+00,6.548999999999999488e+01,9.399999999999999467e-01,3.040000000000000036e+00,1.949999999999999956e+00,7.700000000000000178e+00,5.750000000000000000e+00,1.225999999999999979e+01,4.230000000000000426e+00,1.803999999999999915e+01,4.459999999999999964e+00,7.179999999999999716e+00,1.415000000000000036e+01,9.000000000000000222e-01,1.810000000000000053e+00,6.099999999999999867e-01,2.300000000000000100e-01,1.719999999999999973e+00,3.160000000000000142e+00,3.339999999999999858e+00,2.319999999999999840e+00,2.069999999999999840e+00,4.129999999999999893e+00,0.000000000000000000e+00,0.000000000000000000e+00,0.000000000000000000e+00,6.662000000000000455e+01,3.629999999999999893e+00,4.799999999999999822e-01,2.899999999999999911e+00,0.000000000000000000e+00,8.179999999999999716e+00,0.000000000000000000e+00,3.759999999999999787e+00,5.799999999999999822e+00,0.000000000000000000e+00,5.815999999999999659e+01,1.907999999999999829e+01,5.000000000000000000e-01,5.300000000000000266e-01,0.000000000000000000e+00,3.270000000000000018e+00,0.000000000000000000e+00,1.689999999999999947e+00,1.603999999999999915e+01,6.339999999999999858e+00,7.849999999999999645e+00,5.400000000000000355e-01,1.830000000000000071e+00,3.649999999999999911e+00,6.167000000000000171e+01,5.989000000000000057e+01,3.882999999999999829e+01,1.148000000000000043e+01,6.000000000000000000e+00,5.370000000000000107e+00,9.548000000000000398e+01,4.839999999999999858e+00,3.300000000000000155e-01,0.000000000000000000e+00,1.790000000000000036e+00,4.690000000000000391e+00,5.175999999999999801e+01,2.198000000000000043e+01,8.199999999999999289e+00,1.499000000000000021e+01,1.800000000000000044e+00,1.850000000000000089e+00,1.446000000000000085e+01,1.810000000000000053e+00,0.000000000000000000e+00,3.520000000000000018e+00,9.499999999999999556e-01,7.459999999999999964e+00,3.180000000000000160e+00,6.339999999999999858e+00,1.360000000000000098e+00,0.000000000000000000e+00,4.969999999999999751e+00,3.310000000000000053e+00,4.269999999999999574e+00,5.269999999999999574e+00,1.900000000000000022e-01,3.020000000000000018e+00,6.320000000000000284e+00,4.349999999999999645e+00,1.080000000000000071e+01,8.275000000000000000e+01,5.859000000000000341e+01,8.296999999999999886e+01,8.699999999999999289e+00,0.000000000000000000e+00,6.400000000000000133e-01,7.500000000000000000e-01,6.299999999999999822e+00
0.000000000000000000e+00,0.000000000000000000e+00,0.000000000000000000e+00,0.000000000000000000e+00,0.000000000000000000e+00,3.599999999999999867e-01,1.499999999999999944e-01,1.949999999999999956e+00,0.000000000000000000e+00,0.000000000000000000e+00,0.000000000000000000e+00,2.830000000000000071e+00,8.240000000000000213e+00,3.850000000000000089e+00,2.810000000000000053e+00,0.000000000000000000e+00,9.100000000000000311e-01,4.450000000000000178e+00,4.599999999999999645e+00,0.000000000000000000e+00,1.010000000000000009e+00,1.800000000000000044e+00,0.000000000000000000e+00,0.000000000000000000e+00,9.730000000000000426e+00,8.299999999999999600e-01,2.540000000000000036e+00,0.000000000000000000e+00,3.529999999999999805e+00,3.259999999999999787e+00,5.500000000000000444e-01,3.049999999999999822e+00,0.000000000000000000e+00,1.570000000000000062e+00,2.529999999999999805e+00,5.280000000000000249e+00,9.899999999999999911e-01,0.000000000000000000e+00,9.599999999999999645e-01,2.399999999999999911e+00,0.000000000000000000e+00,3.770000000000000018e+00,1.300000000000000044e-01,0.000000000000000000e+00,2.770000000000000018e+00,0.000000000000000000e+00,0.000000000000000000e+00,0.000000000000000000e+00,7.040000000000000036e+00,4.549999999999999822e+00,1.719999999999999973e+00,0.000000000000000000e+00,2.339999999999999858e+00,6.370000000000000107e+00,7.700000000000000178e-01,5.280000000000000249e+00,0.000000000000000000e+00,1.810000000000000053e+00,6.969999999999999751e+00,0.000000000000000000e+00,1.540000000000000036e+00,0.000000000000000000e+00,1.080000000000000071e+00,0.000000000000000000e+00,2.279999999999999805e+00,0.000000000000000000e+00,2.490000000000000213e+00,1.330000000000000071e+00,7.000000000000000666e-02,4.549999999999999822e+00,0.000000000000000000e+00,0.000000000000000000e+00,9.140000000000000568e+00,5.820000000000000284e+00,6.400000000000000355e+00,2.430000000000000160e+00,0.000000000000000000e+00,0.000000000000000000e+00,4.610000000000000320e+00,1.370000000000000107e+00,0.000000000000000000e+00,9.550000000000000711e+00,5.540000000000000036e+00,0.000000000000000000e+00,1.629999999999999893e+00,2.270000000000000018e+00,3.640000000000000124e+00,5.950000000000000178e+00,3.819999999999999840e+00,1.003999999999999915e+01,4.250000000000000000e+00,4.090999999999999659e+01,4.490000000000000213e+00,3.450000000000000178e+00,3.825999999999999801e+01,2.959999999999999964e+00,2.660000000000000142e+00,6.999999999999999556e-01,1.992999999999999972e+01,1.020000000000000018e+00,5.490000000000000213e+00,1.300000000000000044e-01,6.190000000000000391e+00,4.160000000000000142e+00,4.849999999999999645e+00,1.620000000000000107e+00,9.410000000000000142e+00,1.159999999999999964e+01,1.780000000000000027e+00,0.000000000000000000e+00,8.599999999999999645e+00,4.410000000000000142e+00,4.379999999999999893e+00,2.740000000000000213e+00,5.440000000000000391e+00,1.429999999999999938e+00,6.370000000000000107e+00,5.790000000000000036e+00,1.919999999999999929e+00,3.470000000000000195e+00,3.160000000000000142e+00,5.099999999999999645e+00,5.459999999999999964e+00,1.659999999999999920e+00,4.519999999999999574e+00,0.000000000000000000e+00,0.000000000000000000e+00,0.000000000000000000e+00,9.859999999999999432e+00,6.339999999999999858e+00,2.229999999999999982e+00,6.429999999999999716e+00,5.900000000000000355e+00,0.000000000000000000e+00,4.019999999999999574e+00,3.399999999999999911e+00,8.900000000000000133e-01,0.000000000000000000e+00,0.000000000000000000e+00,3.700000000000000178e+00,6.889999999999999680e+00,0.000000000000000000e+00,0.000000000000000000e+00,1.000000000000000056e-01,1.090000000000000080e+00,3.069999999999999840e+00,2.950000000000000178e+00,3.209999999999999964e+00,2.120000000000000107e+00,3.919999999999999929e+00,1.469999999999999973e+00,1.219999999999999929e+01,4.190000000000000391e+00,4.019999999999999574e+00,6.990000000000000213e+00,1.000000000000000000e+01,5.190000000000000391e+00,6.759999999999999787e+00,3.149999999999999911e+00,3.890000000000000124e+00,2.419999999999999929e+00,3.430000000000000160e+00,2.799999999999999822e+00,2.529999999999999805e+00,1.530000000000000027e+00,5.730000000000000426e+00,2.669999999999999929e+00,1.320000000000000062e+00,1.070000000000000062e+00,2.800000000000000266e-01,4.440000000000000391e+00,0.000000000000000000e+00,0.000000000000000000e+00,0.000000000000000000e+00,3.490000000000000213e+00,9.390000000000000568e+00,8.789999999999999147e+00,0.000000000000000000e+00,6.980000000000000426e+00,4.899999999999999911e-01,1.030000000000000027e+00,1.070000000000000062e+00,3.770000000000000018e+00,1.080000000000000071e+00,1.539000000000000057e+01,0.000000000000000000e+00,0.000000000000000000e+00,2.240000000000000213e+00,2.169999999999999929e+00,0.000000000000000000e+00
2.399999999999999911e+00,2.669999999999999929e+00,1.679999999999999938e+00,2.520000000000000018e+00,1.639999999999999902e+00,2.669999999999999929e+00,3.859999999999999876e+00,2.680000000000000160e+00,2.500000000000000000e-01,0.000000000000000000e+00,2.930000000000000160e+00,3.600000000000000089e+00,5.830000000000000071e+00,9.899999999999999911e-01,5.999999999999999778e-01,0.000000000000000000e+00,2.700000000000000178e-01,2.669999999999999929e+00,1.959999999999999964e+00,2.700000000000000178e-01,4.199999999999999845e-01,4.899999999999999911e-01,3.599999999999999867e-01,1.820000000000000062e+00,4.589999999999999858e+00,3.060000000000000053e+00,1.600000000000000033e-01,0.000000000000000000e+00,3.250000000000000000e+00,1.760000000000000009e+00,3.830000000000000071e+00,4.699999999999999734e-01,1.310000000000000053e+00,2.720000000000000195e+00,2.100000000000000089e+00,6.299999999999999822e+00,3.450000000000000178e+00,2.839999999999999858e+00,3.310000000000000053e+00,5.490000000000000213e+00,2.379999999999999893e+00,0.000000000000000000e+00,2.640000000000000124e+00,7.399999999999999911e-01,3.100000000000000089e+00,0.000000000000000000e+00,0.000000000000000000e+00,7.399999999999999911e-01,7.959999999999999964e+00,4.959999999999999964e+00,5.730000000000000426e+00,2.189999999999999947e+00,4.070000000000000284e+00,1.240000000000000036e+01,2.689999999999999947e+00,3.129999999999999893e+00,1.479999999999999982e+00,2.810000000000000053e+00,4.290000000000000036e+00,0.000000000000000000e+00,2.890000000000000124e+00,1.499999999999999944e-01,0.000000000000000000e+00,1.536999999999999922e+01,1.500000000000000000e+00,8.599999999999999867e-01,4.540000000000000036e+00,1.729999999999999982e+00,9.300000000000000488e-01,5.160000000000000142e+00,9.699999999999999734e-01,9.800000000000000711e+00,6.299999999999999822e+00,4.759999999999999787e+00,2.000000000000000042e-02,2.129999999999999893e+00,3.350000000000000089e+00,1.350000000000000089e+00,2.729999999999999982e+00,1.229999999999999982e+00,0.000000000000000000e+00,4.120000000000000107e+00,3.200000000000000178e+00,2.049999999999999822e+00,1.919999999999999929e+00,2.330000000000000071e+00,5.230000000000000426e+00,5.230000000000000426e+00,2.020000000000000018e+00,3.810000000000000053e+00,6.639999999999999680e+00,6.799999999999999822e+00,1.090000000000000080e+00,2.279999999999999805e+00,2.117999999999999972e+01,3.649999999999999911e+00,4.450000000000000178e+00,2.779999999999999805e+00,9.939999999999999503e+00,1.449999999999999956e+00,3.810000000000000053e+00,3.080000000000000071e+00,2.180000000000000160e+00,1.399999999999999911e+00,9.699999999999999289e+00,7.199999999999999734e-01,3.680000000000000160e+00,5.839999999999999858e+00,2.600000000000000089e+00,1.530000000000000027e+00,0.000000000000000000e+00,0.000000000000000000e+00,8.900000000000000133e-01,2.109999999999999876e+00,4.660000000000000142e+00,3.270000000000000018e+00,5.790000000000000036e+00,9.189999999999999503e+00,0.000000000000000000e+00,1.179999999999999938e+00,2.300000000000000100e-01,3.399999999999999911e+00,9.140000000000000568e+00,1.639999999999999902e+00,5.889999999999999680e+00,0.000000000000000000e+00,0.000000000000000000e+00,0.000000000000000000e+00,4.620000000000000107e+00,3.649999999999999911e+00,3.800000000000000044e-01,5.299999999999999822e+00,3.779999999999999805e+00,0.000000000000000000e+00,3.589999999999999858e+00,4.199999999999999845e-01,1.449999999999999956e+00,7.600000000000000089e-01,2.109999999999999876e+00,2.140000000000000124e+00,3.330000000000000071e+00,3.310000000000000053e+00,8.399999999999999689e-01,1.500000000000000000e+00,3.250000000000000000e+00,4.070000000000000284e+00,5.139999999999999680e+00,4.799999999999999822e+00,4.040000000000000036e+00,2.720000000000000195e+00,2.509999999999999787e+00,9.240000000000000213e+00,4.809999999999999609e+00,1.156000000000000050e+01,4.750000000000000000e+00,2.490000000000000213e+00,4.990000000000000213e+00,5.059999999999999609e+00,2.160000000000000142e+00,3.040000000000000036e+00,1.919999999999999929e+00,4.219999999999999751e+00,6.469999999999999751e+00,2.259999999999999787e+00,1.350000000000000089e+00,1.699999999999999956e+00,3.200000000000000067e-01,3.430000000000000160e+00,2.839999999999999858e+00,7.839999999999999858e+00,0.000000000000000000e+00,0.000000000000000000e+00,0.000000000000000000e+00,0.000000000000000000e+00,3.379999999999999893e+00,4.500000000000000000e+00,3.709999999999999964e+00,0.000000000000000000e+00,9.599999999999999645e-01,3.859999999999999876e+00,8.300000000000000711e+00,2.099999999999999922e-01,3.500000000000000000e+00,2.069999999999999840e+00,1.046000000000000085e+01,3.000000000000000000e+00,0.000000000000000000e+00,3.819999999999999840e+00,2.870000000000000107e+00,0.000000000000000000e+00
5.339999999999999858e+00,6.500000000000000000e+00,5.300000000000000266e-01,8.499999999999999778e-01,2.899999999999999800e-01,2.649999999999999911e+00,2.640000000000000124e+00,7.820000000000000284e+00,3.000000000000000000e+00,0.000000000000000000e+00,3.790000000000000036e+00,4.870000000000000107e+00,5.129999999999999893e+00,2.729999999999999982e+00,3.990000000000000213e+00,1.169999999999999929e+00,0.000000000000000000e+00,4.559999999999999609e+00,6.099999999999999867e-01,0.000000000000000000e+00,0.000000000000000000e+00,3.300000000000000155e-01,9.100000000000000311e-01,9.399999999999999467e-01,0.000000000000000000e+00,1.739999999999999991e+00,4.000000000000000222e-01,0.000000000000000000e+00,2.089999999999999858e+00,1.300000000000000044e+00,2.229999999999999982e+00,9.000000000000000222e-01,9.399999999999999467e-01,3.800000000000000044e-01,5.300000000000000266e-01,3.350000000000000089e+00,2.770000000000000018e+00,2.240000000000000213e+00,2.100000000000000089e+00,4.160000000000000142e+00,0.000000000000000000e+00,3.540000000000000036e+00,1.879999999999999893e+00,0.000000000000000000e+00,1.350000000000000089e+00,0.000000000000000000e+00,1.979999999999999982e+00,1.780000000000000027e+00,5.549999999999999822e+00,5.429999999999999716e+00,3.620000000000000107e+00,6.400000000000000133e-01,3.470000000000000195e+00,6.910000000000000142e+00,2.430000000000000160e+00,2.839999999999999858e+00,2.640000000000000124e+00,3.270000000000000018e+00,2.580000000000000071e+00,0.000000000000000000e+00,3.600000000000000089e+00,1.699999999999999956e+00,1.770000000000000018e+00,3.529999999999999805e+00,9.699999999999999734e-01,1.850000000000000089e+00,0.000000000000000000e+00,1.600000000000000089e+00,1.429999999999999938e+00,5.790000000000000036e+00,0.000000000000000000e+00,0.000000000000000000e+00,5.200000000000000178e+00,6.320000000000000284e+00,0.000000000000000000e+00,5.000000000000000000e+00,9.799999999999999822e-01,5.699999999999999512e-01,2.149999999999999911e+00,1.060000000000000053e+00,0.000000000000000000e+00,3.959999999999999964e+00,3.459999999999999964e+00,4.219999999999999751e+00,3.229999999999999982e+00,2.029999999999999805e+00,3.359999999999999876e+00,3.879999999999999893e+00,2.180000000000000160e+00,4.049999999999999822e+00,5.639999999999999680e+00,5.799999999999999822e+00,2.870000000000000107e+00,2.819999999999999840e+00,4.860000000000000320e+00,3.609999999999999876e+00,6.700000000000000400e-01,1.030000000000000027e+00,3.069999999999999840e+00,1.070000000000000062e+00,4.339999999999999858e+00,0.000000000000000000e+00,6.700000000000000400e-01,3.000000000000000000e+00,3.939999999999999947e+00,0.000000000000000000e+00,1.739999999999999991e+00,5.000000000000000000e+00,3.580000000000000071e+00,1.919999999999999929e+00,2.879999999999999893e+00,0.000000000000000000e+00,2.479999999999999982e+00,2.209999999999999964e+00,3.910000000000000142e+00,1.949999999999999956e+00,1.699999999999999956e+00,8.539999999999999147e+00,2.299999999999999822e+00,1.739999999999999991e+00,6.400000000000000133e-01,0.000000000000000000e+00,5.429999999999999716e+00,8.499999999999999778e-01,4.940000000000000391e+00,0.000000000000000000e+00,0.000000000000000000e+00,7.900000000000000355e-01,1.044999999999999929e+01,8.960000000000002629e+00,1.499999999999999944e-01,2.959999999999999964e+00,4.429999999999999716e+00,1.580000000000000071e+00,1.719999999999999973e+00,1.030000000000000027e+00,0.000000000000000000e+00,2.800000000000000266e-01,6.500000000000000222e-01,2.046000000000000085e+01,0.000000000000000000e+00,1.040000000000000036e+00,0.000000000000000000e+00,1.020000000000000018e+00,0.000000000000000000e+00,3.390000000000000124e+00,2.500000000000000000e+00,2.930000000000000160e+00,1.350000000000000089e+00,9.000000000000000222e-01,5.999999999999999778e-01,1.459999999999999964e+00,0.000000000000000000e+00,0.000000000000000000e+00,4.620000000000000107e+00,9.399999999999999467e-01,1.870000000000000107e+00,3.900000000000000133e-01,1.379999999999999893e+00,2.479999999999999982e+00,9.699999999999999734e-01,1.449999999999999956e+00,1.020000000000000018e+00,1.639999999999999902e+00,7.900000000000000355e-01,2.879999999999999893e+00,3.089999999999999858e+00,3.080000000000000071e+00,0.000000000000000000e+00,0.000000000000000000e+00,6.860000000000000320e+00,0.000000000000000000e+00,0.000000000000000000e+00,0.000000000000000000e+00,1.053999999999999915e+01,3.419999999999999929e+00,3.509999999999999787e+00,2.999999999999999889e-01,2.890000000000000124e+00,0.000000000000000000e+00,1.540000000000000036e+00,1.520000000000000018e+00,2.549999999999999822e+00,1.340000000000000080e+00,6.179999999999999716e+00,0.000000000000000000e+00,0.000000000000000000e+00,1.520000000000000018e+00,2.589999999999999858e+00,0.000000000000000000e+00
3.080000000000000071e+00,2.899999999999999911e+00,0.000000000000000000e+00,2.819999999999999840e+00,2.149999999999999911e+00,5.360000000000000320e+00,1.120000000000000107e+00,5.120000000000000107e+00,1.489999999999999991e+00,0.000000000000000000e+00,3.580000000000000071e+00,1.860000000000000098e+00,8.019999999999999574e+00,8.000000000000000167e-02,1.399999999999999911e+00,1.290000000000000036e+00,0.000000000000000000e+00,3.209999999999999964e+00,3.290000000000000036e+00,0.000000000000000000e+00,0.000000000000000000e+00,1.900000000000000022e-01,7.700000000000000178e-01,2.270000000000000018e+00,3.629999999999999893e+00,3.220000000000000195e+00,7.500000000000000000e-01,0.000000000000000000e+00,4.570000000000000284e+00,4.580000000000000071e+00,9.779999999999999361e+00,5.100000000000000089e-01,2.990000000000000213e+00,5.059999999999999609e+00,4.690000000000000391e+00,3.209999999999999964e+00,4.480000000000000426e+00,4.190000000000000391e+00,4.839999999999999858e+00,7.190000000000000391e+00,1.570000000000000062e+00,0.000000000000000000e+00,3.629999999999999893e+00,0.000000000000000000e+00,3.660000000000000142e+00,8.609999999999999432e+00,1.600000000000000089e+00,2.390000000000000124e+00,7.700000000000000178e+00,2.680000000000000160e+00,4.650000000000000355e+00,1.830000000000000071e+00,4.549999999999999822e+00,1.517999999999999972e+01,3.379999999999999893e+00,2.939999999999999947e+00,7.399999999999999911e-01,6.629999999999999893e+00,6.120000000000000107e+00,0.000000000000000000e+00,2.870000000000000107e+00,1.600000000000000033e-01,3.040000000000000036e+00,1.411999999999999922e+01,3.220000000000000195e+00,3.520000000000000018e+00,6.969999999999999751e+00,1.489999999999999991e+00,2.040000000000000036e+00,4.769999999999999574e+00,0.000000000000000000e+00,1.050000000000000000e+01,8.109999999999999432e+00,7.900000000000000355e+00,5.280000000000000249e+00,2.689999999999999947e+00,2.060000000000000053e+00,1.389999999999999902e+00,3.149999999999999911e+00,1.030000000000000027e+00,0.000000000000000000e+00,3.180000000000000160e+00,5.200000000000000178e+00,3.229999999999999982e+00,3.560000000000000053e+00,3.649999999999999911e+00,5.540000000000000036e+00,6.440000000000000391e+00,1.600000000000000089e+00,4.259999999999999787e+00,4.759999999999999787e+00,5.750000000000000000e+00,1.020000000000000018e+00,2.099999999999999922e-01,3.189999999999999947e+00,7.019999999999999574e+00,5.889999999999999680e+00,3.160000000000000142e+00,5.049999999999999822e+00,2.310000000000000053e+00,4.740000000000000213e+00,2.720000000000000195e+00,4.240000000000000213e+00,1.159999999999999920e+00,3.229999999999999982e+00,1.959999999999999964e+00,5.940000000000000391e+00,9.009999999999999787e+00,5.150000000000000355e+00,2.520000000000000018e+00,1.629999999999999893e+00,0.000000000000000000e+00,0.000000000000000000e+00,3.490000000000000213e+00,6.110000000000000320e+00,2.089999999999999858e+00,5.679999999999999716e+00,7.500000000000000000e+00,1.040000000000000036e+00,2.029999999999999805e+00,1.560000000000000053e+00,1.659999999999999920e+00,7.910000000000000142e+00,2.549999999999999822e+00,6.980000000000000426e+00,3.620000000000000107e+00,8.900000000000000133e-01,0.000000000000000000e+00,7.419999999999999929e+00,4.349999999999999645e+00,0.000000000000000000e+00,5.950000000000000178e+00,6.269999999999999574e+00,0.000000000000000000e+00,2.779999999999999805e+00,8.699999999999999956e-01,1.050000000000000044e+00,0.000000000000000000e+00,1.100000000000000089e+00,3.540000000000000036e+00,2.479999999999999982e+00,2.439999999999999947e+00,9.499999999999999556e-01,7.099999999999999645e-01,1.810000000000000053e+00,4.549999999999999822e+00,6.450000000000000178e+00,6.299999999999999822e+00,3.089999999999999858e+00,2.189999999999999947e+00,2.549999999999999822e+00,1.101999999999999957e+01,4.940000000000000391e+00,4.019999999999999574e+00,5.919999999999999929e+00,1.060000000000000053e+00,3.950000000000000178e+00,6.870000000000000107e+00,1.489999999999999991e+00,2.990000000000000213e+00,1.600000000000000089e+00,3.120000000000000107e+00,5.799999999999999822e+00,2.359999999999999876e+00,1.419999999999999929e+00,4.030000000000000249e+00,2.390000000000000124e+00,3.359999999999999876e+00,2.819999999999999840e+00,2.950000000000000178e+00,2.100000000000000089e+00,0.000000000000000000e+00,0.000000000000000000e+00,0.000000000000000000e+00,8.099999999999999645e+00,7.080000000000000071e+00,5.299999999999999822e+00,0.000000000000000000e+00,2.040000000000000036e+00,5.709999999999999964e+00,2.359999999999999876e+00,3.990000000000000213e+00,4.290000000000000036e+00,3.089999999999999858e+00,1.468999999999999950e+01,2.259999999999999787e+00,0.000000000000000000e+00,1.979999999999999982e+00,3.339999999999999858e+00,4.740000000000000213e+00
6.459999999999999964e+00,4.209999999999999964e+00,6.800000000000000488e-01,7.299999999999999822e-01,9.499999999999999556e-01,3.000000000000000000e+00,3.790000000000000036e+00,5.650000000000000355e+00,1.929999999999999938e+00,0.000000000000000000e+00,2.509999999999999787e+00,3.209999999999999964e+00,6.080000000000000071e+00,4.000000000000000000e+00,4.950000000000000178e+00,0.000000000000000000e+00,0.000000000000000000e+00,1.379999999999999893e+00,3.020000000000000018e+00,0.000000000000000000e+00,1.260000000000000009e+00,6.899999999999999467e-01,1.340000000000000080e+00,2.270000000000000018e+00,0.000000000000000000e+00,3.720000000000000195e+00,1.499999999999999944e-01,4.400000000000000022e-01,5.089999999999999858e+00,4.169999999999999929e+00,3.339999999999999858e+00,9.899999999999999911e-01,1.090000000000000080e+00,3.919999999999999929e+00,2.049999999999999822e+00,5.049999999999999822e+00,3.459999999999999964e+00,3.140000000000000124e+00,3.140000000000000124e+00,6.709999999999999964e+00,2.899999999999999800e-01,9.100000000000000311e-01,2.759999999999999787e+00,0.000000000000000000e+00,3.450000000000000178e+00,1.550999999999999979e+01,3.400000000000000244e-01,2.950000000000000178e+00,6.400000000000000355e+00,7.049999999999999822e+00,3.020000000000000018e+00,5.999999999999999778e-01,4.879999999999999893e+00,7.299999999999999822e+00,0.000000000000000000e+00,3.520000000000000018e+00,6.330000000000000071e+00,6.070000000000000284e+00,9.130000000000000782e+00,4.160000000000000142e+00,1.600000000000000033e-01,1.209999999999999964e+00,1.044999999999999929e+01,8.650000000000000355e+00,2.669999999999999929e+00,2.750000000000000000e+00,6.200000000000000178e+00,2.810000000000000053e+00,1.649999999999999911e+00,9.320000000000000284e+00,0.000000000000000000e+00,1.817999999999999972e+01,4.469999999999999751e+00,4.740000000000000213e+00,1.121000000000000085e+01,1.510000000000000009e+00,2.100000000000000089e+00,1.709999999999999964e+00,1.679999999999999938e+00,4.269999999999999574e+00,0.000000000000000000e+00,5.190000000000000391e+00,4.530000000000000249e+00,3.859999999999999876e+00,1.610000000000000098e+00,5.959999999999999964e+00,4.669999999999999929e+00,3.290000000000000036e+00,0.000000000000000000e+00,2.660000000000000142e+00,5.629999999999999893e+00,1.800000000000000044e+00,3.430000000000000160e+00,5.400000000000000355e+00,1.186999999999999922e+01,4.219999999999999751e+00,3.750000000000000000e+00,3.060000000000000053e+00,5.879999999999999893e+00,1.340000000000000080e+00,9.899999999999999911e-01,7.199999999999999734e-01,3.200000000000000067e-01,1.469999999999999973e+00,3.500000000000000000e+00,1.260000000000000009e+00,2.149999999999999911e+00,5.259999999999999787e+00,2.339999999999999858e+00,5.300000000000000266e-01,0.000000000000000000e+00,0.000000000000000000e+00,2.660000000000000142e+00,3.080000000000000071e+00,7.250000000000000000e+00,7.800000000000000266e-01,2.959999999999999964e+00,4.019999999999999574e+00,2.160000000000000142e+00,4.900000000000000355e+00,3.000000000000000000e+00,1.300000000000000044e-01,8.380000000000000782e+00,1.379999999999999893e+00,5.599999999999999645e+00,0.000000000000000000e+00,4.719999999999999751e+00,0.000000000000000000e+00,9.669999999999999929e+00,7.320000000000000284e+00,5.999999999999999778e-02,2.439999999999999947e+00,5.950000000000000178e+00,9.799999999999999822e-01,4.419999999999999929e+00,9.000000000000000222e-01,1.959999999999999964e+00,0.000000000000000000e+00,1.169999999999999929e+00,5.059999999999999609e+00,6.240000000000000213e+00,1.969999999999999973e+00,1.050000000000000044e+00,1.320000000000000062e+00,2.649999999999999911e+00,4.620000000000000107e+00,5.299999999999999822e+00,5.009999999999999787e+00,3.520000000000000018e+00,2.310000000000000053e+00,2.609999999999999876e+00,1.850000000000000089e+00,2.669999999999999929e+00,1.959999999999999964e+00,3.220000000000000195e+00,2.089999999999999858e+00,2.069999999999999840e+00,6.200000000000000178e+00,9.599999999999999645e-01,1.209999999999999964e+00,0.000000000000000000e+00,1.659999999999999920e+00,4.179999999999999716e+00,5.000000000000000278e-02,1.389999999999999902e+00,2.430000000000000160e+00,4.410000000000000142e+00,3.890000000000000124e+00,1.689999999999999947e+00,6.400000000000000355e+00,9.029999999999999361e+00,0.000000000000000000e+00,0.000000000000000000e+00,0.000000000000000000e+00,9.880000000000000782e+00,4.599999999999999645e+00,3.430000000000000160e+00,0.000000000000000000e+00,3.149999999999999911e+00,6.620000000000000107e+00,3.370000000000000107e+00,4.899999999999999911e-01,5.830000000000000071e+00,2.310000000000000053e+00,7.150000000000000355e+00,5.900000000000000355e+00,0.000000000000000000e+00,6.099999999999999867e-01,5.000000000000000000e-01,3.180000000000000160e+00
7.809999999999999609e+00,3.709999999999999964e+00,7.299999999999999822e-01,1.080000000000000071e+00,1.149999999999999911e+00,5.120000000000000107e+00,5.950000000000000178e+00,7.660000000000000142e+00,5.209999999999999964e+00,0.000000000000000000e+00,6.280000000000000249e+00,3.270000000000000018e+00,3.279999999999999805e+00,4.709999999999999964e+00,6.030000000000000249e+00,1.870000000000000107e+00,9.899999999999999911e-01,1.580000000000000071e+00,2.439999999999999947e+00,4.699999999999999734e-01,9.599999999999999645e-01,1.169999999999999929e+00,4.269999999999999574e+00,2.660000000000000142e+00,1.066999999999999993e+01,4.889999999999999680e+00,5.570000000000000284e+00,1.040000000000000036e+00,6.600000000000000311e-01,2.649999999999999911e+00,5.690000000000000391e+00,3.279999999999999805e+00,6.199999999999999956e-01,6.480000000000000426e+00,1.500000000000000000e+00,3.209999999999999964e+00,2.589999999999999858e+00,1.760000000000000009e+00,1.669999999999999929e+00,2.439999999999999947e+00,8.699999999999999956e-01,9.300000000000000488e-01,2.680000000000000160e+00,7.800000000000000266e-01,2.520000000000000018e+00,7.700000000000000178e-01,1.739999999999999991e+00,2.310000000000000053e+00,5.070000000000000284e+00,3.990000000000000213e+00,4.589999999999999858e+00,9.000000000000000222e-01,9.499999999999999556e-01,9.660000000000000142e+00,4.799999999999999822e-01,1.689999999999999947e+00,6.570000000000000284e+00,9.779999999999999361e+00,1.121000000000000085e+01,2.459999999999999964e+00,7.500000000000000000e+00,1.419999999999999929e+00,2.026000000000000156e+01,4.879999999999999893e+00,7.099999999999999645e-01,4.639999999999999680e+00,0.000000000000000000e+00,4.330000000000000071e+00,3.540000000000000036e+00,6.559999999999999609e+00,0.000000000000000000e+00,1.719999999999999973e+00,2.270000000000000018e+00,3.129999999999999893e+00,3.490000000000000213e+00,4.099999999999999756e-01,6.410000000000000142e+00,2.560000000000000053e+00,1.610000000000000098e+00,3.699999999999999956e-01,0.000000000000000000e+00,1.465000000000000036e+01,1.130000000000000071e+01,4.030000000000000249e+00,8.550000000000000711e+00,2.720000000000000195e+00,6.969999999999999751e+00,2.689999999999999947e+00,2.959999999999999964e+00,6.660000000000000142e+00,2.020000000000000018e+00,3.649999999999999911e+00,2.250000000000000000e+00,0.000000000000000000e+00,3.620000000000000107e+00,2.220000000000000195e+00,3.040000000000000036e+00,7.099999999999999645e-01,2.189999999999999947e+00,2.500000000000000000e-01,3.549999999999999822e+00,1.169999999999999929e+00,4.730000000000000426e+00,1.669999999999999929e+00,4.429999999999999716e+00,2.200000000000000178e+00,9.599999999999999645e-01,7.129999999999999893e+00,3.060000000000000053e+00,1.530000000000000027e+00,3.700000000000000178e+00,1.409999999999999920e+00,3.740000000000000213e+00,2.089999999999999858e+00,2.649999999999999911e+00,3.819999999999999840e+00,3.799999999999999822e+00,2.879999999999999893e+00,1.392999999999999972e+01,2.530000000000000071e+01,2.046000000000000085e+01,8.910000000000000142e+00,5.040000000000000036e+00,8.000000000000000444e-01,2.680000000000000160e+00,0.000000000000000000e+00,0.000000000000000000e+00,0.000000000000000000e+00,1.948999999999999844e+01,1.246000000000000085e+01,6.300000000000000044e-01,4.459999999999999964e+00,2.229999999999999982e+00,4.199999999999999845e-01,2.819999999999999840e+00,1.379999999999999893e+00,1.300000000000000044e+00,3.800000000000000044e-01,4.699999999999999734e-01,2.709999999999999964e+00,4.459999999999999964e+00,9.899999999999999911e-01,1.000000000000000000e+00,0.000000000000000000e+00,0.000000000000000000e+00,2.629999999999999893e+00,3.330000000000000071e+00,3.790000000000000036e+00,1.800000000000000044e+00,1.830000000000000071e+00,6.400000000000000133e-01,5.589999999999999858e+00,6.300000000000000044e-01,0.000000000000000000e+00,2.017999999999999972e+01,1.449999999999999956e+00,2.470000000000000195e+00,4.419999999999999929e+00,8.000000000000000167e-02,1.729999999999999982e+00,1.479999999999999982e+00,2.560000000000000053e+00,2.120000000000000107e+00,2.640000000000000124e+00,1.610000000000000098e+00,1.600000000000000089e+00,0.000000000000000000e+00,1.350000000000000089e+00,0.000000000000000000e+00,2.859999999999999876e+00,1.275000000000000000e+01,0.000000000000000000e+00,0.000000000000000000e+00,0.000000000000000000e+00,3.810000000000000053e+00,1.051999999999999957e+01,1.366999999999999993e+01,3.560000000000000053e+00,2.419999999999999929e+00,2.459999999999999964e+00,2.819999999999999840e+00,7.099999999999999645e-01,1.870000000000000107e+00,0.000000000000000000e+00,9.660000000000000142e+00,2.529999999999999805e+00,0.000000000000000000e+00,2.359999999999999876e+00,5.400000000000000355e+00,1.959999999999999964e+00
5.230000000000000426e+00,5.929999999999999716e+00,9.100000000000000311e-01,1.639999999999999902e+00,2.490000000000000213e+00,3.580000000000000071e+00,3.169999999999999929e+00,9.519999999999999574e+00,7.830000000000000071e+00,0.000000000000000000e+00,3.310000000000000053e+00,0.000000000000000000e+00,7.969999999999999751e+00,3.549999999999999822e+00,3.589999999999999858e+00,0.000000000000000000e+00,1.050000000000000044e+00,4.179999999999999716e+00,5.129999999999999893e+00,3.200000000000000067e-01,5.899999999999999689e-01,6.400000000000000133e-01,2.029999999999999805e+00,1.669000000000000128e+01,5.950000000000000178e+00,3.250000000000000000e+00,5.690000000000000391e+00,2.310000000000000053e+00,5.990000000000000213e+00,3.040000000000000036e+00,2.319999999999999840e+00,3.770000000000000018e+00,1.949999999999999956e+00,5.169999999999999929e+00,4.629999999999999893e+00,3.669999999999999929e+00,5.150000000000000355e+00,3.990000000000000213e+00,7.490000000000000213e+00,7.240000000000000213e+00,8.399999999999999689e-01,2.490000000000000213e+00,3.450000000000000178e+00,5.000000000000000000e-01,3.819999999999999840e+00,6.700000000000000400e-01,1.129999999999999893e+00,6.179999999999999716e+00,1.008999999999999986e+01,6.179999999999999716e+00,8.130000000000000782e+00,1.739999999999999991e+00,1.729999999999999982e+00,1.431000000000000050e+01,2.709999999999999964e+00,3.600000000000000089e+00,7.549999999999999822e+00,8.820000000000000284e+00,9.150000000000000355e+00,0.000000000000000000e+00,2.879999999999999893e+00,2.509999999999999787e+00,5.639999999999999680e+00,6.759999999999999787e+00,8.800000000000000044e-01,4.669999999999999929e+00,1.189999999999999947e+00,2.990000000000000213e+00,2.020000000000000018e+00,5.059999999999999609e+00,0.000000000000000000e+00,5.980000000000000426e+00,4.330000000000000071e+00,6.099999999999999645e+00,3.330000000000000071e+00,6.280000000000000249e+00,8.800000000000000044e-01,2.779999999999999805e+00,4.660000000000000142e+00,1.409999999999999920e+00,0.000000000000000000e+00,9.900000000000000355e+00,3.315999999999999659e+01,1.639999999999999902e+00,6.389999999999999680e+00,2.990000000000000213e+00,6.830000000000000071e+00,7.969999999999999751e+00,2.129999999999999893e+00,7.820000000000000284e+00,5.889999999999999680e+00,7.389999999999999680e+00,3.839999999999999858e+00,2.029999999999999805e+00,4.900000000000000355e+00,4.410000000000000142e+00,5.370000000000000107e+00,1.879999999999999893e+00,4.030000000000000249e+00,1.590000000000000080e+00,5.120000000000000107e+00,1.860000000000000098e+00,5.959999999999999964e+00,3.399999999999999911e+00,4.370000000000000107e+00,9.100000000000000311e-01,5.160000000000000142e+00,8.000000000000000000e+00,3.009999999999999787e+00,4.500000000000000111e-01,5.750000000000000000e+00,0.000000000000000000e+00,4.320000000000000284e+00,3.720000000000000195e+00,6.700000000000000178e+00,1.659999999999999920e+00,6.049999999999999822e+00,4.440000000000000391e+00,4.759999999999999787e+00,5.480000000000000426e+00,5.549999999999999822e+00,5.049999999999999822e+00,9.490000000000000213e+00,3.220000000000000195e+00,6.660000000000000142e+00,0.000000000000000000e+00,3.040000000000000036e+00,1.400000000000000133e-01,1.666000000000000014e+01,9.080000000000000071e+00,1.780000000000000027e+00,3.729999999999999982e+00,6.629999999999999893e+00,0.000000000000000000e+00,4.259999999999999787e+00,2.479999999999999982e+00,0.000000000000000000e+00,6.199999999999999956e-01,0.000000000000000000e+00,5.759999999999999787e+00,5.110000000000000320e+00,3.000000000000000000e+00,1.010000000000000009e+00,0.000000000000000000e+00,2.299999999999999822e+00,4.799999999999999822e+00,5.450000000000000178e+00,6.549999999999999822e+00,5.009999999999999787e+00,3.660000000000000142e+00,3.040000000000000036e+00,1.066000000000000014e+01,4.780000000000000249e+00,1.439999999999999947e+00,6.459999999999999964e+00,1.469999999999999973e+00,3.430000000000000160e+00,6.660000000000000142e+00,2.500000000000000000e+00,1.179999999999999938e+00,2.140000000000000124e+00,2.939999999999999947e+00,5.250000000000000000e+00,1.239999999999999991e+00,3.900000000000000133e-01,6.759999999999999787e+00,2.520000000000000018e+00,6.639999999999999680e+00,6.530000000000000249e+00,6.190000000000000391e+00,3.910000000000000142e+00,0.000000000000000000e+00,0.000000000000000000e+00,1.300000000000000044e-01,6.230000000000000426e+00,8.199999999999999289e+00,9.009999999999999787e+00,0.000000000000000000e+00,4.830000000000000071e+00,5.219999999999999751e+00,4.049999999999999822e+00,1.360000000000000098e+00,3.950000000000000178e+00,1.949999999999999956e+00,1.601999999999999957e+01,2.770000000000000018e+00,0.000000000000000000e+00,3.410000000000000142e+00,2.390000000000000124e+00,4.040000000000000036e+00
4.059999999999999609e+00,2.569999999999999840e+00,3.800000000000000044e-01,2.549999999999999822e+00,1.899999999999999911e+00,3.919999999999999929e+00,4.519999999999999574e+00,5.639999999999999680e+00,3.700000000000000178e+00,0.000000000000000000e+00,3.299999999999999822e+00,3.589999999999999858e+00,6.639999999999999680e+00,1.060000000000000053e+00,4.980000000000000426e+00,0.000000000000000000e+00,0.000000000000000000e+00,2.089999999999999858e+00,2.240000000000000213e+00,4.099999999999999756e-01,0.000000000000000000e+00,1.159999999999999920e+00,2.000000000000000000e+00,3.779999999999999805e+00,0.000000000000000000e+00,2.250000000000000000e+00,5.200000000000000178e+00,1.889999999999999902e+00,0.000000000000000000e+00,0.000000000000000000e+00,3.939999999999999947e+00,1.179999999999999938e+00,1.159999999999999920e+00,0.000000000000000000e+00,3.890000000000000124e+00,4.700000000000000178e+00,4.099999999999999645e+00,3.569999999999999840e+00,3.700000000000000178e+00,0.000000000000000000e+00,1.979999999999999982e+00,6.400000000000000133e-01,3.509999999999999787e+00,0.000000000000000000e+00,3.680000000000000160e+00,7.139999999999999680e+00,3.300000000000000155e-01,4.309999999999999609e+00,7.940000000000000391e+00,9.029999999999999361e+00,4.000000000000000000e+00,6.800000000000000488e-01,1.140000000000000036e+01,1.552999999999999936e+01,3.879999999999999893e+00,4.000000000000000000e+00,3.479999999999999982e+00,6.730000000000000426e+00,6.400000000000000355e+00,4.199999999999999845e-01,3.479999999999999982e+00,0.000000000000000000e+00,7.800000000000000266e-01,2.319999999999999840e+00,3.080000000000000071e+00,9.899999999999999911e-01,1.780000000000000027e+00,4.259999999999999787e+00,4.080000000000000071e+00,4.309999999999999609e+00,0.000000000000000000e+00,0.000000000000000000e+00,6.530000000000000249e+00,7.580000000000000071e+00,4.990000000000000213e+00,2.299999999999999822e+00,2.049999999999999822e+00,1.350000000000000089e+00,3.669999999999999929e+00,8.699999999999999956e-01,0.000000000000000000e+00,6.679999999999999716e+00,5.269999999999999574e+00,3.560000000000000053e+00,5.389999999999999680e+00,5.360000000000000320e+00,6.360000000000000320e+00,4.009999999999999787e+00,1.580000000000000071e+00,7.089999999999999858e+00,6.200000000000000178e+00,2.642000000000000171e+01,3.759999999999999787e+00,5.269999999999999574e+00,8.068999999999999773e+01,5.940000000000000391e+00,5.209999999999999964e+00,0.000000000000000000e+00,2.971999999999999886e+01,2.169999999999999929e+00,4.280000000000000249e+00,1.729999999999999982e+00,1.989999999999999991e+00,3.029999999999999805e+00,6.610000000000000320e+00,5.999999999999999778e-02,1.964999999999999858e+01,1.043999999999999950e+01,3.930000000000000160e+00,4.299999999999999822e+00,8.470000000000000639e+00,2.839999999999999858e+00,3.290000000000000036e+00,3.049999999999999822e+00,6.389999999999999680e+00,1.919999999999999929e+00,3.350000000000000089e+00,9.330000000000000071e+00,1.900000000000000022e-01,4.410000000000000142e+00,3.330000000000000071e+00,4.089999999999999858e+00,5.339999999999999858e+00,1.719999999999999973e+00,5.719999999999999751e+00,0.000000000000000000e+00,0.000000000000000000e+00,8.900000000000000133e-01,9.259999999999999787e+00,8.119999999999999218e+00,6.500000000000000222e-01,6.349999999999999645e+00,4.530000000000000249e+00,4.360000000000000320e+00,4.160000000000000142e+00,8.000000000000000444e-01,4.899999999999999911e-01,3.900000000000000133e-01,2.999999999999999889e-01,5.139999999999999680e+00,4.160000000000000142e+00,2.950000000000000178e+00,1.330000000000000071e+00,1.790000000000000036e+00,1.620000000000000107e+00,6.049999999999999822e+00,6.219999999999999751e+00,5.309999999999999609e+00,3.129999999999999893e+00,2.290000000000000036e+00,2.580000000000000071e+00,3.750000000000000000e+00,2.680000000000000160e+00,0.000000000000000000e+00,3.970000000000000195e+00,2.779999999999999805e+00,3.919999999999999929e+00,4.799999999999999822e+00,1.310000000000000053e+00,3.319999999999999840e+00,0.000000000000000000e+00,3.919999999999999929e+00,0.000000000000000000e+00,8.499999999999999778e-01,2.089999999999999858e+00,3.660000000000000142e+00,2.629999999999999893e+00,3.649999999999999911e+00,2.310000000000000053e+00,4.379999999999999893e+00,8.000000000000000000e+00,0.000000000000000000e+00,0.000000000000000000e+00,0.000000000000000000e+00,6.700000000000000178e+00,1.232000000000000028e+01,9.339999999999999858e+00,0.000000000000000000e+00,3.060000000000000053e+00,1.830000000000000071e+00,7.399999999999999911e-01,6.899999999999999467e-01,3.259999999999999787e+00,1.909999999999999920e+00,1.334999999999999964e+01,1.239999999999999991e+00,0.000000000000000000e+00,1.760000000000000009e+00,1.669999999999999929e+00,0.000000000000000000e+00
5.589999999999999858e+00,4.070000000000000284e+00,1.139999999999999902e+00,1.719999999999999973e+00,1.780000000000000027e+00,3.040000000000000036e+00,3.600000000000000089e+00,1.830000000000000071e+00,8.999999999999999667e-02,0.000000000000000000e+00,1.479999999999999982e+00,2.640000000000000124e+00,6.019999999999999574e+00,3.870000000000000107e+00,2.999999999999999889e-01,0.000000000000000000e+00,1.270000000000000018e+00,4.959999999999999964e+00,3.270000000000000018e+00,5.200000000000000178e-01,6.440000000000000391e+00,0.000000000000000000e+00,2.759999999999999787e+00,4.610000000000000320e+00,0.000000000000000000e+00,4.820000000000000284e+00,5.000000000000000000e-01,0.000000000000000000e+00,5.000000000000000278e-02,4.440000000000000391e+00,1.760000000000000009e+00,1.629999999999999893e+00,0.000000000000000000e+00,4.919999999999999929e+00,0.000000000000000000e+00,5.080000000000000071e+00,3.700000000000000178e+00,3.700000000000000178e+00,3.790000000000000036e+00,1.459999999999999964e+00,9.200000000000000400e-01,1.449999999999999956e+00,1.949999999999999956e+00,0.000000000000000000e+00,4.719999999999999751e+00,2.850000000000000089e+00,1.350000000000000089e+00,1.790000000000000036e+00,7.309999999999999609e+00,5.469999999999999751e+00,9.300000000000000488e-01,5.099999999999999645e+00,3.379999999999999893e+00,5.629999999999999893e+00,0.000000000000000000e+00,3.930000000000000160e+00,5.919999999999999929e+00,8.240000000000000213e+00,6.429999999999999716e+00,5.099999999999999645e+00,1.400000000000000133e-01,0.000000000000000000e+00,2.029999999999999805e+00,1.900000000000000022e-01,2.549999999999999822e+00,3.000000000000000000e+00,4.839999999999999858e+00,9.899999999999999911e-01,2.899999999999999800e-01,6.419999999999999929e+00,0.000000000000000000e+00,5.429999999999999716e+00,1.639999999999999902e+00,1.024000000000000021e+01,6.330000000000000071e+00,5.200000000000000178e-01,1.469999999999999973e+00,1.479999999999999982e+00,1.439999999999999947e+00,2.540000000000000036e+00,0.000000000000000000e+00,5.809999999999999609e+00,5.450000000000000178e+00,3.109999999999999876e+00,1.923000000000000043e+01,4.820000000000000284e+00,4.200000000000000178e+00,3.379999999999999893e+00,9.300000000000000488e-01,3.173000000000000043e+01,2.020000000000000018e+00,1.969999999999999973e+00,3.229999999999999982e+00,3.020000000000000018e+00,5.089999999999999858e+00,3.729999999999999982e+00,5.129999999999999893e+00,1.649999999999999911e+00,2.770000000000000018e+00,1.189999999999999947e+00,8.399999999999999689e-01,0.000000000000000000e+00,0.000000000000000000e+00,1.139999999999999902e+00,2.859999999999999876e+00,2.319999999999999840e+00,1.229999999999999982e+00,1.885000000000000142e+01,2.200000000000000178e+00,2.509999999999999787e+00,8.179999999999999716e+00,1.300000000000000044e-01,1.590000000000000080e+00,2.450000000000000178e+00,4.910000000000000142e+00,1.350000000000000089e+00,4.660000000000000142e+00,9.810000000000000497e+00,2.970000000000000195e+00,2.529999999999999805e+00,1.669999999999999929e+00,0.000000000000000000e+00,7.309999999999999609e+00,1.870000000000000107e+00,3.520000000000000018e+00,0.000000000000000000e+00,9.359999999999999432e+00,0.000000000000000000e+00,2.959999999999999964e+00,8.000000000000000167e-02,1.340000000000000080e+00,0.000000000000000000e+00,4.049999999999999822e+00,0.000000000000000000e+00,6.080000000000000071e+00,0.000000000000000000e+00,2.049999999999999822e+00,1.300000000000000044e-01,1.850000000000000089e+00,5.570000000000000284e+00,6.969999999999999751e+00,2.279999999999999805e+00,2.700000000000000178e-01,2.500000000000000000e-01,2.319999999999999840e+00,3.520000000000000018e+00,2.970000000000000195e+00,3.729999999999999982e+00,3.819999999999999840e+00,2.470000000000000195e+00,4.899999999999999911e-01,5.410000000000000142e+00,3.259999999999999787e+00,8.310000000000000497e+00,5.980000000000000426e+00,2.759999999999999787e+00,2.419999999999999929e+00,6.230000000000000426e+00,5.000000000000000000e-01,2.500000000000000000e+00,1.270000000000000018e+00,2.870000000000000107e+00,1.689999999999999947e+00,1.370000000000000107e+00,2.060000000000000053e+00,4.099999999999999756e-01,1.050000000000000044e+00,3.299999999999999822e+00,8.910000000000000142e+00,4.919999999999999929e+00,8.179999999999999716e+00,2.189999999999999947e+00,0.000000000000000000e+00,3.609999999999999876e+00,4.809999999999999609e+00,3.500000000000000000e+00,3.390000000000000124e+00,1.969999999999999973e+00,3.660000000000000142e+00,7.040000000000000036e+00,4.709999999999999964e+00,6.700000000000000400e-01,4.559999999999999609e+00,2.330000000000000071e+00,1.041999999999999993e+01,7.459999999999999964e+00,0.000000000000000000e+00,2.410000000000000142e+00,2.359999999999999876e+00,3.850000000000000089e+00
5.349999999999999645e+00,4.290000000000000036e+00,1.489999999999999991e+00,3.410000000000000142e+00,1.649999999999999911e+00,3.669999999999999929e+00,3.830000000000000071e+00,6.000000000000000000e+00,3.899999999999999911e+00,0.000000000000000000e+00,4.250000000000000000e+00,0.000000000000000000e+00,7.000000000000000000e+00,2.162000000000000099e+01,3.457000000000000028e+01,1.879999999999999893e+00,1.239999999999999991e+00,5.620000000000000107e+00,8.759999999999999787e+00,1.000000000000000021e-02,0.000000000000000000e+00,1.239999999999999991e+00,3.008999999999999986e+01,7.906999999999997897e+01,2.687000000000000099e+01,1.440000000000000036e+01,4.832000000000000028e+01,1.489000000000000057e+01,4.589999999999999858e+00,4.589999999999999858e+00,1.016000000000000014e+01,4.653000000000000114e+01,4.480000000000000426e+00,0.000000000000000000e+00,8.169999999999999929e+00,9.710000000000000853e+00,4.440000000000000391e+00,3.009999999999999787e+00,5.540000000000000036e+00,4.259999999999999787e+00,1.449999999999999956e+00,1.409999999999999920e+00,6.639999999999999680e+00,5.349999999999999645e+00,6.849999999999999645e+00,2.000000000000000000e+00,1.929999999999999938e+00,7.179999999999999716e+00,1.066000000000000014e+01,1.142999999999999972e+01,3.040000000000000036e+00,4.110000000000000320e+00,1.360000000000000098e+00,6.820000000000000284e+00,0.000000000000000000e+00,5.339999999999999858e+00,3.359999999999999876e+00,7.549999999999999822e+00,6.410000000000000142e+00,4.660000000000000142e+00,4.540000000000000036e+00,2.209999999999999964e+00,7.030000000000000249e+00,6.929999999999999716e+00,7.299999999999999822e-01,3.459999999999999964e+00,5.889999999999999680e+00,5.070000000000000284e+01,5.095000000000000284e+01,9.599999999999999645e+00,9.130000000000000782e+00,5.240000000000000213e+00,4.110000000000000320e+00,7.820000000000000284e+00,6.500000000000000000e+00,6.490000000000000213e+00,0.000000000000000000e+00,1.780000000000000027e+00,5.750000000000000000e+00,2.270000000000000018e+00,2.999999999999999889e-02,1.293999999999999950e+01,5.679999999999999716e+00,4.089999999999999858e+00,1.034999999999999964e+01,5.200000000000000178e+00,8.150000000000000355e+00,6.809999999999999609e+00,1.620000000000000107e+00,1.050999999999999979e+01,1.919999999999999929e+00,3.370000000000000107e+00,4.169999999999999929e+00,0.000000000000000000e+00,5.709999999999999964e+00,5.330000000000000071e+00,3.560000000000000053e+00,2.479999999999999982e+00,3.950000000000000178e+00,1.409999999999999920e+00,1.599000000000000021e+01,7.879999999999999893e+00,8.599999999999999645e+00,1.175999999999999979e+01,8.196999999999999886e+01,8.699999999999999956e-01,8.810000000000000497e+00,1.124000000000000021e+01,2.810000000000000053e+00,1.479999999999999982e+00,6.800000000000000488e-01,0.000000000000000000e+00,1.081000000000000050e+01,2.189999999999999947e+00,5.570000000000000284e+00,3.450000000000000178e+00,4.830000000000000071e+00,1.021000000000000085e+01,5.549999999999999822e+00,6.790000000000000036e+00,9.970000000000000639e+00,5.421999999999999886e+01,3.100000000000000089e+00,1.340000000000000080e+00,4.629999999999999893e+00,1.007000000000000028e+01,2.859999999999999876e+00,4.799999999999999822e-01,2.362999999999999901e+01,3.860999999999999943e+01,1.416000000000000014e+01,1.418999999999999950e+01,8.349999999999999645e+00,0.000000000000000000e+00,2.200000000000000178e+00,1.709999999999999964e+00,1.046000000000000085e+01,3.790000000000000036e+00,4.709999999999999964e+00,5.660000000000000142e+00,2.385000000000000142e+01,2.180000000000000160e+00,1.520000000000000018e+00,1.159999999999999920e+00,9.200000000000000400e-01,6.280000000000000249e+00,5.450000000000000178e+00,7.410000000000000142e+00,2.362000000000000099e+01,9.570000000000000284e+00,2.930000000000000160e+00,1.276999999999999957e+01,7.160000000000000142e+00,0.000000000000000000e+00,1.531000000000000050e+01,1.370000000000000107e+00,3.000000000000000000e+00,1.088000000000000078e+01,3.370000000000000107e+00,5.360000000000000320e+00,2.209999999999999964e+00,4.339999999999999858e+00,4.490000000000000213e+00,4.080000000000000071e+00,2.490000000000000213e+00,4.440000000000000391e+00,4.280000000000000249e+00,3.069999999999999840e+00,1.166000000000000014e+01,6.360000000000000320e+00,0.000000000000000000e+00,0.000000000000000000e+00,0.000000000000000000e+00,1.310000000000000053e+00,3.709999999999999964e+00,4.649000000000000199e+01,5.632000000000000028e+01,0.000000000000000000e+00,3.669999999999999929e+00,5.459999999999999964e+00,1.639999999999999902e+00,1.350000000000000089e+00,6.639999999999999680e+00,3.370000000000000107e+00,3.789999999999999858e+01,3.490000000000000213e+00,0.000000000000000000e+00,5.070000000000000284e+00,2.669999999999999929e+00,1.449999999999999956e+00
3.299999999999999822e+00,2.359999999999999876e+00,1.979999999999999982e+00,3.279999999999999805e+00,4.309999999999999609e+00,1.989999999999999991e+00,3.089999999999999858e+00,2.770000000000000018e+00,5.999999999999999778e-01,0.000000000000000000e+00,3.129999999999999893e+00,3.810000000000000053e+00,7.929999999999999716e+00,6.600000000000000311e-01,2.509999999999999787e+00,0.000000000000000000e+00,0.000000000000000000e+00,2.439999999999999947e+00,3.509999999999999787e+00,0.000000000000000000e+00,1.464000000000000057e+01,2.326000000000000156e+01,4.500000000000000111e-01,5.799999999999999600e-01,0.000000000000000000e+00,1.729999999999999982e+00,0.000000000000000000e+00,0.000000000000000000e+00,2.970000000000000195e+00,4.629999999999999893e+00,8.820000000000000284e+00,1.199999999999999956e+00,0.000000000000000000e+00,0.000000000000000000e+00,3.430000000000000160e+00,4.370000000000000107e+00,4.389999999999999680e+00,3.810000000000000053e+00,3.689999999999999947e+00,3.200000000000000178e+00,1.520000000000000018e+00,1.540000000000000036e+00,2.075000000000000000e+01,9.710000000000000853e+00,7.990000000000000213e+00,2.800000000000000266e-01,8.100000000000000533e-01,1.149999999999999911e+00,7.320000000000000284e+00,1.214000000000000057e+01,3.020000000000000018e+00,0.000000000000000000e+00,5.030000000000000249e+00,1.065000000000000036e+01,4.129999999999999893e+00,4.480000000000000426e+00,2.049999999999999822e+00,3.810000000000000053e+00,2.000000000000000000e+00,7.199999999999999734e-01,1.300000000000000044e+00,2.020000000000000018e+00,3.400000000000000244e-01,1.030000000000000027e+00,3.220000000000000195e+00,2.350000000000000089e+00,0.000000000000000000e+00,1.019999999999999929e+01,6.830000000000000071e+00,4.959999999999999964e+00,2.500000000000000000e-01,1.120000000000000107e+00,6.549999999999999822e+00,7.730000000000000426e+00,5.870000000000000107e+00,3.259999999999999787e+00,2.490000000000000213e+00,0.000000000000000000e+00,4.799999999999999822e-01,2.490000000000000213e+00,0.000000000000000000e+00,4.450000000000000178e+00,6.230000000000000426e+00,2.209999999999999964e+00,6.110000000000000320e+00,5.209999999999999964e+00,5.549999999999999822e+00,4.809999999999999609e+00,6.700000000000000400e-01,4.459999999999999964e+00,6.910000000000000142e+00,4.080000000000000071e+00,3.859999999999999876e+00,5.750000000000000000e+00,7.830000000000000071e+00,6.219999999999999751e+00,4.589999999999999858e+00,2.339999999999999858e+00,3.520000000000000018e+00,1.389999999999999902e+00,1.840000000000000080e+00,0.000000000000000000e+00,1.810000000000000053e+00,2.200000000000000178e+00,1.522000000000000064e+01,3.049999999999999822e+00,1.820000000000000062e+00,7.389999999999999680e+00,2.939999999999999947e+00,7.800000000000000266e-01,1.510000000000000009e+00,0.000000000000000000e+00,5.690000000000000391e+00,2.709999999999999964e+00,6.660000000000000142e+00,0.000000000000000000e+00,3.500000000000000000e+00,7.799999999999999822e+00,1.959999999999999964e+00,3.029999999999999805e+00,3.959999999999999964e+00,0.000000000000000000e+00,6.240000000000000213e+00,1.979999999999999982e+00,5.110000000000000320e+00,3.599999999999999867e-01,3.970000000000000195e+00,5.999999999999999778e-02,5.610000000000000320e+00,1.621999999999999886e+01,1.560000000000000053e+00,4.549999999999999822e+00,5.009999999999999787e+00,1.260000000000000009e+00,4.299999999999999822e+00,3.099999999999999978e-01,4.642999999999999972e+01,1.810000000000000053e+00,2.628999999999999915e+01,6.230000000000000426e+00,2.580000000000000071e+00,4.245000000000000284e+01,1.550000000000000000e+01,6.111999999999999744e+01,6.209999999999999964e+00,5.320000000000000284e+00,5.410000000000000142e+00,5.660000000000000142e+00,3.615999999999999659e+01,6.167999999999999972e+01,1.837999999999999901e+01,4.599999999999999645e+00,2.419999999999999929e+00,2.609999999999999876e+00,6.450000000000000178e+00,7.179999999999999716e+01,8.059000000000000341e+01,3.339999999999999858e+00,6.234000000000000341e+01,2.537999999999999901e+01,5.446999999999999886e+01,3.546000000000000085e+01,5.522999999999999687e+01,9.720000000000000639e+00,3.194999999999999929e+01,3.750000000000000000e+00,2.290000000000000036e+00,2.130999999999999872e+01,3.169999999999999929e+00,2.509999999999999787e+00,8.769999999999999574e+00,0.000000000000000000e+00,0.000000000000000000e+00,0.000000000000000000e+00,1.182000000000000028e+01,5.959999999999999964e+00,3.839999999999999858e+00,0.000000000000000000e+00,4.080000000000000071e+00,2.569999999999999840e+00,5.540000000000000036e+00,2.669999999999999929e+00,7.080000000000000071e+00,2.359999999999999876e+00,9.429999999999999716e+00,0.000000000000000000e+00,0.000000000000000000e+00,3.700000000000000178e+00,2.399999999999999911e+00,5.899999999999999689e-01
1.870000000000000107e+00,3.580000000000000071e+00,1.900000000000000022e-01,1.560000000000000053e+00,3.900000000000000133e-01,1.969999999999999973e+00,4.129999999999999893e+00,6.719999999999999751e+00,3.930000000000000160e+00,0.000000000000000000e+00,3.129999999999999893e+00,6.799999999999999822e+00,6.099999999999999645e+00,2.169999999999999929e+00,4.080000000000000071e+00,2.500000000000000000e-01,1.799999999999999933e-01,3.660000000000000142e+00,2.299999999999999822e+00,0.000000000000000000e+00,7.199999999999999734e-01,3.699999999999999956e-01,1.969999999999999973e+00,2.390000000000000124e+00,7.690000000000000391e+00,9.529999999999999361e+00,3.620000000000000107e+00,1.798000000000000043e+01,1.770000000000000018e+00,3.979999999999999982e+00,1.178999999999999915e+01,4.139999999999999680e+00,9.100000000000000311e-01,6.469999999999999751e+00,3.029999999999999805e+00,3.790000000000000036e+00,4.330000000000000071e+00,3.660000000000000142e+00,2.620000000000000107e+00,5.750000000000000000e+00,1.709999999999999964e+00,0.000000000000000000e+00,6.540000000000000036e+00,3.430000000000000160e+00,3.459999999999999964e+00,4.219999999999999751e+00,1.550000000000000044e+00,2.740000000000000213e+00,4.980000000000000426e+00,3.500000000000000000e+00,4.570000000000000284e+00,2.189999999999999947e+00,3.169999999999999929e+00,9.689999999999999503e+00,3.939999999999999947e+00,2.669999999999999929e+00,2.750000000000000000e+00,5.379999999999999893e+00,7.959999999999999964e+00,0.000000000000000000e+00,4.929999999999999716e+00,4.030000000000000249e+00,1.250999999999999979e+01,1.678000000000000114e+01,2.779999999999999805e+00,2.680000000000000160e+00,7.200000000000000178e+00,1.733999999999999986e+01,1.530000000000000071e+01,5.820000000000000284e+00,2.899999999999999911e+00,1.075000000000000000e+01,9.349999999999999645e+00,7.570000000000000284e+00,9.380000000000000782e+00,2.540000000000000036e+00,2.200000000000000178e+00,1.260000000000000009e+00,5.009999999999999787e+00,5.300000000000000266e-01,0.000000000000000000e+00,7.900000000000000355e+00,2.148999999999999844e+01,3.979999999999999982e+00,4.200000000000000178e+00,3.299999999999999822e+00,6.769999999999999574e+00,6.129999999999999893e+00,2.899999999999999911e+00,1.853000000000000114e+01,6.040000000000000036e+00,5.299999999999999822e+00,2.029999999999999805e+00,2.330000000000000071e+00,2.120000000000000107e+00,9.326999999999999602e+01,5.469999999999999751e+00,2.959999999999999964e+00,3.979999999999999982e+00,1.629999999999999893e+00,5.860000000000000320e+00,1.469999999999999973e+00,3.279999999999999805e+00,3.350000000000000089e+00,6.889999999999999680e+00,1.280000000000000027e+00,5.139999999999999680e+00,1.526999999999999957e+01,7.599999999999999645e+00,2.399999999999999911e+00,7.269999999999999574e+00,0.000000000000000000e+00,3.919999999999999929e+00,2.459999999999999964e+00,4.400000000000000355e+00,4.589999999999999858e+00,5.440000000000000391e+00,5.790000000000000036e+00,6.940000000000000391e+00,1.169999999999999929e+01,1.253999999999999915e+01,8.759999999999999787e+00,6.650000000000000355e+00,1.820000000000000062e+00,5.309999999999999609e+00,0.000000000000000000e+00,0.000000000000000000e+00,2.999999999999999889e-02,1.050999999999999979e+01,7.250000000000000000e+00,2.379999999999999893e+00,9.390000000000000568e+00,5.950000000000000178e+00,0.000000000000000000e+00,3.259999999999999787e+00,1.810000000000000053e+00,8.499999999999999778e-01,5.600000000000000533e-01,1.360000000000000098e+00,4.559999999999999609e+00,3.899999999999999911e+00,1.479999999999999982e+00,4.299999999999999933e-01,8.299999999999999600e-01,5.400000000000000355e-01,5.120000000000000107e+00,6.139999999999999680e+00,4.940000000000000391e+00,3.060000000000000053e+00,2.509999999999999787e+00,2.560000000000000053e+00,1.167999999999999972e+01,3.560000000000000053e+00,1.510999999999999943e+01,1.539000000000000057e+01,1.709999999999999964e+00,3.629999999999999893e+00,6.509999999999999787e+00,2.060000000000000053e+00,3.379999999999999893e+00,2.370000000000000107e+00,3.950000000000000178e+00,5.480000000000000426e+00,3.310000000000000053e+00,2.049999999999999822e+00,5.809999999999999609e+00,3.560000000000000053e+00,4.570000000000000284e+00,5.799999999999999822e+00,3.089999999999999858e+00,9.949999999999999289e+00,2.999999999999999889e-01,0.000000000000000000e+00,0.000000000000000000e+00,4.160000000000000142e+00,9.699999999999999289e+00,1.491000000000000014e+01,0.000000000000000000e+00,6.410000000000000142e+00,3.720000000000000195e+00,7.600000000000000089e-01,6.300000000000000044e-01,4.370000000000000107e+00,3.009999999999999787e+00,2.235000000000000142e+01,3.040000000000000036e+00,0.000000000000000000e+00,3.189999999999999947e+00,3.290000000000000036e+00,4.530000000000000249e+00
4.490000000000000213e+00,2.799999999999999822e+00,6.199999999999999956e-01,1.379999999999999893e+00,1.189999999999999947e+00,1.229999999999999982e+00,2.600000000000000089e+00,5.889999999999999680e+00,4.080000000000000071e+00,0.000000000000000000e+00,2.779999999999999805e+00,5.750000000000000000e+00,4.950000000000000178e+00,0.000000000000000000e+00,1.929999999999999938e+00,2.500000000000000000e-01,0.000000000000000000e+00,2.750000000000000000e+00,1.679999999999999938e+00,0.000000000000000000e+00,0.000000000000000000e+00,0.000000000000000000e+00,3.120000000000000107e+00,2.890000000000000124e+00,4.459999999999999964e+00,4.290000000000000036e+00,3.520000000000000018e+00,6.780000000000000249e+00,2.859999999999999876e+00,1.709999999999999964e+00,0.000000000000000000e+00,1.260000000000000009e+00,2.759999999999999787e+00,4.660000000000000142e+00,8.169999999999999929e+00,8.250000000000000000e+00,2.600000000000000089e+00,2.939999999999999947e+00,3.410000000000000142e+00,3.430000000000000160e+00,0.000000000000000000e+00,8.499999999999999778e-01,6.019999999999999574e+00,5.370000000000000107e+00,1.989999999999999991e+00,2.428000000000000114e+01,1.209999999999999964e+00,4.490000000000000213e+00,9.009999999999999787e+00,8.449999999999999289e+00,3.689999999999999947e+00,1.419999999999999929e+00,2.069999999999999840e+00,9.823999999999999488e+01,3.200000000000000067e-01,1.750000000000000000e+00,2.149999999999999911e+00,5.230000000000000426e+00,4.509999999999999787e+00,0.000000000000000000e+00,5.509999999999999787e+00,8.599999999999999867e-01,8.299999999999999600e-01,7.900000000000000355e-01,2.620000000000000107e+00,1.560000000000000053e+00,3.390000000000000124e+00,5.620000000000000107e+00,5.990000000000000213e+00,3.529999999999999805e+00,6.990000000000000213e+00,2.600000000000000089e+00,5.530000000000000249e+00,5.379999999999999893e+00,3.540000000000000036e+00,2.509999999999999787e+00,0.000000000000000000e+00,8.199999999999999512e-01,1.469999999999999973e+00,1.110000000000000098e+00,0.000000000000000000e+00,2.379999999999999893e+00,6.440000000000000391e+00,2.080000000000000071e+00,2.000000000000000111e-01,2.979999999999999982e+00,5.179999999999999716e+00,2.720000000000000195e+00,7.500000000000000000e-01,4.280000000000000249e+00,3.589999999999999858e+00,2.729999999999999982e+00,1.830000000000000071e+00,4.910000000000000142e+00,6.980000000000000426e+00,2.279999999999999805e+00,1.510000000000000009e+00,1.389999999999999902e+00,3.819999999999999840e+00,1.419999999999999929e+00,1.850000000000000089e+00,2.800000000000000266e-01,1.669999999999999929e+00,9.000000000000000222e-01,1.600000000000000033e-01,7.199999999999999734e-01,4.709999999999999964e+00,4.230000000000000426e+00,2.129999999999999893e+00,1.250000000000000000e+00,4.080000000000000071e+00,0.000000000000000000e+00,3.140000000000000124e+00,8.000000000000000444e-01,4.559999999999999609e+00,3.060000000000000053e+00,3.700000000000000178e+00,7.360000000000000320e+00,2.770000000000000018e+00,2.439999999999999947e+00,0.000000000000000000e+00,4.959999999999999964e+00,4.280000000000000249e+00,2.470000000000000195e+00,3.680000000000000160e+00,0.000000000000000000e+00,5.599999999999999645e+00,2.999999999999999889e-02,8.250000000000000000e+00,4.809999999999999609e+00,7.800000000000000266e-01,2.350000000000000089e+00,3.390000000000000124e+00,0.000000000000000000e+00,3.029999999999999805e+00,1.659999999999999920e+00,1.700000000000000122e-01,0.000000000000000000e+00,6.899999999999999467e-01,2.220000000000000195e+00,0.000000000000000000e+00,1.149999999999999911e+00,1.219999999999999973e+00,1.260000000000000009e+00,1.689999999999999947e+00,2.879999999999999893e+00,2.490000000000000213e+00,3.169999999999999929e+00,1.139999999999999902e+00,1.610000000000000098e+00,9.799999999999999822e-01,2.620000000000000107e+00,5.480000000000000426e+00,3.870000000000000107e+00,4.629999999999999893e+00,2.500000000000000000e-01,2.339999999999999858e+00,4.219999999999999751e+00,2.520000000000000018e+00,1.070000000000000062e+00,8.800000000000000044e-01,4.899999999999999911e-01,2.759999999999999787e+00,9.599999999999999645e-01,7.600000000000000089e-01,1.050000000000000044e+00,1.590000000000000080e+00,2.240000000000000213e+00,3.129999999999999893e+00,2.470000000000000195e+00,7.900000000000000355e-01,0.000000000000000000e+00,0.000000000000000000e+00,5.000000000000000000e-01,4.040000000000000036e+00,5.089999999999999858e+00,4.480000000000000426e+00,8.939999999999999503e+00,3.569999999999999840e+00,4.400000000000000355e+00,2.500000000000000000e+00,1.449999999999999956e+00,9.699999999999999734e-01,0.000000000000000000e+00,5.969999999999999751e+00,2.029999999999999805e+00,0.000000000000000000e+00,1.479999999999999982e+00,1.020000000000000018e+00,1.419999999999999929e+00
8.320000000000000284e+00,6.429999999999999716e+00,9.699999999999999734e-01,1.379999999999999893e+00,2.500000000000000000e-01,2.729999999999999982e+00,3.439999999999999947e+00,3.220000000000000195e+00,1.149999999999999911e+00,0.000000000000000000e+00,1.889999999999999902e+00,4.980000000000000426e+00,2.450000000000000178e+00,3.640000000000000124e+00,4.080000000000000071e+00,1.800000000000000044e+00,0.000000000000000000e+00,3.169999999999999929e+00,2.569999999999999840e+00,1.799999999999999933e-01,0.000000000000000000e+00,2.399999999999999911e-01,4.799999999999999822e-01,2.910000000000000142e+00,2.189999999999999947e+00,3.109999999999999876e+00,2.069999999999999840e+00,1.366999999999999993e+01,1.610000000000000098e+00,1.560000000000000053e+00,2.810000000000000053e+00,1.090000000000000080e+00,8.399999999999999689e-01,1.799999999999999933e-01,6.639999999999999680e+00,6.650000000000000355e+00,1.560000000000000053e+00,1.000000000000000000e+00,5.200000000000000178e-01,3.270000000000000018e+00,3.699999999999999956e-01,3.900000000000000133e-01,2.370000000000000107e+00,8.599999999999999867e-01,1.629999999999999893e+00,1.610000000000000098e+00,3.000000000000000000e+00,2.339999999999999858e+00,4.830000000000000071e+00,7.570000000000000284e+00,4.280000000000000249e+00,1.050000000000000044e+00,0.000000000000000000e+00,8.859999999999997655e+00,0.000000000000000000e+00,1.350000000000000089e+00,2.310000000000000053e+00,7.910000000000000142e+00,3.470000000000000195e+00,6.700000000000000400e-01,1.760000000000000009e+00,2.999999999999999889e-01,0.000000000000000000e+00,9.599999999999999645e-01,1.620000000000000107e+00,1.449999999999999956e+00,3.300000000000000155e-01,5.269999999999999574e+00,4.150000000000000355e+00,4.219999999999999751e+00,2.520000000000000018e+00,8.900000000000000133e-01,3.939999999999999947e+00,0.000000000000000000e+00,1.229999999999999982e+00,3.819999999999999840e+00,0.000000000000000000e+00,1.899999999999999911e+00,1.469999999999999973e+00,1.060000000000000053e+00,0.000000000000000000e+00,3.609999999999999876e+00,3.609999999999999876e+00,2.799999999999999822e+00,2.770000000000000018e+00,1.169999999999999929e+00,2.870000000000000107e+00,1.699999999999999956e+00,0.000000000000000000e+00,3.770000000000000018e+00,2.149999999999999911e+00,2.339999999999999858e+00,6.700000000000000400e-01,3.910000000000000142e+00,7.620000000000000107e+00,1.439999999999999947e+00,3.729999999999999982e+00,1.090000000000000080e+00,2.609999999999999876e+00,5.100000000000000089e-01,1.750000000000000000e+00,7.500000000000000000e-01,2.649999999999999911e+00,6.300000000000000044e-01,8.299999999999999600e-01,1.499999999999999944e-01,0.000000000000000000e+00,3.120000000000000107e+00,4.280000000000000249e+00,7.099999999999999645e-01,5.070000000000000284e+00,2.000000000000000042e-02,3.879999999999999893e+00,1.110000000000000098e+00,3.540000000000000036e+00,1.030000000000000027e+00,2.600000000000000089e+00,5.049999999999999822e+00,3.819999999999999840e+00,8.000000000000000444e-01,2.060000000000000053e+00,3.060000000000000053e+00,6.540000000000000036e+00,1.520000000000000018e+00,2.479999999999999982e+00,7.469999999999999751e+00,1.070000000000000062e+00,5.699999999999999512e-01,5.049999999999999822e+00,6.549999999999999822e+00,2.669999999999999929e+00,0.000000000000000000e+00,2.770000000000000018e+00,0.000000000000000000e+00,2.700000000000000178e+00,3.339999999999999858e+00,1.159999999999999920e+00,0.000000000000000000e+00,0.000000000000000000e+00,2.160000000000000142e+00,0.000000000000000000e+00,1.340000000000000080e+00,8.199999999999999512e-01,0.000000000000000000e+00,0.000000000000000000e+00,1.169999999999999929e+00,1.520000000000000018e+00,1.370000000000000107e+00,6.199999999999999956e-01,1.040000000000000036e+00,1.260000000000000009e+00,6.650000000000000355e+00,2.700000000000000178e-01,4.200000000000000178e+00,3.000000000000000000e+00,1.110000000000000098e+00,8.000000000000000444e-01,1.179999999999999938e+00,1.469999999999999973e+00,4.500000000000000111e-01,4.000000000000000222e-01,0.000000000000000000e+00,3.180000000000000160e+00,1.520000000000000018e+00,9.499999999999999556e-01,3.499999999999999778e-01,0.000000000000000000e+00,0.000000000000000000e+00,5.150000000000000355e+00,1.790000000000000036e+00,1.320000000000000062e+00,0.000000000000000000e+00,0.000000000000000000e+00,3.099999999999999978e-01,4.040000000000000036e+00,4.349999999999999645e+00,3.069999999999999840e+00,0.000000000000000000e+00,5.299999999999999822e+00,4.929999999999999716e+00,1.080000000000000071e+00,1.280000000000000027e+00,1.100000000000000006e-01,1.090000000000000080e+00,2.819999999999999840e+00,3.279999999999999805e+00,0.000000000000000000e+00,3.339999999999999858e+00,6.899999999999999467e-01,7.800000000000000266e-01
2.779999999999999805e+00,2.790000000000000036e+00,1.330000000000000071e+00,2.419999999999999929e+00,1.540000000000000036e+00,1.389999999999999902e+00,6.110000000000000320e+00,3.410000000000000142e+00,1.919999999999999929e+00,0.000000000000000000e+00,2.640000000000000124e+00,0.000000000000000000e+00,1.481000000000000050e+01,6.669999999999999929e+00,1.725000000000000000e+01,8.499999999999999778e-01,0.000000000000000000e+00,2.839999999999999858e+00,3.390000000000000124e+00,0.000000000000000000e+00,7.000000000000000666e-02,0.000000000000000000e+00,3.144999999999999929e+01,8.490000000000001990e+01,5.317999999999999972e+01,1.400999999999999979e+01,4.774000000000000199e+01,8.640000000000000568e+00,2.580000000000000071e+00,4.179999999999999716e+00,2.720000000000000195e+00,2.870000000000000107e+00,1.919999999999999929e+00,3.120000000000000107e+00,2.939999999999999947e+00,1.189999999999999947e+00,2.330000000000000071e+00,1.939999999999999947e+00,1.860000000000000098e+00,4.719999999999999751e+00,3.490000000000000213e+00,0.000000000000000000e+00,2.109999999999999876e+00,1.010000000000000009e+00,2.689999999999999947e+00,0.000000000000000000e+00,1.719999999999999973e+00,4.400000000000000355e+00,8.699999999999999289e+00,4.030000000000000249e+00,3.930000000000000160e+00,1.830000000000000071e+00,2.220000000000000195e+00,6.540000000000000036e+00,2.359999999999999876e+00,2.399999999999999911e+00,3.120000000000000107e+00,1.270000000000000018e+00,4.610000000000000320e+00,0.000000000000000000e+00,4.240000000000000213e+00,2.500000000000000000e+00,2.899999999999999911e+00,1.666000000000000014e+01,1.149999999999999911e+00,9.130000000000000782e+00,5.599999999999999645e+00,3.531000000000000227e+01,3.839999999999999858e+01,5.389999999999999680e+00,1.091000000000000014e+01,1.011999999999999922e+01,5.860000000000000320e+00,1.441999999999999993e+01,1.239999999999999991e+00,2.609999999999999876e+00,0.000000000000000000e+00,9.899999999999999911e-01,3.770000000000000018e+00,7.399999999999999911e-01,0.000000000000000000e+00,7.349999999999999645e+00,4.440000000000000391e+00,2.049999999999999822e+00,5.049999999999999822e+00,2.100000000000000089e+00,5.870000000000000107e+00,1.556000000000000050e+01,7.500000000000000000e-01,1.118999999999999950e+01,1.488000000000000078e+01,4.530000000000000249e+00,0.000000000000000000e+00,1.649999999999999911e+00,6.349999999999999645e+00,5.639999999999999680e+00,2.549999999999999822e+00,2.729999999999999982e+00,4.049999999999999822e+00,1.840000000000000080e+00,7.500000000000000000e+00,8.800000000000000044e-01,4.200000000000000178e+00,4.759999999999999787e+00,4.964999999999999858e+01,1.290000000000000036e+00,5.139999999999999680e+00,9.669999999999999929e+00,2.180000000000000160e+00,1.659999999999999920e+00,1.310000000000000053e+00,5.000000000000000278e-02,9.839999999999999858e+00,1.959999999999999964e+00,4.389999999999999680e+00,3.859999999999999876e+00,3.799999999999999822e+00,9.130000000000000782e+00,4.110000000000000320e+00,1.298000000000000043e+01,1.921999999999999886e+01,1.892000000000000171e+01,4.250000000000000000e+00,2.009999999999999787e+00,4.500000000000000000e+00,0.000000000000000000e+00,9.160000000000000142e+00,7.600000000000000089e-01,2.357000000000000028e+01,4.557000000000000028e+01,1.090000000000000036e+01,5.190000000000000391e+00,4.990000000000000213e+00,0.000000000000000000e+00,9.000000000000000222e-01,2.099999999999999922e-01,1.750000000000000000e+00,1.199999999999999956e-01,1.899999999999999911e+00,3.770000000000000018e+00,5.299999999999999822e+00,5.559999999999999609e+00,4.899999999999999911e-01,0.000000000000000000e+00,1.419999999999999929e+00,3.879999999999999893e+00,6.540000000000000036e+00,4.330000000000000071e+00,5.000000000000000000e+00,5.419999999999999929e+00,6.160000000000000142e+00,3.790000000000000036e+00,1.969999999999999973e+00,5.799999999999999600e-01,1.106000000000000050e+01,6.300000000000000044e-01,4.179999999999999716e+00,3.910000000000000142e+00,1.770000000000000018e+00,1.919999999999999929e+00,2.200000000000000178e+00,3.899999999999999911e+00,5.110000000000000320e+00,3.700000000000000178e+00,1.290000000000000036e+00,3.410000000000000142e+00,6.500000000000000222e-01,4.070000000000000284e+00,3.990000000000000213e+00,6.030000000000000249e+00,2.770000000000000018e+00,6.199999999999999956e-01,0.000000000000000000e+00,0.000000000000000000e+00,4.559999999999999609e+00,3.125000000000000000e+01,3.678999999999999915e+01,0.000000000000000000e+00,3.830000000000000071e+00,3.819999999999999840e+00,0.000000000000000000e+00,5.699999999999999512e-01,5.339999999999999858e+00,2.549999999999999822e+00,3.764999999999999858e+01,2.660000000000000142e+00,0.000000000000000000e+00,2.319999999999999840e+00,4.070000000000000284e+00,2.549999999999999822e+00
4.410000000000000142e+00,4.830000000000000071e+00,1.090000000000000080e+00,1.699999999999999956e+00,2.520000000000000018e+00,3.629999999999999893e+00,2.790000000000000036e+00,5.019999999999999574e+00,3.069999999999999840e+00,0.000000000000000000e+00,2.660000000000000142e+00,0.000000000000000000e+00,6.000000000000000000e+00,3.669999999999999929e+00,2.919999999999999929e+00,2.899999999999999800e-01,7.600000000000000089e-01,4.400000000000000355e+00,4.209999999999999964e+00,6.800000000000000488e-01,1.900000000000000022e-01,6.899999999999999467e-01,1.770000000000000018e+00,0.000000000000000000e+00,3.850000000000000089e+00,3.680000000000000160e+00,2.060000000000000053e+00,0.000000000000000000e+00,9.380000000000000782e+00,8.349999999999999645e+00,5.450000000000000178e+00,0.000000000000000000e+00,2.680000000000000160e+00,4.950000000000000178e+00,3.379999999999999893e+00,4.400000000000000355e+00,4.480000000000000426e+00,2.830000000000000071e+00,4.469999999999999751e+00,1.114000000000000057e+01,1.500000000000000000e+00,3.200000000000000178e+00,3.120000000000000107e+00,1.300000000000000044e-01,3.299999999999999822e+00,0.000000000000000000e+00,1.330000000000000071e+00,3.759999999999999787e+00,8.279999999999999361e+00,5.719999999999999751e+00,7.429999999999999716e+00,3.919999999999999929e+00,9.699999999999999734e-01,8.849999999999999645e+00,2.879999999999999893e+00,4.080000000000000071e+00,5.269999999999999574e+00,6.839999999999999858e+00,8.070000000000000284e+00,0.000000000000000000e+00,2.390000000000000124e+00,1.820000000000000062e+00,2.060000000000000053e+00,1.620000000000000107e+00,2.549999999999999822e+00,4.559999999999999609e+00,7.099999999999999645e-01,3.790000000000000036e+00,2.390000000000000124e+00,8.779999999999999361e+00,1.000000000000000021e-02,2.020000000000000018e+00,5.070000000000000284e+00,3.790000000000000036e+00,6.089999999999999858e+00,2.180000000000000160e+00,3.049999999999999822e+00,1.500000000000000000e+00,1.129999999999999893e+00,1.540000000000000036e+00,0.000000000000000000e+00,1.236999999999999922e+01,6.610000000000000320e+00,1.600000000000000089e+00,3.879999999999999893e+00,2.799999999999999822e+00,6.820000000000000284e+00,5.019999999999999574e+00,1.870000000000000107e+00,4.259999999999999787e+00,3.120000000000000107e+00,5.070000000000000284e+00,3.979999999999999982e+00,1.060000000000000053e+00,3.970000000000000195e+00,5.259999999999999787e+00,3.509999999999999787e+00,4.639999999999999680e+00,1.044999999999999929e+01,1.120000000000000107e+00,3.930000000000000160e+00,5.000000000000000278e-02,5.980000000000000426e+00,3.109999999999999876e+00,4.839999999999999858e+00,4.059999999999999609e+00,0.000000000000000000e+00,5.139999999999999680e+00,2.339999999999999858e+00,1.000000000000000000e+00,0.000000000000000000e+00,0.000000000000000000e+00,2.089999999999999858e+00,3.180000000000000160e+00,6.490000000000000213e+00,0.000000000000000000e+00,6.900000000000000355e+00,5.669999999999999929e+00,4.360000000000000320e+00,3.689999999999999947e+00,2.990000000000000213e+00,4.440000000000000391e+00,8.650000000000000355e+00,2.339999999999999858e+00,5.099999999999999645e+00,2.299999999999999822e+00,6.199999999999999956e-01,1.000000000000000056e-01,1.344999999999999929e+01,0.000000000000000000e+00,1.639999999999999902e+00,3.359999999999999876e+00,4.719999999999999751e+00,0.000000000000000000e+00,4.209999999999999964e+00,3.600000000000000089e+00,9.200000000000000400e-01,5.500000000000000444e-01,0.000000000000000000e+00,3.879999999999999893e+00,4.519999999999999574e+00,1.840000000000000080e+00,8.599999999999999867e-01,0.000000000000000000e+00,5.519999999999999574e+00,3.740000000000000213e+00,4.570000000000000284e+00,5.530000000000000249e+00,3.299999999999999822e+00,2.109999999999999876e+00,1.909999999999999920e+00,8.330000000000000071e+00,4.839999999999999858e+00,9.799999999999999822e-01,2.350000000000000089e+00,1.879999999999999893e+00,2.689999999999999947e+00,1.088000000000000078e+01,1.939999999999999947e+00,2.520000000000000018e+00,2.229999999999999982e+00,1.729999999999999982e+00,9.939999999999999503e+00,2.109999999999999876e+00,1.810000000000000053e+00,2.140000000000000124e+00,2.069999999999999840e+00,3.220000000000000195e+00,5.759999999999999787e+00,1.330000000000000071e+00,5.940000000000000391e+00,0.000000000000000000e+00,0.000000000000000000e+00,1.040000000000000036e+00,7.480000000000000426e+00,6.259999999999999787e+00,6.360000000000000320e+00,0.000000000000000000e+00,3.009999999999999787e+00,6.099999999999999645e+00,5.589999999999999858e+00,3.169999999999999929e+00,3.649999999999999911e+00,1.379999999999999893e+00,7.709999999999999964e+00,5.419999999999999929e+00,0.000000000000000000e+00,3.399999999999999911e+00,1.300000000000000044e-01,3.140000000000000124e+00
2.569999999999999840e+00,2.859999999999999876e+00,1.260000000000000009e+00,2.129999999999999893e+00,8.299999999999999600e-01,9.568999999999999773e+01,3.589999999999999858e+00,6.169999999999999929e+00,4.700000000000000178e+00,4.736999999999999744e+01,3.189999999999999947e+00,3.790000000000000036e+00,6.500000000000000000e+00,4.269999999999999574e+00,4.889999999999999680e+00,8.000000000000000167e-02,5.459999999999999964e+00,4.030000000000000249e+00,7.450000000000000178e+00,3.290000000000000036e+00,2.479999999999999982e+00,4.540000000000000036e+00,2.560000000000000053e+00,3.040000000000000036e+00,8.960000000000002629e+00,5.419999999999999929e+00,6.360000000000000320e+00,1.590000000000000080e+00,0.000000000000000000e+00,7.600000000000000089e-01,5.269999999999999574e+00,2.901000000000000156e+01,2.000000000000000000e+00,8.165999999999999659e+01,2.589999999999999858e+00,4.269999999999999574e+00,6.429999999999999716e+00,3.759999999999999787e+00,4.290000000000000036e+00,0.000000000000000000e+00,1.459999999999999964e+00,4.879999999999999893e+00,4.969999999999999751e+00,1.639999999999999902e+00,4.549999999999999822e+00,1.560000000000000053e+00,1.530000000000000027e+00,4.650000000000000355e+00,7.860000000000000320e+00,6.009999999999999787e+00,0.000000000000000000e+00,2.709999999999999964e+00,2.910000000000000142e+00,1.416999999999999993e+01,9.545999999999999375e+01,7.651000000000001933e+01,7.379999999999999893e+00,5.740000000000000213e+00,9.359999999999999432e+00,0.000000000000000000e+00,1.110000000000000098e+00,1.439999999999999947e+00,4.200000000000000178e+00,3.149999999999999911e+00,2.919999999999999929e+00,6.400000000000000133e-01,4.946000000000000085e+01,7.629999999999999893e+00,5.849999999999999645e+00,6.459999999999999964e+00,5.000000000000000278e-02,9.812000000000000455e+01,8.679999999999999716e+00,1.084999999999999964e+01,9.867000000000000171e+01,9.798000000000000398e+01,0.000000000000000000e+00,1.739999999999999991e+00,4.129999999999999893e+00,9.699999999999999734e-01,4.099999999999999756e-01,8.339999999999999858e+00,1.875000000000000000e+01,9.899999999999999911e-01,9.068999999999999773e+01,9.531999999999999318e+01,4.530000000000000249e+00,6.860000000000000320e+00,4.099999999999999645e+00,1.213000000000000078e+01,4.870000000000000107e+00,5.190000000000000391e+00,1.639999999999999902e+00,2.029999999999999805e+00,4.030000000000000249e+00,3.020000000000000018e+00,7.730000000000000426e+00,0.000000000000000000e+00,0.000000000000000000e+00,1.649999999999999911e+00,6.980000000000000426e+00,1.239999999999999991e+00,5.879999999999999893e+00,4.250000000000000000e+00,6.080000000000000071e+00,3.140000000000000124e+00,5.599999999999999645e+00,1.138000000000000078e+01,3.089999999999999858e+00,1.360000000000000098e+00,0.000000000000000000e+00,3.100000000000000089e+00,1.481000000000000050e+01,2.740000000000000213e+00,6.019999999999999574e+00,2.589999999999999858e+00,1.272000000000000064e+01,4.769999999999999574e+00,2.830000000000000071e+00,3.720000000000000195e+00,4.080000000000000071e+00,5.540000000000000036e+00,8.699999999999999289e+00,2.439999999999999947e+00,5.679999999999999716e+00,0.000000000000000000e+00,0.000000000000000000e+00,0.000000000000000000e+00,2.158999999999999986e+01,1.514000000000000057e+01,2.560000000000000053e+00,1.851999999999999957e+01,5.830000000000000071e+00,0.000000000000000000e+00,4.650000000000000355e+00,2.819999999999999840e+00,6.837000000000000455e+01,2.120000000000000107e+00,1.842000000000000171e+01,5.672999999999999687e+01,6.919999999999999929e+00,2.979999999999999982e+00,4.209999999999999964e+00,2.160000000000000142e+00,8.050000000000000711e+00,1.116000000000000014e+01,1.751000000000000156e+01,1.982999999999999829e+01,3.609999999999999876e+00,4.410000000000000142e+00,2.189999999999999947e+00,8.832999999999999829e+01,5.950000000000000178e+00,1.550000000000000044e+00,8.130000000000000782e+00,2.503999999999999915e+01,2.923999999999999844e+01,7.967000000000000171e+01,2.325000000000000000e+01,8.550000000000000711e+00,1.725000000000000000e+01,5.179999999999999716e+00,4.599999999999999645e+00,1.148000000000000043e+01,2.700000000000000178e+00,3.700000000000000178e+00,2.950000000000000178e+00,2.750000000000000000e+00,2.020000000000000018e+00,7.709999999999999964e+00,3.300000000000000155e-01,0.000000000000000000e+00,0.000000000000000000e+00,8.999999999999999667e-02,6.299999999999999822e+00,1.233000000000000007e+01,1.559999999999999964e+01,0.000000000000000000e+00,1.133000000000000007e+01,5.379999999999999893e+00,1.060000000000000053e+00,6.790000000000000036e+00,9.462000000000000455e+01,8.740999999999999659e+01,3.999000000000000199e+01,2.020000000000000018e+00,0.000000000000000000e+00,3.879999999999999893e+00,2.569999999999999840e+00,2.359999999999999876e+00
